label,n,p,k,ph,temperature,rainfall,humidity,soil_moisture,soil_type,organic_carbon,sunlight_hours,wind_speed,region,altitude,season,irrigation_type,fertilizer,pesticide,yield
maize,132,62,22,6.35,22.97,1305.68,53.89,59.78,Clay,0.43,7.73,15.96,Central,36,Rabi,Canal,223.48,23.36,11.42
potato,122,71,66,5.98,17.0,1942.05,76.9,25.54,Sandy,0.65,9.25,12.6,North,1561,Rabi,Canal,161.54,4.42,23.19
rice,44,35,104,8.07,25.52,2216.2,44.78,25.87,Sandy,0.79,8.5,15.63,North,1870,Rabi,Rainfed,184.62,6.29,7.94
sugarcane,136,96,113,4.83,18.59,607.18,31.89,42.97,Silt,0.45,8.75,5.49,East,765,Kharif,Rainfed,274.02,2.72,72.53
wheat,101,34,42,5.84,22.74,483.47,46.27,48.01,Silt,0.69,8.0,7.44,Central,1143,Zaid,Rainfed,72.69,15.37,6.72
rice,50,29,22,6.87,13.88,1993.65,68.91,32.73,Silt,1.2,10.17,11.25,East,1739,Kharif,Canal,335.8,3.8,8.67
potato,132,83,148,7.46,14.92,2433.33,87.21,40.98,Silt,0.92,10.28,13.82,East,1360,Rabi,Canal,301.54,2.84,26.96
rice,151,91,86,7.58,28.42,1499.4,53.74,26.39,Sandy,0.85,8.24,17.7,North,1348,Kharif,Rainfed,317.16,19.71,9.51
cotton,104,65,90,4.96,26.96,1881.33,77.85,21.8,Silt,0.86,9.12,2.16,East,54,Rabi,Sprinkler,253.49,17.82,7.01
sugarcane,117,90,86,7.21,15.14,1045.25,42.03,26.91,Clay,1.29,7.24,10.21,North,57,Rabi,Sprinkler,231.33,21.83,75.1
cotton,146,76,74,7.25,18.84,2486.29,81.11,60.82,Loamy,1.59,5.89,10.32,North,744,Zaid,Rainfed,159.4,14.14,7.54
maize,129,99,50,5.53,16.64,2228.76,75.93,55.09,Clay,1.07,8.45,16.4,North,267,Kharif,Canal,147.2,6.43,8.02
maize,133,51,85,5.18,33.92,1767.96,56.89,22.01,Loamy,1.28,9.71,5.01,West,1474,Zaid,Sprinkler,85.79,18.41,7.09
potato,160,20,120,7.35,20.94,1066.5,83.69,17.33,Sandy,0.78,5.84,3.71,North,34,Zaid,Rainfed,69.79,11.88,23.0
potato,179,85,83,5.65,22.18,1395.15,32.27,19.66,Loamy,1.42,8.38,9.2,Central,1878,Kharif,Rainfed,75.71,11.95,25.45
wheat,82,40,50,4.81,29.95,998.65,77.15,29.67,Silt,0.85,8.36,13.34,South,255,Zaid,Canal,111.93,4.82,6.89
potato,31,22,136,5.56,19.77,1378.81,32.11,55.57,Sandy,1.52,10.43,17.52,East,1550,Zaid,Drip,106.97,18.8,21.58
maize,117,87,85,4.91,21.33,424.46,81.9,31.07,Silt,1.27,9.31,10.72,Central,1582,Zaid,Drip,287.75,21.63,8.81
rice,67,18,66,5.65,33.94,564.12,40.61,24.28,Clay,1.22,9.68,13.33,North,1304,Zaid,Sprinkler,90.49,10.42,5.55
cotton,159,35,41,5.94,33.84,843.05,32.3,34.79,Clay,0.68,8.0,5.73,Central,1132,Zaid,Rainfed,282.08,5.22,8.71
rice,50,45,113,5.72,28.14,2559.99,48.53,21.2,Silt,1.33,9.09,12.5,Central,752,Rabi,Canal,187.62,3.49,7.7
rice,87,35,102,7.93,26.77,1463.51,40.72,38.51,Loamy,0.44,5.71,5.12,Central,130,Rabi,Canal,338.35,3.1,9.21
sugarcane,51,39,65,5.59,15.43,1501.43,69.11,48.78,Clay,1.0,8.06,9.42,West,1681,Zaid,Canal,235.21,8.19,75.13
potato,118,29,108,6.39,24.2,1621.79,58.34,33.44,Loamy,1.26,8.64,1.79,South,1145,Kharif,Rainfed,221.81,19.81,26.69
wheat,78,49,138,8.06,18.23,1550.47,37.78,23.68,Clay,1.45,9.84,6.5,West,1760,Rabi,Rainfed,246.43,22.92,8.19
potato,88,63,65,7.79,31.89,515.52,84.97,37.66,Silt,1.04,5.16,14.29,North,1585,Zaid,Rainfed,203.21,20.04,24.9
sugarcane,44,57,20,5.85,28.84,1108.74,52.07,53.12,Silt,0.64,6.29,2.15,Central,1601,Kharif,Rainfed,225.57,9.48,73.6
potato,80,55,115,5.91,21.33,468.7,46.97,18.83,Clay,1.4,9.54,6.41,South,1703,Kharif,Sprinkler,264.76,15.87,24.25
sugarcane,137,51,80,6.82,26.05,474.07,71.88,18.55,Clay,1.3,7.04,3.9,Central,2022,Zaid,Sprinkler,304.68,3.39,75.45
maize,84,71,124,7.92,22.63,493.05,53.61,30.91,Loamy,0.5,7.39,11.67,North,1022,Kharif,Canal,327.35,18.9,10.23
maize,93,56,100,4.83,14.39,2543.59,38.73,35.75,Loamy,1.43,8.34,13.64,East,231,Zaid,Canal,259.6,16.69,8.44
sugarcane,160,61,33,6.14,33.42,847.42,64.94,25.82,Loamy,1.55,9.09,2.87,East,523,Kharif,Rainfed,326.09,11.65,75.78
wheat,80,75,64,7.69,36.95,468.3,31.82,16.35,Silt,1.0,6.02,9.89,South,255,Rabi,Canal,217.8,18.89,5.64
sugarcane,164,28,96,6.2,37.91,307.14,67.63,25.98,Clay,0.35,10.05,12.58,Central,1412,Zaid,Drip,128.45,17.69,73.16
potato,50,82,85,7.25,33.68,1833.16,82.05,36.77,Sandy,1.49,6.55,17.83,Central,278,Kharif,Canal,158.23,22.49,23.21
rice,102,67,51,7.15,34.65,1842.44,45.72,18.97,Loamy,0.46,5.83,4.7,Central,2006,Zaid,Sprinkler,310.38,12.33,10.28
wheat,47,98,115,5.5,11.67,962.35,81.14,50.79,Sandy,1.12,8.9,2.25,East,390,Zaid,Sprinkler,246.68,20.34,8.99
rice,161,48,77,6.33,33.46,1000.17,44.7,42.61,Silt,0.82,6.52,5.38,West,1489,Rabi,Rainfed,140.83,15.47,9.48
wheat,118,90,123,6.73,19.1,1145.48,42.15,36.72,Loamy,1.59,7.54,10.53,East,1590,Kharif,Canal,227.45,17.76,10.53
potato,89,38,75,7.23,14.13,1185.24,72.92,40.94,Loamy,1.49,6.31,11.76,Central,1490,Zaid,Drip,252.56,3.69,22.95
wheat,43,34,86,7.6,25.66,2242.51,33.93,47.79,Sandy,1.32,9.97,7.44,East,2047,Rabi,Drip,349.51,8.5,9.77
maize,38,83,137,7.38,27.11,2649.01,32.44,64.74,Sandy,0.56,7.5,8.38,West,1790,Rabi,Rainfed,206.91,5.7,11.0
sugarcane,119,44,57,4.9,24.54,1770.52,57.36,53.76,Clay,1.21,4.46,10.31,East,925,Kharif,Sprinkler,321.39,2.99,75.51
rice,82,21,131,7.08,29.58,1280.08,32.05,42.02,Sandy,1.04,4.4,3.64,West,946,Zaid,Canal,158.52,12.98,7.86
wheat,159,50,73,6.49,31.43,1036.98,59.8,53.53,Silt,0.48,6.55,17.35,East,109,Kharif,Drip,245.11,3.72,11.45
rice,113,52,53,6.75,14.11,2373.72,68.97,38.76,Loamy,1.33,6.85,12.44,North,338,Kharif,Sprinkler,289.75,5.17,10.81
rice,121,94,58,6.07,28.51,525.2,43.69,30.55,Sandy,0.41,4.26,9.86,East,340,Rabi,Rainfed,330.02,12.02,9.97
rice,140,66,131,7.23,11.63,1382.97,83.93,28.1,Silt,0.93,9.97,13.44,North,648,Rabi,Canal,199.87,14.38,9.27
potato,37,29,107,7.09,23.46,1963.25,42.02,34.97,Sandy,0.85,7.55,2.68,West,1117,Zaid,Sprinkler,307.98,6.23,28.05
potato,64,60,67,6.77,13.0,926.39,44.25,15.11,Sandy,1.35,7.83,14.37,North,630,Zaid,Drip,212.02,3.29,23.79
potato,110,37,68,7.73,23.49,636.41,84.78,23.85,Sandy,0.86,8.56,4.28,West,2132,Rabi,Drip,247.98,19.01,23.37
maize,79,26,53,5.15,15.26,1929.48,71.25,21.33,Clay,1.2,5.52,2.36,South,1890,Kharif,Canal,130.08,18.37,9.4
rice,133,58,119,5.82,32.03,1798.85,61.72,63.02,Loamy,0.92,7.66,16.04,South,1184,Kharif,Rainfed,299.02,5.95,12.68
cotton,161,29,37,6.48,36.99,1848.23,49.81,18.24,Loamy,1.06,5.56,12.94,West,720,Kharif,Canal,340.82,18.26,9.86
rice,31,63,89,8.06,15.09,2745.54,76.14,40.05,Loamy,0.61,6.91,1.65,East,1634,Kharif,Rainfed,285.67,5.59,10.07
wheat,163,35,133,5.04,32.1,1107.5,65.3,60.99,Clay,0.56,8.39,16.84,North,1396,Rabi,Sprinkler,138.24,15.64,8.25
maize,83,29,53,5.95,14.38,2764.55,50.52,45.38,Sandy,1.22,5.65,17.97,Central,528,Kharif,Rainfed,81.3,17.55,9.93
maize,135,28,70,7.95,23.01,417.14,79.56,39.76,Loamy,0.46,10.19,11.52,East,1546,Kharif,Canal,76.99,8.66,6.42
sugarcane,33,56,124,7.85,28.77,401.03,77.68,52.15,Loamy,0.53,6.06,3.49,North,956,Rabi,Sprinkler,267.4,6.63,75.98
potato,83,94,112,7.74,26.13,2446.63,86.45,32.67,Sandy,1.52,6.13,9.77,West,1143,Rabi,Sprinkler,288.33,14.62,26.52
rice,175,29,88,5.85,11.71,1104.92,89.69,24.69,Loamy,0.63,10.45,12.52,West,760,Zaid,Sprinkler,253.03,0.94,8.04
potato,73,77,108,7.68,20.88,1193.15,30.69,57.36,Sandy,0.72,6.72,4.15,West,631,Zaid,Rainfed,253.83,24.48,24.65
maize,43,82,122,6.52,24.1,427.93,49.21,17.83,Clay,1.12,4.96,7.58,East,1542,Zaid,Rainfed,326.5,1.37,10.82
potato,124,41,102,6.91,21.74,305.94,41.56,55.39,Loamy,0.87,6.99,2.85,East,1116,Zaid,Sprinkler,189.05,23.25,23.52
maize,77,67,30,5.61,29.96,1882.29,42.82,20.17,Loamy,1.03,6.37,10.87,North,1641,Rabi,Canal,203.24,24.81,8.37
cotton,44,66,55,7.2,36.65,1606.74,81.89,46.28,Sandy,0.49,7.47,6.84,South,1597,Zaid,Drip,130.99,3.08,5.58
sugarcane,69,77,101,5.91,30.03,2119.33,88.5,38.85,Silt,1.17,8.29,7.0,West,101,Rabi,Drip,349.95,13.98,77.11
wheat,111,87,57,5.97,27.7,868.73,86.4,64.93,Clay,0.5,6.31,8.82,East,1811,Rabi,Sprinkler,333.85,17.22,8.94
wheat,140,67,108,6.97,14.47,2418.67,71.79,34.4,Loamy,1.27,8.98,5.3,Central,571,Rabi,Drip,128.07,20.1,9.91
sugarcane,82,71,20,5.62,20.47,955.52,63.3,62.86,Sandy,0.98,6.12,11.49,South,298,Zaid,Rainfed,126.04,1.2,73.72
potato,53,66,123,5.56,26.45,1419.78,68.28,35.19,Clay,1.36,9.87,12.42,North,1777,Zaid,Canal,284.13,9.14,27.06
sugarcane,153,57,84,6.06,38.02,1220.4,81.34,49.09,Sandy,0.52,10.73,5.27,West,52,Kharif,Drip,113.85,5.45,74.59
wheat,70,21,20,7.45,19.14,2437.96,30.42,47.18,Silt,0.79,4.1,14.1,South,2018,Kharif,Sprinkler,118.53,22.18,8.88
sugarcane,44,56,144,5.56,20.14,2352.53,55.7,19.32,Loamy,1.4,4.82,1.91,Central,1389,Zaid,Sprinkler,308.0,24.3,76.42
cotton,74,18,79,7.48,27.69,1404.25,60.39,52.17,Silt,1.34,7.57,12.76,East,1346,Kharif,Rainfed,232.29,16.17,8.46
cotton,94,83,44,7.17,36.99,1193.61,85.41,25.43,Loamy,1.56,8.36,8.39,South,1768,Zaid,Sprinkler,141.17,15.6,4.93
wheat,118,19,110,7.11,26.3,2263.65,40.32,34.42,Silt,0.59,10.37,11.57,East,404,Zaid,Sprinkler,176.54,11.3,9.96
rice,100,89,69,6.41,15.23,834.64,74.66,54.11,Loamy,1.0,8.41,7.77,East,673,Zaid,Sprinkler,109.77,5.2,8.31
rice,38,94,111,7.34,12.26,2652.35,85.44,62.22,Sandy,0.32,10.05,7.42,East,2004,Rabi,Rainfed,231.99,5.03,10.6
cotton,117,55,51,4.85,36.67,1094.92,75.84,42.99,Clay,1.55,7.66,3.44,East,867,Kharif,Canal,105.2,10.7,4.98
potato,158,18,52,5.84,30.1,1458.46,30.62,40.97,Loamy,0.53,8.83,13.12,Central,1602,Zaid,Rainfed,152.58,3.58,22.96
maize,165,16,45,7.11,16.62,2320.76,69.57,40.25,Loamy,1.48,10.46,6.1,East,1315,Zaid,Rainfed,341.01,9.39,13.21
maize,92,81,61,8.16,31.74,2287.88,42.57,55.83,Sandy,1.18,8.74,8.32,West,362,Kharif,Rainfed,224.74,17.19,11.97
wheat,168,35,80,4.81,31.59,2032.83,66.31,64.66,Silt,1.52,7.38,13.89,Central,1261,Zaid,Rainfed,160.76,22.09,7.78
rice,110,84,60,6.53,33.16,589.52,64.27,46.68,Loamy,0.62,8.15,4.91,Central,1185,Rabi,Drip,328.4,13.84,10.39
wheat,165,57,149,7.94,36.77,905.44,87.42,33.93,Silt,0.75,7.01,8.66,North,1413,Zaid,Drip,167.27,13.46,6.72
rice,62,96,118,7.74,14.56,2083.86,41.42,25.93,Sandy,0.51,5.05,6.43,East,938,Zaid,Canal,270.29,4.82,9.26
cotton,152,83,117,4.88,38.7,2448.51,33.03,24.94,Loamy,0.85,9.39,13.16,South,1838,Kharif,Rainfed,155.43,20.22,7.16
maize,34,23,50,6.6,39.96,720.52,66.68,57.81,Clay,1.53,6.9,17.36,Central,1922,Rabi,Canal,147.89,14.66,9.84
rice,70,98,134,4.81,10.43,2772.95,50.64,64.62,Loamy,1.04,4.66,17.16,North,2178,Rabi,Rainfed,197.29,23.91,9.13
sugarcane,57,42,67,7.48,12.74,1853.02,75.01,49.9,Sandy,0.84,8.93,9.45,South,1187,Kharif,Canal,221.51,16.22,74.67
sugarcane,164,40,21,5.85,23.02,2353.06,89.59,62.79,Silt,0.72,9.35,3.87,South,338,Kharif,Canal,184.6,14.89,76.56
cotton,101,96,120,7.4,11.03,2263.79,54.08,32.5,Loamy,1.06,4.74,17.42,Central,1231,Zaid,Canal,301.42,7.28,9.49
potato,41,97,147,8.01,32.05,568.07,39.11,46.38,Sandy,1.24,7.19,16.15,South,128,Kharif,Rainfed,260.77,15.13,24.82
wheat,62,17,78,8.12,29.52,1156.57,63.25,40.58,Sandy,0.83,7.37,3.69,East,327,Kharif,Rainfed,339.02,16.66,7.71
potato,77,87,139,7.84,33.28,1446.04,50.77,39.1,Sandy,0.6,5.64,5.65,East,988,Kharif,Canal,171.07,7.26,24.3
wheat,91,63,57,5.49,39.95,950.16,77.68,46.62,Silt,1.06,9.59,2.89,South,1323,Rabi,Canal,216.97,1.48,7.9
maize,66,31,126,5.46,38.0,2005.98,62.06,30.52,Silt,0.78,7.72,17.25,East,118,Zaid,Sprinkler,311.39,17.14,11.08
potato,128,77,40,6.93,19.0,1703.6,84.49,47.03,Clay,1.59,8.01,2.2,East,2186,Zaid,Canal,139.5,12.49,24.44
sugarcane,133,69,61,6.65,21.89,2752.35,80.29,48.64,Clay,0.87,6.51,7.7,Central,508,Zaid,Rainfed,277.19,9.76,79.11
sugarcane,64,37,29,4.83,33.28,756.79,84.85,56.81,Loamy,0.86,5.72,15.25,North,487,Kharif,Drip,231.42,17.94,72.4
sugarcane,130,48,52,6.13,21.64,1702.9,47.94,51.52,Sandy,1.39,9.62,10.23,South,881,Rabi,Canal,231.63,18.41,76.07
sugarcane,160,83,88,7.88,30.96,2550.33,84.17,30.99,Clay,0.63,7.73,9.78,East,51,Zaid,Drip,136.05,8.1,75.77
potato,30,29,99,7.85,37.56,398.92,81.99,37.54,Silt,0.39,5.69,7.51,West,31,Rabi,Rainfed,138.28,1.45,25.16
rice,34,61,120,5.49,22.18,1544.25,67.62,21.02,Sandy,1.41,6.98,1.15,North,750,Rabi,Drip,330.15,5.15,8.8
wheat,171,17,48,6.1,26.82,832.5,84.63,27.86,Loamy,1.07,7.89,3.54,West,840,Zaid,Drip,71.8,23.06,7.08
wheat,132,97,72,6.71,35.24,2695.6,33.25,41.05,Sandy,0.64,7.89,10.82,South,1021,Rabi,Drip,217.98,7.35,12.76
maize,56,42,143,7.7,24.33,1963.52,77.14,20.04,Clay,0.75,7.9,14.64,Central,515,Rabi,Canal,260.21,3.79,8.39
rice,166,17,61,6.61,18.67,982.33,38.73,43.53,Clay,0.85,5.18,12.0,Central,820,Zaid,Sprinkler,112.55,21.82,8.8
rice,44,18,66,8.09,17.75,2774.6,50.45,34.51,Sandy,1.18,7.88,13.92,North,1716,Kharif,Rainfed,214.5,0.97,8.92
rice,119,45,30,7.52,12.16,845.69,73.78,16.74,Silt,0.91,6.42,4.51,South,596,Zaid,Drip,321.98,20.19,7.45
sugarcane,71,59,102,8.04,19.91,1127.52,42.58,36.72,Sandy,0.81,7.97,10.56,East,189,Kharif,Rainfed,294.99,19.36,74.92
potato,153,73,128,7.29,30.58,1987.88,43.87,29.06,Sandy,1.31,8.67,7.31,South,393,Kharif,Rainfed,315.46,14.16,27.89
wheat,92,59,46,7.78,11.77,1718.76,42.72,18.35,Sandy,0.39,5.61,6.68,Central,2112,Kharif,Canal,180.68,15.91,6.14
rice,125,89,81,7.63,18.23,2361.2,57.37,29.67,Sandy,1.15,4.84,8.22,West,1549,Zaid,Canal,238.87,4.13,9.99
sugarcane,81,51,122,5.66,13.35,1973.26,34.86,29.7,Sandy,0.88,8.23,15.81,East,107,Rabi,Canal,113.86,14.16,74.61
cotton,125,79,63,5.58,22.13,1745.45,83.19,32.75,Silt,0.74,8.85,16.05,West,980,Zaid,Drip,310.63,13.58,8.94
potato,161,23,112,7.74,12.8,1138.8,73.78,33.32,Loamy,1.51,10.06,14.4,West,260,Zaid,Sprinkler,104.04,4.47,22.17
maize,172,31,49,5.09,32.38,1039.57,60.81,36.49,Loamy,1.31,5.72,7.39,West,1713,Rabi,Rainfed,95.01,18.55,7.91
potato,58,79,138,6.19,37.84,544.9,35.05,19.6,Clay,0.59,4.87,1.41,East,2023,Rabi,Canal,296.3,0.91,25.37
sugarcane,65,17,48,7.59,15.77,1307.37,37.46,15.26,Silt,1.15,10.81,7.24,Central,463,Zaid,Sprinkler,163.81,8.88,72.39
cotton,42,40,49,7.57,17.52,2272.91,35.91,51.8,Sandy,1.37,4.28,15.03,Central,318,Kharif,Rainfed,273.62,16.27,9.33
cotton,100,67,123,5.27,14.8,1011.27,30.88,31.87,Silt,1.59,6.91,2.67,North,1094,Rabi,Drip,342.29,20.0,9.5
potato,115,45,129,6.46,15.62,2502.81,70.03,45.68,Loamy,1.21,7.45,12.36,West,315,Kharif,Sprinkler,159.15,14.18,26.93
cotton,57,40,51,6.43,19.35,2303.39,60.61,30.35,Sandy,1.2,8.98,15.6,West,1829,Kharif,Sprinkler,334.51,22.99,7.67
potato,95,37,70,5.9,18.44,2794.08,52.92,64.21,Silt,1.1,9.68,8.95,North,231,Kharif,Rainfed,135.69,9.18,26.01
rice,74,44,55,7.92,21.56,2114.5,50.85,30.77,Clay,0.35,7.9,1.72,East,219,Zaid,Canal,284.53,24.14,11.18
rice,91,24,74,7.02,25.75,423.08,57.68,45.25,Loamy,1.06,4.2,9.55,North,819,Rabi,Rainfed,221.05,5.76,8.57
rice,163,86,55,8.13,31.83,1783.55,58.5,26.0,Sandy,1.35,10.99,12.77,South,2121,Rabi,Sprinkler,284.46,12.02,7.77
potato,57,78,75,5.03,36.53,1054.44,38.34,40.89,Sandy,0.81,8.48,12.16,East,1403,Kharif,Canal,129.81,22.94,22.82
maize,57,36,55,6.14,23.78,2671.32,61.89,43.97,Sandy,1.06,9.82,9.7,South,1725,Rabi,Rainfed,286.98,13.75,11.62
maize,137,29,108,7.64,37.27,2080.17,32.88,24.14,Sandy,1.5,6.9,11.25,South,866,Zaid,Sprinkler,269.46,16.01,9.74
maize,73,70,81,6.24,30.39,2256.89,86.32,21.18,Sandy,0.52,4.37,5.7,West,2124,Kharif,Canal,90.3,22.99,9.58
rice,113,88,128,5.69,31.87,1703.38,72.85,63.68,Sandy,0.66,4.58,4.61,East,1424,Kharif,Drip,240.33,23.59,12.26
cotton,59,34,106,8.19,25.67,2717.44,30.57,59.66,Silt,0.44,9.4,16.07,North,562,Rabi,Drip,171.66,5.55,7.23
cotton,104,61,83,7.77,25.7,726.59,47.33,48.0,Clay,0.95,5.49,5.91,Central,2122,Zaid,Drip,313.31,19.81,7.24
sugarcane,157,67,76,6.66,25.96,1273.23,88.96,58.05,Silt,1.39,9.99,12.77,West,1525,Kharif,Drip,156.84,23.93,75.33
sugarcane,121,67,132,6.71,24.76,1550.12,32.91,19.78,Silt,0.87,5.77,4.13,Central,530,Zaid,Drip,266.12,0.95,76.18
wheat,158,15,89,4.82,23.77,1683.49,38.8,51.47,Sandy,0.39,5.81,8.31,West,319,Zaid,Rainfed,232.14,12.56,8.62
maize,150,16,39,8.14,33.24,2240.92,58.63,29.28,Sandy,0.64,4.69,3.41,South,1692,Rabi,Rainfed,239.28,21.07,9.51
maize,56,72,73,7.54,21.63,2121.27,51.21,41.97,Silt,1.46,4.98,6.01,Central,283,Zaid,Drip,99.94,10.49,10.51
wheat,150,33,20,4.92,16.2,436.86,89.11,53.24,Loamy,1.02,4.89,4.05,East,1796,Zaid,Drip,129.15,12.23,7.25
wheat,145,76,109,5.4,14.07,2109.34,62.38,16.67,Sandy,1.49,4.3,17.25,East,1061,Zaid,Sprinkler,247.53,23.89,7.9
potato,32,92,132,7.59,36.39,955.86,86.47,49.74,Sandy,1.38,5.66,1.27,East,855,Zaid,Sprinkler,70.26,17.09,22.43
wheat,132,86,32,5.1,35.89,1340.22,52.61,36.74,Loamy,0.84,4.16,6.91,East,116,Rabi,Drip,320.33,15.48,8.89
potato,166,26,129,8.0,17.31,1425.46,46.33,36.98,Silt,1.12,8.92,11.7,West,26,Zaid,Rainfed,268.49,19.47,24.64
sugarcane,91,40,110,8.2,13.55,2033.93,47.31,60.36,Loamy,1.16,8.31,15.93,East,1385,Kharif,Sprinkler,82.03,19.82,73.06
wheat,80,41,114,7.81,38.81,2003.27,68.2,57.99,Sandy,1.27,5.21,17.94,Central,1681,Kharif,Rainfed,229.61,19.43,9.71
sugarcane,88,43,62,7.31,24.46,1246.21,66.24,17.88,Clay,0.73,10.04,11.35,South,1885,Rabi,Drip,348.62,5.93,74.43
rice,147,29,93,6.46,12.8,2333.09,63.22,45.92,Loamy,0.68,6.0,16.61,Central,928,Zaid,Drip,85.49,0.11,9.01
potato,125,60,33,5.08,16.46,603.71,41.34,36.79,Loamy,1.19,7.75,17.12,North,560,Zaid,Canal,66.71,13.96,21.79
potato,142,15,118,7.28,31.11,881.8,45.81,20.89,Sandy,1.36,9.68,10.13,North,108,Zaid,Drip,164.09,1.13,22.89
potato,91,74,128,6.15,12.44,1361.74,47.35,57.55,Loamy,0.84,6.58,2.97,East,1900,Rabi,Sprinkler,196.81,0.04,26.94
sugarcane,81,71,115,6.74,22.99,847.13,81.97,18.58,Sandy,0.72,5.76,9.53,East,785,Rabi,Sprinkler,221.81,24.89,74.83
sugarcane,41,17,77,5.8,22.83,2618.96,79.04,16.6,Clay,1.37,10.02,9.23,East,1957,Zaid,Rainfed,191.63,14.51,75.41
sugarcane,68,32,115,5.62,30.57,2619.5,42.3,24.88,Clay,1.19,4.52,10.32,North,571,Rabi,Rainfed,247.88,17.26,77.75
wheat,159,66,57,5.9,15.98,726.52,38.79,30.17,Silt,0.75,8.55,6.99,Central,1615,Rabi,Drip,285.25,24.72,8.77
potato,160,74,83,7.57,39.51,1333.1,36.13,18.04,Sandy,0.99,9.87,12.37,East,2075,Zaid,Drip,77.54,10.26,23.31
rice,142,48,28,6.25,14.66,2780.0,34.06,47.07,Clay,1.55,8.97,8.9,West,924,Zaid,Sprinkler,181.88,22.1,10.13
wheat,130,74,140,5.86,27.95,348.55,89.08,36.86,Sandy,1.27,6.62,10.71,North,1897,Zaid,Rainfed,102.49,18.14,7.58
rice,142,40,51,6.27,19.84,408.23,78.68,35.61,Loamy,0.59,10.66,6.13,Central,1026,Kharif,Sprinkler,248.98,7.92,9.8
maize,110,86,30,4.91,13.99,2407.32,31.02,22.27,Loamy,0.68,4.95,8.48,North,2166,Rabi,Sprinkler,254.87,2.11,11.15
wheat,142,33,124,7.83,26.17,1255.44,30.4,36.89,Sandy,0.64,8.98,13.13,West,1990,Kharif,Canal,296.35,15.85,9.06
potato,31,36,101,6.68,15.09,2126.87,71.4,34.51,Sandy,1.4,9.03,2.82,West,514,Kharif,Canal,307.31,24.48,26.73
rice,159,47,56,5.16,30.4,1845.52,48.68,34.18,Loamy,1.13,8.29,14.62,Central,1863,Kharif,Sprinkler,348.96,13.86,10.66
cotton,83,52,101,5.78,10.97,2035.8,35.94,25.93,Sandy,1.52,7.4,8.19,South,1438,Zaid,Rainfed,79.76,23.87,6.7
cotton,116,49,31,8.14,25.31,793.49,57.84,19.72,Loamy,0.42,10.67,17.58,East,90,Zaid,Canal,307.25,1.98,8.65
wheat,158,81,23,6.82,16.57,1667.73,31.13,28.04,Silt,0.37,7.26,10.03,West,47,Zaid,Rainfed,330.39,23.38,10.44
wheat,176,97,62,5.79,38.5,1915.79,55.49,48.36,Silt,1.18,6.33,1.97,South,1792,Zaid,Sprinkler,332.51,23.46,11.85
wheat,155,24,70,6.25,31.32,1680.41,44.25,18.65,Silt,0.65,7.6,9.69,East,464,Zaid,Canal,70.56,9.89,8.38
maize,159,29,24,5.68,32.66,2661.73,45.89,34.12,Sandy,1.18,9.61,10.0,South,351,Rabi,Sprinkler,251.18,2.49,9.24
sugarcane,82,25,106,4.91,31.16,340.72,47.17,40.72,Loamy,1.24,5.14,12.33,West,759,Rabi,Drip,309.74,24.12,73.9
cotton,97,38,125,7.66,29.98,836.73,48.46,63.16,Clay,0.7,6.59,3.8,Central,1783,Rabi,Rainfed,114.5,21.94,6.26
sugarcane,152,91,75,5.79,14.14,484.07,31.2,57.19,Clay,1.54,7.96,9.1,West,1188,Rabi,Sprinkler,227.1,23.98,75.04
maize,174,18,129,7.65,39.92,2708.64,64.21,60.83,Loamy,1.31,9.9,7.58,West,596,Rabi,Drip,193.87,7.1,12.33
potato,67,27,87,6.43,29.72,884.93,62.87,56.0,Loamy,0.78,6.8,16.6,East,1492,Rabi,Sprinkler,113.19,7.85,24.56
potato,53,87,115,5.42,36.92,2150.8,69.05,44.46,Loamy,0.84,7.85,6.03,North,1988,Zaid,Canal,173.54,12.44,25.17
wheat,98,71,63,7.53,25.11,664.15,39.59,58.04,Loamy,1.23,4.86,1.31,Central,1889,Rabi,Canal,147.49,14.57,9.74
rice,145,51,109,6.08,18.58,430.46,89.69,43.26,Loamy,0.7,4.66,9.45,East,1079,Kharif,Rainfed,306.41,14.66,11.08
potato,127,62,61,7.21,23.12,777.46,38.15,32.89,Clay,0.68,5.49,17.37,West,1864,Rabi,Rainfed,272.65,5.29,24.31
wheat,168,85,92,7.65,21.97,990.5,78.69,33.62,Silt,1.11,8.8,11.92,Central,1909,Zaid,Drip,61.92,0.72,5.14
cotton,173,15,30,8.07,10.48,1445.69,43.22,43.27,Loamy,0.48,5.48,11.21,North,930,Zaid,Rainfed,221.52,23.09,6.81
rice,126,74,77,5.09,30.25,355.56,56.34,55.47,Sandy,1.59,10.14,15.15,Central,1270,Rabi,Canal,69.24,18.64,6.62
sugarcane,153,26,147,4.83,32.13,1843.19,49.45,21.68,Silt,0.67,10.29,3.64,West,687,Zaid,Canal,327.48,2.96,75.59
wheat,99,35,40,6.66,11.23,1940.64,48.46,16.96,Clay,0.8,5.86,7.01,Central,845,Zaid,Rainfed,71.13,15.42,6.43
potato,122,25,40,5.7,17.38,1027.32,59.19,54.48,Loamy,0.59,4.74,4.54,West,341,Rabi,Drip,113.26,4.78,24.52
rice,32,58,91,6.39,29.93,962.14,44.38,47.38,Sandy,1.14,6.88,7.53,Central,1832,Kharif,Sprinkler,118.76,1.01,6.86
wheat,177,72,148,5.05,19.66,775.99,62.81,56.07,Clay,0.38,9.56,1.96,Central,118,Rabi,Drip,292.9,4.29,11.59
rice,176,58,121,6.51,38.02,838.0,45.04,63.83,Silt,1.51,4.75,7.98,Central,970,Zaid,Drip,195.71,18.1,11.02
rice,119,92,32,5.22,13.38,1925.85,88.38,27.57,Silt,0.7,4.69,3.51,North,1595,Kharif,Sprinkler,108.5,12.33,8.68
wheat,176,48,92,7.65,37.84,1814.43,44.36,24.71,Sandy,1.51,5.71,11.55,West,285,Kharif,Rainfed,100.1,7.27,9.88
potato,177,39,25,7.38,37.42,2587.18,75.88,32.05,Loamy,0.63,8.85,9.17,West,1507,Kharif,Drip,169.09,18.71,26.0
sugarcane,125,18,131,5.05,38.67,2368.73,58.18,58.9,Sandy,0.97,6.62,12.35,North,1542,Kharif,Drip,224.68,11.91,76.2
maize,81,78,36,7.64,12.32,1739.94,32.28,15.7,Sandy,1.2,9.16,8.51,West,67,Zaid,Canal,290.7,9.09,9.53
rice,157,30,92,5.9,18.17,718.46,39.16,15.53,Clay,1.1,6.83,11.65,North,674,Zaid,Sprinkler,284.82,1.93,8.9
cotton,68,24,31,6.0,17.54,1108.92,85.71,25.84,Sandy,0.97,4.55,2.7,Central,1348,Rabi,Sprinkler,71.52,2.96,4.53
wheat,111,80,105,5.41,36.56,1490.01,79.22,33.8,Sandy,1.33,10.99,3.8,North,2039,Kharif,Drip,248.19,6.76,8.8
rice,133,49,141,7.64,34.22,1351.75,38.65,30.12,Silt,0.91,8.77,17.45,South,1875,Rabi,Rainfed,64.67,6.76,6.31
maize,158,97,89,6.18,14.77,461.03,33.06,56.25,Clay,0.73,8.42,15.28,West,1522,Kharif,Sprinkler,225.35,5.29,11.7
rice,40,20,127,4.97,14.24,1195.58,39.16,49.49,Loamy,1.23,7.45,10.5,North,750,Rabi,Sprinkler,111.05,2.55,7.57
rice,71,33,71,8.09,24.22,769.19,65.04,56.89,Silt,1.52,4.58,17.98,Central,1725,Kharif,Canal,309.63,15.43,7.68
rice,128,73,56,5.67,15.2,1737.22,68.01,34.19,Sandy,1.08,10.9,1.61,South,784,Kharif,Sprinkler,171.22,12.28,10.21
maize,36,67,136,7.98,24.28,2626.11,52.73,44.79,Loamy,0.66,7.26,17.62,South,1982,Rabi,Rainfed,303.96,15.87,11.54
rice,173,22,22,5.82,35.34,649.6,46.85,40.77,Clay,1.29,4.29,2.02,North,990,Zaid,Canal,325.3,11.86,9.12
maize,119,92,27,7.63,25.0,2452.84,42.41,38.74,Silt,1.29,6.4,11.92,Central,1985,Zaid,Rainfed,175.99,15.1,9.77
wheat,141,24,66,7.06,31.73,955.3,56.33,29.41,Loamy,0.65,4.23,10.92,North,1291,Zaid,Canal,232.21,21.52,7.64
potato,89,81,83,7.73,17.5,2022.34,31.35,50.46,Sandy,0.8,7.55,15.88,Central,1485,Rabi,Sprinkler,330.19,1.3,29.28
maize,142,52,61,8.12,17.97,1818.45,30.52,41.2,Sandy,0.48,9.28,10.93,South,2072,Rabi,Rainfed,131.19,13.97,9.88
sugarcane,31,43,62,7.76,27.81,845.38,77.87,18.93,Loamy,0.4,10.7,4.75,South,1301,Kharif,Sprinkler,85.82,7.36,72.95
cotton,158,29,144,6.17,35.57,1223.54,61.82,15.03,Silt,1.35,9.9,4.66,West,1802,Rabi,Rainfed,210.14,4.89,7.52
sugarcane,77,37,33,7.57,25.93,1666.87,76.87,16.02,Loamy,0.78,5.9,13.48,Central,124,Kharif,Drip,219.79,6.92,72.89
cotton,169,96,110,7.22,15.95,2579.73,36.84,18.8,Sandy,0.67,6.43,15.18,Central,2163,Zaid,Sprinkler,185.69,21.7,6.38
wheat,66,60,21,5.01,16.53,760.73,78.92,33.55,Clay,0.63,7.64,9.26,West,119,Zaid,Rainfed,341.0,21.51,7.64
rice,38,97,134,7.96,28.51,1159.29,85.36,30.28,Silt,0.4,8.8,14.71,Central,407,Kharif,Canal,182.27,2.95,9.65
sugarcane,128,42,20,6.38,13.1,2785.99,62.0,22.83,Sandy,1.58,9.15,3.66,South,1342,Kharif,Rainfed,221.57,22.32,76.17
potato,176,40,94,5.26,11.96,2274.01,36.33,40.77,Sandy,0.78,9.95,10.04,North,1413,Kharif,Canal,77.1,18.62,24.84
sugarcane,77,24,84,6.25,13.08,1260.54,37.39,63.51,Loamy,0.51,5.57,9.12,West,717,Zaid,Drip,72.7,0.82,74.25
sugarcane,160,61,144,6.85,21.77,655.48,41.65,23.03,Sandy,1.42,4.78,15.1,North,376,Kharif,Sprinkler,228.91,18.94,74.93
maize,177,18,85,6.75,20.63,1551.85,41.12,27.53,Silt,1.24,5.24,16.62,East,1150,Kharif,Rainfed,325.95,0.38,11.29
rice,83,69,91,6.75,10.06,1759.44,86.69,38.11,Loamy,1.16,10.6,2.93,Central,948,Rabi,Canal,298.51,11.37,11.47
cotton,149,80,135,5.67,14.85,945.86,78.02,47.04,Clay,0.69,4.93,10.91,West,239,Kharif,Sprinkler,223.53,6.51,6.22
potato,145,81,140,6.95,20.43,2080.06,49.09,45.01,Sandy,0.84,6.23,8.07,East,1982,Rabi,Rainfed,205.43,13.59,27.47
wheat,104,21,66,7.89,22.9,1652.61,78.99,41.06,Silt,1.39,5.37,9.11,Central,672,Zaid,Sprinkler,281.72,20.56,8.67
cotton,142,69,109,6.12,22.07,1217.52,76.33,51.86,Silt,1.13,4.78,15.18,North,350,Rabi,Rainfed,60.57,1.2,6.42
cotton,133,94,59,6.94,19.59,1024.13,51.32,57.3,Clay,0.75,7.69,12.4,North,1497,Kharif,Drip,175.44,7.92,5.83
rice,113,45,61,5.63,34.36,1012.4,31.8,64.95,Silt,0.44,6.66,9.64,West,1784,Zaid,Canal,88.28,11.45,8.54
potato,141,88,54,4.96,22.48,2274.57,30.52,38.28,Silt,1.47,9.09,10.55,North,1245,Kharif,Rainfed,201.32,19.75,24.88
sugarcane,128,33,60,6.79,29.33,1545.48,49.54,64.75,Clay,1.54,6.75,15.53,North,777,Rabi,Canal,284.5,10.0,76.49
maize,122,42,104,4.96,34.97,1007.34,32.72,51.52,Sandy,1.23,7.89,15.23,Central,1249,Kharif,Sprinkler,199.59,2.91,8.12
maize,175,95,143,7.26,35.61,2271.14,37.27,47.87,Silt,1.2,9.74,6.82,North,549,Kharif,Drip,147.38,1.21,10.51
potato,157,42,76,7.08,35.71,354.53,45.27,46.98,Loamy,1.0,7.69,2.93,North,605,Zaid,Rainfed,195.18,15.32,24.53
maize,139,33,57,6.06,24.84,2788.38,40.74,60.54,Silt,1.56,7.06,3.66,West,365,Rabi,Sprinkler,162.29,1.48,11.95
sugarcane,111,34,115,6.2,29.84,2521.74,38.69,62.4,Loamy,1.2,4.93,6.48,East,1222,Zaid,Rainfed,107.47,20.51,75.72
wheat,83,27,82,7.92,19.44,2157.41,45.73,23.92,Silt,0.4,7.92,17.41,North,1865,Rabi,Canal,278.99,20.37,6.66
cotton,97,91,106,4.84,35.86,965.99,74.21,39.67,Sandy,0.42,4.69,16.85,East,945,Rabi,Drip,117.87,24.84,7.26
cotton,62,57,71,6.72,16.4,2524.7,56.67,62.07,Silt,1.55,4.73,16.32,West,1030,Zaid,Rainfed,301.11,12.01,10.41
rice,171,25,57,7.94,33.63,2341.28,69.79,34.11,Loamy,1.53,7.16,10.58,East,968,Zaid,Canal,247.29,8.92,8.95
rice,50,62,106,7.91,24.09,2303.45,85.73,26.63,Silt,1.03,7.64,9.46,West,2181,Rabi,Rainfed,296.36,23.97,10.09
cotton,77,29,24,6.79,18.96,738.36,30.08,20.13,Loamy,0.58,9.23,5.23,Central,259,Zaid,Drip,99.9,20.04,4.36
sugarcane,177,31,139,6.1,21.39,1838.68,87.07,44.86,Clay,1.06,7.2,12.54,Central,670,Zaid,Canal,172.85,5.91,75.79
sugarcane,157,68,89,5.14,27.65,2549.99,46.75,50.01,Silt,1.29,8.35,15.97,Central,1629,Zaid,Rainfed,97.63,20.65,75.5
wheat,165,64,132,5.39,37.9,1561.14,47.25,24.78,Silt,0.31,10.44,15.29,North,455,Zaid,Sprinkler,60.13,21.46,6.13
cotton,164,42,43,7.11,12.93,1678.94,67.76,48.68,Loamy,1.37,10.58,13.93,Central,968,Rabi,Drip,279.25,21.53,9.57
cotton,174,97,105,4.86,37.58,1319.42,51.65,59.98,Loamy,0.9,5.85,5.15,East,571,Zaid,Drip,343.56,20.8,8.88
potato,157,18,45,7.8,34.47,1974.9,34.83,27.18,Sandy,0.9,7.19,10.79,East,1772,Zaid,Canal,246.39,7.52,24.31
sugarcane,62,36,22,6.8,27.62,2450.87,72.69,21.1,Clay,0.86,7.72,4.82,North,845,Zaid,Canal,91.62,8.33,73.93
potato,144,53,21,4.95,13.91,1576.11,40.99,56.77,Loamy,1.2,7.13,14.67,North,712,Zaid,Sprinkler,325.43,22.22,26.63
potato,148,48,111,5.62,34.37,2722.44,85.76,60.82,Sandy,0.57,10.74,16.68,South,607,Zaid,Canal,250.25,6.22,25.2
wheat,51,58,21,6.82,30.72,1308.92,89.27,25.74,Loamy,1.09,6.03,16.94,East,1443,Kharif,Canal,308.0,10.56,9.68
maize,67,56,90,4.92,24.92,603.49,40.87,51.07,Clay,0.36,7.63,16.64,South,1739,Kharif,Drip,253.51,2.06,8.97
maize,138,54,23,7.45,36.58,336.42,75.22,44.55,Clay,1.35,4.88,5.84,North,9,Zaid,Rainfed,202.92,18.4,8.33
rice,80,26,57,7.93,29.93,1747.58,89.51,26.96,Clay,1.36,8.41,4.57,East,497,Kharif,Canal,81.98,14.11,9.13
maize,37,16,122,8.07,18.66,2333.52,87.32,56.18,Clay,0.71,6.3,2.4,Central,170,Kharif,Canal,82.96,17.13,8.93
rice,56,42,89,7.29,11.31,2421.14,63.89,38.52,Silt,0.44,9.64,13.74,Central,1092,Kharif,Canal,342.32,7.92,11.59
wheat,56,88,71,7.71,32.78,2709.32,48.72,50.02,Clay,1.27,4.91,17.36,North,664,Kharif,Rainfed,92.47,18.11,6.76
wheat,50,95,50,6.88,17.66,1615.76,30.7,30.07,Clay,0.91,10.16,3.02,West,480,Zaid,Drip,267.83,13.94,9.55
rice,59,81,55,6.36,18.42,825.49,83.89,55.79,Sandy,1.5,7.01,9.12,North,320,Kharif,Drip,136.31,24.45,7.66
cotton,126,85,134,7.22,23.49,1995.65,32.14,28.21,Clay,0.76,6.85,5.64,East,2148,Rabi,Canal,341.58,0.11,10.81
maize,57,86,93,5.56,32.5,2532.3,64.59,33.24,Loamy,1.39,9.34,13.4,North,432,Rabi,Drip,207.31,16.39,9.9
cotton,140,98,37,5.17,37.73,764.22,41.17,34.57,Loamy,0.33,6.12,15.7,North,1975,Kharif,Drip,148.77,5.82,6.06
wheat,90,90,34,7.39,16.49,1169.68,44.52,25.32,Loamy,1.3,10.0,6.96,Central,1773,Zaid,Sprinkler,149.89,3.49,7.41
rice,77,95,116,8.06,36.46,2257.88,31.4,58.72,Silt,1.18,5.94,12.63,East,1339,Kharif,Drip,186.1,14.13,10.79
wheat,176,24,24,6.76,28.13,886.64,32.21,20.67,Loamy,0.98,9.12,7.77,North,2178,Zaid,Canal,64.25,9.79,6.62
wheat,33,71,56,6.44,35.67,2546.49,51.01,43.16,Clay,1.48,4.39,17.13,Central,1865,Zaid,Canal,161.45,12.85,9.17
rice,64,51,123,6.62,35.45,2405.86,82.65,55.71,Silt,1.52,8.91,1.04,East,225,Kharif,Rainfed,114.33,6.41,10.11
maize,78,91,105,6.43,21.77,1562.79,63.95,44.05,Clay,1.51,5.84,14.06,Central,629,Rabi,Sprinkler,345.56,19.3,11.42
maize,46,78,34,6.3,30.34,2794.31,62.3,31.34,Sandy,1.08,9.09,1.73,Central,2043,Zaid,Drip,154.8,15.97,11.48
maize,75,93,36,8.02,38.4,1037.94,67.22,54.07,Clay,0.98,9.79,13.32,North,1008,Kharif,Canal,109.61,14.57,8.98
sugarcane,146,54,70,6.43,30.17,2628.67,62.12,39.96,Loamy,0.65,5.19,17.15,West,122,Rabi,Drip,342.56,17.77,78.61
potato,35,74,64,5.08,23.74,1027.45,48.25,23.15,Sandy,0.51,5.17,16.05,North,696,Zaid,Rainfed,90.91,18.97,21.97
rice,128,62,141,7.4,21.16,2036.47,82.8,30.84,Sandy,1.02,9.22,3.02,East,2108,Zaid,Drip,262.46,13.91,11.01
wheat,153,33,101,6.13,14.3,2188.02,58.54,44.6,Sandy,0.49,5.19,2.24,Central,1622,Zaid,Canal,89.63,3.4,9.93
maize,66,86,108,7.22,39.96,1926.08,75.16,47.94,Sandy,0.52,4.14,16.62,West,417,Rabi,Rainfed,63.2,6.56,8.24
sugarcane,53,47,120,6.77,29.73,1641.17,84.72,42.41,Silt,0.76,4.43,5.67,East,1664,Kharif,Sprinkler,285.22,2.58,75.46
wheat,122,58,59,7.22,18.3,1931.59,30.22,28.6,Clay,0.54,4.18,3.99,South,1880,Kharif,Canal,72.45,4.09,6.57
sugarcane,75,51,62,5.01,12.23,357.85,58.69,44.69,Sandy,0.95,10.35,4.97,Central,992,Zaid,Drip,181.36,1.95,72.73
sugarcane,124,50,92,4.92,32.62,2502.7,66.28,31.62,Silt,1.16,10.06,10.11,East,414,Rabi,Canal,270.03,13.22,76.83
maize,128,95,42,6.09,35.65,1632.02,60.14,26.25,Silt,1.21,7.89,2.16,South,1612,Rabi,Drip,257.78,17.71,12.33
sugarcane,145,35,114,7.16,22.83,1510.56,84.14,62.28,Silt,0.99,7.59,1.45,West,244,Kharif,Sprinkler,67.61,3.65,74.69
potato,96,16,36,5.56,38.68,1736.73,86.4,30.74,Clay,0.98,5.71,10.97,Central,50,Zaid,Drip,68.1,1.15,23.62
cotton,157,45,131,6.27,19.85,1726.77,38.06,31.78,Sandy,0.92,7.5,8.42,East,2145,Zaid,Rainfed,165.24,11.38,7.26
rice,47,44,122,8.13,32.68,2122.39,48.15,59.84,Clay,0.62,10.52,16.29,West,1386,Kharif,Sprinkler,313.54,24.25,9.23
rice,54,90,77,5.53,17.89,518.64,45.83,22.13,Silt,1.15,7.99,10.5,West,1670,Kharif,Rainfed,321.39,15.02,8.11
sugarcane,83,58,105,7.68,20.08,2651.88,59.81,44.23,Silt,1.15,4.4,10.89,South,763,Rabi,Drip,201.47,20.3,76.02
wheat,87,26,54,7.61,28.16,2651.73,52.93,54.19,Clay,0.63,4.26,16.62,East,428,Rabi,Rainfed,107.45,5.05,8.13
wheat,96,65,49,7.83,11.1,331.35,51.55,28.68,Silt,1.21,10.1,2.61,West,892,Kharif,Canal,275.28,23.18,9.38
sugarcane,133,63,123,7.91,16.32,1610.4,62.03,57.2,Silt,1.42,5.52,8.79,South,2065,Kharif,Rainfed,154.12,10.88,74.78
potato,53,38,141,6.52,15.29,2132.09,59.4,53.48,Loamy,1.07,4.03,7.84,East,866,Zaid,Drip,342.91,7.47,27.23
rice,143,38,53,7.12,19.84,999.29,57.92,39.3,Silt,0.45,9.21,14.28,South,1118,Zaid,Drip,286.05,13.08,9.77
wheat,61,74,75,6.9,33.32,1897.78,36.79,20.94,Clay,0.73,9.74,8.14,East,1024,Zaid,Canal,88.14,19.94,8.32
potato,115,25,44,5.85,37.23,1939.92,62.36,63.51,Sandy,0.42,6.0,9.23,East,1277,Rabi,Canal,288.52,19.7,26.51
maize,156,27,134,5.75,10.38,843.18,33.54,46.21,Sandy,0.69,9.82,9.01,Central,559,Rabi,Drip,304.41,9.58,8.93
cotton,159,86,32,5.96,17.72,826.4,66.98,40.85,Clay,0.58,9.63,14.46,East,57,Zaid,Sprinkler,174.0,4.4,5.12
wheat,46,88,82,5.54,10.76,2181.0,67.41,59.27,Clay,1.02,7.41,12.43,East,294,Kharif,Sprinkler,97.1,3.68,9.0
wheat,133,86,121,7.38,35.84,2073.4,45.64,36.07,Silt,0.85,10.57,8.26,South,511,Zaid,Drip,211.96,6.76,10.44
sugarcane,166,78,141,8.08,15.96,2457.86,38.12,43.18,Clay,1.24,9.91,2.22,West,2186,Rabi,Drip,279.15,23.22,78.31
cotton,72,34,139,7.75,33.12,2509.92,77.9,57.92,Clay,0.77,4.21,15.18,West,1050,Rabi,Drip,349.3,5.33,10.92
potato,68,86,30,5.54,11.0,695.06,76.22,34.65,Silt,0.5,10.3,17.88,West,321,Kharif,Canal,322.8,15.65,24.92
wheat,55,87,128,4.98,21.95,2307.92,86.76,53.62,Loamy,0.61,7.79,13.64,West,1648,Zaid,Drip,325.82,6.5,10.6
rice,128,85,123,7.37,20.76,1959.97,56.78,27.81,Loamy,1.01,7.28,8.36,North,1757,Rabi,Canal,276.94,20.84,12.35
potato,79,92,130,6.13,19.88,1912.13,48.93,50.12,Silt,0.88,10.7,7.69,Central,778,Kharif,Canal,285.22,17.3,27.07
rice,42,42,88,7.6,27.11,975.7,48.16,40.52,Loamy,0.36,5.99,11.16,North,126,Rabi,Canal,165.16,21.28,8.9
potato,89,16,121,7.45,21.74,2372.62,40.81,23.25,Loamy,0.57,7.07,4.63,Central,594,Zaid,Sprinkler,97.01,11.41,22.94
maize,164,57,21,6.93,22.1,2774.78,50.98,21.8,Silt,0.69,5.29,3.66,South,616,Zaid,Rainfed,349.51,14.36,11.85
rice,86,22,56,5.67,15.68,707.38,37.67,37.88,Loamy,1.24,10.1,2.91,West,1593,Kharif,Rainfed,67.07,5.83,7.38
wheat,65,27,137,5.15,22.44,2149.52,82.32,50.54,Clay,1.25,4.47,17.47,South,1960,Kharif,Drip,211.65,2.97,8.21
rice,49,99,68,5.66,32.23,1249.5,50.81,45.16,Loamy,1.21,4.11,12.22,South,946,Rabi,Drip,250.67,22.29,9.77
rice,94,49,94,6.53,19.69,769.79,62.84,57.74,Loamy,1.36,5.06,10.44,North,1692,Rabi,Sprinkler,205.89,7.11,10.71
cotton,37,37,94,8.13,35.71,646.12,34.0,34.48,Clay,1.44,8.43,16.01,North,39,Kharif,Sprinkler,207.52,18.29,4.22
rice,173,60,53,5.02,14.98,821.82,46.84,57.18,Clay,0.39,4.82,6.59,Central,423,Zaid,Sprinkler,197.66,5.26,8.29
wheat,171,29,77,5.48,35.4,2429.05,43.41,16.85,Sandy,0.94,10.44,9.67,South,757,Rabi,Rainfed,230.34,10.19,6.72
wheat,144,16,130,6.93,28.47,1670.03,83.22,33.29,Silt,0.49,8.75,3.39,South,820,Zaid,Canal,195.09,24.71,9.32
rice,172,75,115,5.83,22.71,2529.74,40.8,18.65,Sandy,0.76,8.78,11.31,Central,1993,Rabi,Sprinkler,224.83,2.67,10.99
maize,121,90,79,7.72,11.06,2572.29,77.73,60.96,Sandy,1.16,10.81,16.27,North,1475,Zaid,Sprinkler,82.57,5.8,10.44
cotton,127,78,51,5.27,13.8,676.66,46.96,38.77,Loamy,1.08,4.4,13.7,West,108,Zaid,Drip,174.01,18.35,6.05
cotton,95,66,125,8.07,22.43,1871.6,42.67,30.81,Clay,0.47,8.57,10.74,North,2195,Rabi,Canal,336.15,2.72,8.58
wheat,61,50,52,7.9,36.34,427.99,30.58,39.62,Sandy,1.28,10.29,9.85,South,939,Kharif,Rainfed,217.18,21.18,7.02
cotton,115,81,62,7.82,38.7,984.44,47.49,41.64,Silt,1.32,8.32,11.23,North,793,Zaid,Canal,339.95,0.62,7.71
cotton,80,83,131,5.39,37.89,733.23,34.22,57.31,Sandy,0.48,7.22,11.69,South,2029,Kharif,Drip,162.79,12.57,6.91
maize,92,81,126,5.92,18.22,2396.79,51.73,42.12,Loamy,1.1,4.16,11.41,North,246,Kharif,Drip,79.57,9.42,10.95
cotton,154,61,28,7.53,17.7,1211.95,33.17,36.57,Sandy,1.53,5.2,8.94,West,1413,Rabi,Rainfed,65.58,3.22,3.3
maize,179,97,133,7.55,32.19,2783.66,33.85,63.07,Clay,0.42,10.45,11.64,West,1849,Kharif,Sprinkler,322.03,16.1,14.07
rice,87,16,144,7.2,38.22,653.18,51.27,63.43,Clay,0.51,10.85,9.86,North,1532,Kharif,Drip,144.82,24.12,9.13
cotton,87,58,39,6.32,14.0,870.93,56.88,16.92,Silt,1.3,7.45,8.18,West,31,Rabi,Drip,135.93,14.73,4.43
rice,115,78,60,5.86,21.33,1912.37,49.94,50.34,Sandy,0.74,10.29,9.87,West,649,Rabi,Rainfed,320.79,4.99,10.1
rice,78,95,63,8.07,35.09,2721.87,31.42,33.59,Clay,1.54,7.35,14.95,West,984,Rabi,Drip,108.08,2.45,9.69
sugarcane,99,92,144,5.27,24.76,2133.49,40.69,48.76,Sandy,1.11,5.11,16.43,Central,1585,Rabi,Rainfed,186.94,20.01,76.6
maize,44,42,54,4.95,35.27,614.45,86.34,46.85,Sandy,0.93,4.6,11.86,West,1316,Zaid,Rainfed,335.32,21.19,9.79
maize,83,68,77,4.83,13.5,1336.4,64.3,31.51,Clay,0.74,9.83,15.65,North,558,Zaid,Canal,244.37,15.27,7.93
maize,130,88,67,7.44,33.31,2790.35,81.24,64.33,Clay,0.61,10.57,1.08,East,675,Zaid,Drip,339.37,0.2,14.97
sugarcane,37,81,77,4.99,21.69,473.54,33.08,32.86,Loamy,1.15,6.87,16.99,North,1475,Kharif,Drip,130.05,2.44,72.15
potato,82,50,120,6.63,30.79,1013.46,30.45,46.6,Loamy,1.07,4.89,1.14,West,1914,Rabi,Rainfed,142.67,17.29,25.53
maize,89,77,76,6.05,18.79,610.99,76.91,55.67,Silt,0.77,9.93,16.9,North,1733,Zaid,Rainfed,256.1,7.43,8.31
potato,137,39,83,5.3,30.76,2351.09,53.07,22.27,Silt,1.49,6.4,4.05,Central,723,Zaid,Sprinkler,348.02,6.93,27.35
wheat,34,62,81,7.32,31.06,2384.02,52.15,30.03,Silt,1.29,7.41,2.58,North,1306,Zaid,Drip,256.73,9.4,10.84
wheat,132,53,102,4.99,22.58,1159.12,44.29,24.95,Sandy,0.64,10.95,16.05,West,2107,Zaid,Rainfed,269.84,20.0,7.78
maize,35,61,132,5.88,39.08,1139.81,39.63,54.09,Silt,1.53,8.75,1.28,South,1094,Zaid,Drip,112.77,19.72,9.04
rice,138,35,131,6.71,10.01,2333.63,79.71,55.06,Clay,1.28,9.05,15.06,West,680,Zaid,Sprinkler,297.04,6.55,11.78
rice,145,44,81,6.17,30.23,694.17,33.68,27.8,Silt,1.47,5.97,4.44,North,591,Kharif,Canal,268.11,18.92,9.41
sugarcane,123,45,113,5.68,37.26,2355.13,59.9,15.21,Sandy,0.48,5.8,7.79,East,926,Rabi,Drip,195.25,6.8,74.74
potato,76,40,104,7.95,35.72,541.74,51.63,36.17,Loamy,0.34,6.06,1.14,North,474,Kharif,Rainfed,225.15,4.39,24.7
sugarcane,128,36,45,7.97,26.94,1036.86,46.53,49.36,Sandy,0.94,8.19,17.52,East,502,Rabi,Sprinkler,240.85,22.76,72.12
maize,84,35,140,6.21,36.87,1559.49,75.64,46.13,Clay,0.88,10.56,8.53,South,611,Rabi,Sprinkler,83.47,10.73,9.15
sugarcane,81,15,69,6.14,13.24,601.79,82.74,37.28,Silt,1.43,8.8,8.37,Central,1692,Kharif,Rainfed,340.96,15.66,75.2
wheat,173,51,134,5.85,26.3,486.64,41.7,30.1,Silt,0.52,6.01,1.39,North,407,Rabi,Sprinkler,237.09,3.81,8.39
wheat,42,91,55,7.71,39.44,975.08,34.62,38.72,Clay,0.33,8.49,4.16,East,541,Zaid,Rainfed,221.61,2.62,6.84
wheat,143,99,52,6.73,39.75,1765.59,52.5,15.76,Silt,0.99,4.97,4.32,South,695,Kharif,Drip,216.88,18.65,9.42
maize,153,60,142,5.1,30.37,2333.29,56.41,18.69,Loamy,0.53,6.99,1.19,West,1334,Zaid,Drip,343.85,18.85,13.47
wheat,135,23,119,7.7,15.03,2131.03,33.19,23.13,Sandy,0.36,10.22,3.9,Central,353,Kharif,Rainfed,323.66,16.56,9.11
rice,176,31,87,6.62,13.39,1668.83,58.2,46.27,Sandy,0.33,5.74,16.98,South,1257,Rabi,Sprinkler,132.02,11.18,12.02
sugarcane,174,61,92,6.21,37.67,1952.77,87.07,25.94,Clay,0.49,7.91,10.91,North,1514,Kharif,Sprinkler,70.07,21.54,74.58
cotton,149,99,42,5.95,36.42,1643.59,53.14,36.17,Loamy,0.79,4.54,1.3,West,1119,Zaid,Rainfed,281.55,1.5,9.4
cotton,92,73,89,5.14,19.46,1652.82,84.0,46.07,Clay,1.45,4.61,4.66,North,1729,Kharif,Sprinkler,125.62,19.99,6.79
rice,48,68,74,8.05,37.95,340.06,80.91,56.53,Clay,1.29,4.48,8.04,Central,2150,Zaid,Sprinkler,101.33,6.95,6.51
wheat,121,26,129,7.32,13.92,1257.76,56.19,42.48,Loamy,0.99,5.47,3.92,West,1533,Zaid,Drip,349.76,22.63,9.78
wheat,87,78,28,5.25,18.83,1696.92,72.39,23.86,Clay,0.86,7.19,3.67,South,527,Rabi,Rainfed,176.86,5.06,7.41
potato,119,20,148,6.54,29.32,1785.68,42.54,62.59,Sandy,0.89,10.4,17.3,West,1063,Rabi,Canal,275.48,3.04,27.05
cotton,146,67,127,6.69,15.12,1569.36,38.11,19.5,Silt,1.45,6.44,17.87,West,100,Zaid,Rainfed,152.29,7.6,6.54
rice,91,30,87,5.37,39.67,2045.46,30.13,33.36,Sandy,1.24,8.42,11.6,North,1062,Kharif,Drip,67.36,8.04,8.71
wheat,52,19,85,6.25,16.68,1220.7,34.4,61.07,Silt,0.52,7.89,15.73,East,127,Rabi,Canal,126.6,16.43,6.94
wheat,156,87,72,7.0,17.36,657.37,67.7,45.12,Silt,1.52,5.02,8.4,Central,586,Zaid,Drip,81.29,3.87,6.01
wheat,166,60,147,5.77,24.24,379.73,83.12,48.13,Sandy,1.3,7.32,1.1,West,1755,Kharif,Drip,95.92,7.57,9.0
sugarcane,169,28,84,5.93,33.35,1725.04,88.67,30.08,Clay,0.34,4.98,10.92,West,1795,Zaid,Drip,291.28,15.14,76.49
sugarcane,158,58,83,5.21,13.61,1543.09,58.95,18.93,Loamy,0.95,6.16,3.82,West,865,Rabi,Canal,328.61,7.14,75.32
maize,87,77,87,6.21,30.02,889.75,38.43,33.29,Silt,1.15,4.71,10.8,North,202,Zaid,Canal,339.46,9.92,9.76
cotton,151,66,81,6.79,12.98,853.82,30.01,35.11,Loamy,0.38,5.52,16.16,West,961,Kharif,Sprinkler,175.52,3.29,6.36
rice,30,40,100,5.2,12.84,1753.42,89.09,28.51,Loamy,0.76,6.6,13.75,West,2182,Zaid,Drip,142.59,2.78,6.51
cotton,63,67,90,6.89,11.24,567.21,79.07,25.77,Silt,1.14,8.37,5.39,South,63,Kharif,Sprinkler,290.39,18.53,5.96
maize,125,43,133,6.15,26.34,639.74,61.42,32.78,Loamy,1.36,4.96,14.76,Central,901,Rabi,Canal,195.54,1.66,11.52
cotton,155,33,71,7.11,23.08,921.97,44.74,46.97,Loamy,1.57,8.16,13.09,West,356,Zaid,Rainfed,298.32,24.14,8.37
sugarcane,147,61,135,5.87,19.22,2511.61,61.06,62.45,Clay,0.46,5.7,16.9,West,436,Zaid,Rainfed,304.7,17.75,76.61
wheat,77,22,144,6.73,25.81,2062.86,80.31,50.19,Loamy,1.12,4.46,11.56,West,1055,Kharif,Canal,339.15,19.62,11.23
wheat,118,37,146,6.88,25.06,1693.83,63.36,53.98,Sandy,1.46,10.42,17.67,North,236,Rabi,Rainfed,157.52,12.13,8.61
wheat,146,49,84,7.15,24.22,1222.91,89.73,30.3,Silt,1.23,4.35,9.97,East,794,Rabi,Canal,140.33,5.5,7.9
maize,158,67,149,7.37,15.17,1344.01,36.4,20.23,Clay,1.12,9.89,9.93,North,1751,Zaid,Rainfed,217.25,23.37,7.92
wheat,45,72,41,5.26,36.91,729.74,88.95,29.58,Sandy,0.58,9.04,1.32,East,2006,Rabi,Sprinkler,201.07,24.43,8.5
wheat,98,19,95,8.08,28.6,2401.51,65.08,35.13,Loamy,1.36,6.04,16.92,West,1419,Rabi,Drip,335.56,24.3,10.18
sugarcane,51,30,113,7.67,13.82,754.8,64.08,49.49,Loamy,1.03,9.02,8.33,South,229,Rabi,Drip,155.96,8.59,72.59
wheat,122,31,90,6.71,17.66,2201.56,51.55,61.97,Sandy,0.44,5.84,15.76,North,966,Rabi,Sprinkler,270.45,9.17,10.61
potato,105,46,125,7.83,32.94,898.68,32.45,55.46,Sandy,1.52,9.56,7.56,East,1980,Kharif,Rainfed,164.32,8.18,21.85
rice,173,66,69,6.1,33.29,2191.56,75.63,28.32,Clay,1.58,4.7,16.77,West,1725,Zaid,Sprinkler,64.54,3.39,9.44
maize,115,34,121,4.92,31.77,1059.93,46.55,56.02,Loamy,1.0,4.23,17.14,East,1769,Kharif,Canal,80.72,15.22,8.5
cotton,58,80,132,7.27,33.71,2753.15,51.0,35.59,Loamy,1.31,4.97,1.36,West,838,Rabi,Drip,102.48,19.14,7.65
rice,98,98,49,8.01,27.95,2599.8,62.02,23.77,Loamy,1.06,9.03,13.05,North,490,Zaid,Canal,178.16,21.69,7.82
cotton,76,96,31,5.35,18.66,2490.72,33.42,38.06,Sandy,0.85,10.77,1.55,North,1805,Rabi,Rainfed,258.68,11.29,11.1
potato,123,15,101,6.99,20.73,752.89,30.65,43.16,Loamy,0.83,8.57,2.67,East,404,Rabi,Sprinkler,169.02,1.28,25.31
cotton,173,72,65,7.57,25.29,509.66,36.3,53.17,Silt,1.55,10.14,1.69,West,488,Kharif,Sprinkler,295.75,8.93,7.92
cotton,114,97,149,7.88,17.38,2710.42,74.12,32.49,Silt,0.78,4.19,1.52,North,1296,Kharif,Rainfed,332.99,3.98,9.89
wheat,68,58,116,5.74,35.6,1389.33,41.43,22.34,Clay,0.94,6.87,7.99,Central,2125,Kharif,Drip,328.65,13.59,10.34
maize,129,20,99,5.24,32.41,2489.39,60.86,19.72,Clay,0.62,8.03,8.69,North,1074,Rabi,Drip,67.37,17.19,9.22
sugarcane,62,64,73,5.64,39.4,1517.34,41.15,20.62,Sandy,0.63,6.84,8.97,West,1791,Kharif,Sprinkler,65.35,9.81,72.87
potato,130,86,54,6.76,22.46,1922.91,47.08,62.5,Silt,0.76,9.0,3.65,Central,953,Kharif,Canal,281.03,21.07,27.96
sugarcane,52,34,71,7.92,36.12,2188.56,32.28,62.59,Sandy,1.5,5.55,5.55,North,1799,Rabi,Sprinkler,241.22,18.5,73.88
maize,39,28,103,6.78,33.37,1636.72,51.99,63.44,Clay,0.82,5.84,13.81,West,774,Rabi,Canal,149.09,7.74,9.5
rice,98,19,91,7.93,34.96,2642.67,38.18,30.12,Sandy,1.02,7.55,6.95,East,1969,Kharif,Drip,325.3,1.58,9.78
maize,129,55,45,7.42,30.64,419.99,63.49,24.58,Sandy,1.01,8.65,5.43,East,459,Rabi,Drip,73.85,9.21,5.56
cotton,63,54,80,6.83,20.47,2387.34,80.17,64.05,Loamy,1.06,4.91,6.75,North,892,Zaid,Sprinkler,133.91,17.7,7.98
sugarcane,167,48,56,4.87,17.32,2019.5,82.7,64.41,Clay,1.37,6.1,16.21,West,1319,Kharif,Sprinkler,137.47,21.55,75.02
wheat,176,94,114,5.93,18.17,1126.65,86.0,18.92,Loamy,1.47,5.97,16.15,West,992,Zaid,Rainfed,90.18,14.57,7.42
sugarcane,125,59,30,5.0,27.01,1475.49,37.43,52.63,Clay,0.57,7.39,8.44,West,1025,Zaid,Canal,223.48,7.22,74.18
potato,30,85,60,5.9,36.39,1479.72,60.99,29.43,Loamy,1.42,10.75,15.59,West,1424,Kharif,Rainfed,104.63,6.04,21.68
sugarcane,98,94,85,5.01,23.47,407.62,36.89,60.46,Clay,1.01,6.74,7.24,East,364,Rabi,Drip,251.52,1.84,74.68
cotton,33,85,88,5.37,27.97,1638.09,48.39,19.46,Clay,1.5,10.01,2.33,Central,255,Kharif,Rainfed,258.32,3.24,7.07
cotton,45,41,78,6.2,32.01,465.16,43.88,59.43,Silt,1.49,6.8,8.71,East,138,Zaid,Sprinkler,247.81,22.51,8.44
sugarcane,53,92,85,6.55,35.66,1590.21,30.75,15.13,Clay,0.81,6.27,16.39,East,607,Zaid,Drip,275.95,3.12,75.22
sugarcane,109,92,87,5.54,29.45,837.82,85.91,41.1,Sandy,1.15,4.64,2.16,North,1695,Zaid,Sprinkler,348.4,11.94,76.15
rice,31,58,31,7.29,28.88,2384.02,76.9,31.78,Silt,1.43,8.97,5.22,East,2102,Zaid,Drip,293.82,1.53,11.3
cotton,157,47,87,6.81,39.63,473.58,61.14,36.37,Loamy,0.8,6.02,1.85,East,2146,Rabi,Sprinkler,193.21,1.63,7.87
potato,113,47,92,7.15,35.87,1037.55,50.69,36.69,Sandy,0.36,8.91,13.92,South,1267,Rabi,Canal,144.23,10.08,23.65
rice,169,58,25,7.29,32.0,1321.42,54.7,47.68,Sandy,0.77,6.56,14.79,North,822,Kharif,Sprinkler,123.31,2.23,9.87
rice,153,34,34,7.27,34.96,1805.38,42.31,16.15,Clay,0.78,4.11,16.18,Central,1520,Kharif,Canal,304.35,22.19,11.08
wheat,62,50,61,7.98,40.0,2768.8,88.09,49.57,Clay,1.35,5.11,2.38,North,1930,Kharif,Rainfed,287.19,2.15,10.4
rice,130,21,50,5.61,25.17,623.45,47.13,16.11,Sandy,0.7,9.44,12.09,North,1187,Zaid,Drip,92.32,18.44,5.66
cotton,41,46,25,5.72,31.17,1231.93,34.48,24.26,Silt,1.46,5.52,9.96,South,1546,Zaid,Canal,333.54,21.1,7.31
potato,96,81,52,5.12,34.4,2002.72,63.87,45.34,Sandy,1.01,5.61,5.4,South,1821,Rabi,Drip,213.91,10.18,25.14
cotton,94,53,40,6.81,23.33,1234.51,74.93,19.32,Sandy,1.06,6.33,12.53,East,519,Kharif,Drip,94.12,2.28,5.2
sugarcane,103,38,143,6.14,38.65,902.0,88.28,64.55,Clay,1.35,5.29,1.29,West,2054,Rabi,Sprinkler,340.29,2.65,77.08
rice,72,84,113,6.49,21.47,2337.3,67.29,54.22,Clay,0.47,7.77,3.14,West,457,Kharif,Canal,180.97,23.66,10.53
wheat,73,68,119,5.38,17.29,768.41,41.06,50.28,Clay,0.32,7.6,16.52,East,519,Zaid,Drip,197.71,15.53,7.46
maize,58,52,74,7.01,30.31,1141.29,53.47,28.38,Loamy,0.37,8.42,11.86,Central,1540,Zaid,Canal,260.58,1.74,8.68
potato,170,88,83,6.9,12.42,901.22,49.0,17.43,Sandy,0.34,10.77,2.84,Central,1459,Rabi,Canal,160.11,15.33,24.1
sugarcane,41,94,105,5.7,13.8,2701.53,31.17,63.94,Sandy,1.21,4.84,12.17,South,412,Kharif,Drip,72.04,1.57,76.05
sugarcane,124,89,41,6.38,39.11,2390.66,53.53,22.39,Loamy,0.62,6.69,5.36,East,1860,Rabi,Sprinkler,253.02,12.06,75.63
wheat,75,46,79,7.84,18.45,1452.43,77.98,56.53,Sandy,1.41,7.5,6.73,North,465,Kharif,Canal,164.08,22.13,8.18
cotton,159,59,123,7.43,10.99,2400.33,54.32,24.88,Sandy,1.45,10.33,2.86,North,43,Kharif,Canal,243.04,12.79,10.2
wheat,64,75,66,5.57,24.24,2006.56,81.11,33.7,Sandy,0.76,8.43,13.36,North,100,Zaid,Rainfed,282.7,8.97,6.56
potato,110,84,96,7.79,36.02,1192.24,74.58,49.68,Silt,0.55,6.95,5.92,Central,732,Kharif,Canal,69.51,5.58,23.37
wheat,119,67,37,5.03,20.0,823.34,73.16,62.27,Loamy,0.95,4.36,3.64,South,861,Kharif,Sprinkler,247.57,8.74,9.44
potato,37,65,41,6.21,22.58,1201.47,52.86,15.99,Loamy,1.36,9.3,17.62,West,152,Zaid,Canal,299.95,22.24,24.52
cotton,122,90,57,5.07,14.71,1595.45,33.2,28.04,Sandy,1.19,7.9,3.87,North,2109,Kharif,Sprinkler,63.65,7.62,4.61
sugarcane,119,70,44,7.94,20.38,799.98,82.95,53.25,Clay,0.33,8.73,11.61,East,493,Rabi,Canal,153.59,9.14,72.17
cotton,144,41,51,4.94,38.96,983.68,68.3,23.67,Sandy,0.31,6.22,3.2,Central,2014,Zaid,Drip,260.04,19.82,5.29
maize,134,52,32,5.31,36.32,1916.96,35.43,20.57,Sandy,0.45,5.8,17.27,South,451,Zaid,Rainfed,304.03,1.08,10.31
potato,164,76,30,7.91,32.2,2110.79,34.89,17.31,Silt,0.74,8.44,8.79,East,1441,Kharif,Sprinkler,261.49,14.86,25.66
rice,87,32,32,6.78,33.59,1440.19,66.86,40.12,Silt,1.0,6.96,11.3,North,1208,Kharif,Rainfed,300.57,0.76,11.1
cotton,143,78,116,7.5,30.08,2723.98,55.33,53.39,Clay,1.36,6.46,1.94,East,946,Zaid,Canal,306.74,0.06,11.68
maize,104,91,120,4.86,13.54,1062.64,41.44,63.09,Silt,0.49,5.48,17.07,Central,1855,Kharif,Rainfed,289.95,8.88,10.87
wheat,149,44,57,6.22,13.52,2579.19,44.37,28.37,Sandy,0.5,6.85,12.28,South,829,Rabi,Sprinkler,152.65,4.68,9.28
maize,50,63,20,8.15,26.12,985.63,53.14,21.07,Sandy,1.42,10.54,3.4,South,965,Kharif,Canal,129.94,2.2,7.06
rice,167,55,58,6.77,27.86,2139.05,75.01,35.13,Silt,1.5,4.77,9.95,East,1142,Rabi,Sprinkler,199.28,19.12,8.78
sugarcane,130,27,46,7.69,39.15,2795.96,41.82,17.77,Silt,1.02,5.14,15.18,East,304,Zaid,Canal,226.36,17.31,74.03
wheat,128,48,55,8.08,23.54,2383.96,72.14,31.57,Loamy,1.32,8.24,13.73,North,671,Kharif,Sprinkler,68.74,21.78,7.46
maize,65,39,50,7.13,37.52,1488.2,40.74,47.15,Sandy,0.75,5.68,16.58,East,699,Kharif,Canal,323.24,5.55,9.96
sugarcane,125,80,146,5.91,39.71,611.48,75.82,23.41,Clay,1.53,10.1,17.13,West,117,Zaid,Sprinkler,168.07,12.02,72.35
maize,66,32,25,5.85,35.34,2715.64,84.02,46.59,Silt,1.48,9.95,1.55,South,753,Zaid,Rainfed,106.87,24.71,8.9
sugarcane,41,19,108,5.04,21.97,2101.72,56.57,63.6,Silt,1.4,6.94,11.87,South,1691,Zaid,Sprinkler,120.78,11.96,73.12
maize,142,33,50,6.25,32.6,2394.94,68.48,58.21,Loamy,0.32,8.76,1.97,West,1686,Kharif,Sprinkler,149.88,12.75,11.51
maize,42,56,119,7.91,26.36,1732.02,45.98,32.84,Loamy,0.98,9.43,1.09,South,1885,Rabi,Rainfed,164.61,1.94,8.93
wheat,52,32,92,6.43,15.96,1495.82,85.66,36.07,Silt,0.33,6.31,2.38,North,858,Zaid,Canal,324.97,20.38,9.48
wheat,128,46,65,7.9,13.89,496.05,55.55,35.97,Clay,1.18,6.23,17.85,West,1751,Zaid,Rainfed,162.74,11.69,5.42
potato,134,35,116,7.58,12.1,454.89,59.8,58.0,Clay,0.54,4.02,1.02,Central,1308,Rabi,Rainfed,127.65,7.76,23.99
wheat,59,24,20,8.15,19.79,1755.22,45.69,64.69,Silt,1.13,5.64,12.21,East,1615,Zaid,Canal,172.19,17.48,7.24
maize,46,51,76,8.02,30.66,771.88,41.64,56.29,Loamy,0.43,8.77,11.42,West,1731,Rabi,Canal,111.58,13.61,8.3
wheat,142,63,28,7.2,37.42,1987.35,43.65,42.91,Sandy,1.28,7.1,14.42,North,1379,Kharif,Drip,200.88,24.44,8.05
maize,91,27,24,7.76,19.61,2692.8,58.55,19.87,Sandy,1.24,8.42,12.41,West,448,Kharif,Sprinkler,329.4,11.63,11.06
rice,113,69,98,7.34,25.93,1189.63,38.26,62.72,Loamy,0.31,5.58,16.99,South,1238,Rabi,Canal,276.91,22.8,9.24
maize,141,31,133,7.19,24.06,2142.41,53.27,58.0,Sandy,1.33,8.27,15.52,South,763,Zaid,Canal,317.95,12.27,13.81
maize,115,23,28,7.23,13.26,2578.31,52.92,57.07,Loamy,0.51,5.71,5.78,South,1943,Rabi,Drip,343.62,11.42,12.88
maize,170,58,43,7.25,32.81,2409.13,55.99,34.59,Clay,0.44,8.94,15.91,South,1312,Zaid,Canal,171.26,1.57,10.16
potato,48,92,122,6.09,25.58,509.84,55.32,37.36,Sandy,0.95,5.1,5.75,North,1345,Zaid,Sprinkler,112.5,21.85,23.83
sugarcane,129,60,79,6.24,37.52,1993.48,46.47,20.98,Silt,1.07,6.03,12.21,East,1631,Zaid,Rainfed,249.25,22.7,75.38
wheat,169,22,105,5.8,35.06,1056.41,52.01,61.89,Silt,0.43,5.44,5.17,South,686,Kharif,Rainfed,254.07,0.01,8.66
maize,176,51,135,5.3,18.35,2557.19,84.14,62.16,Sandy,0.7,4.18,16.95,North,514,Zaid,Sprinkler,247.02,1.48,11.0
cotton,105,33,103,6.36,19.38,726.88,32.25,27.72,Silt,0.83,10.38,12.99,North,440,Rabi,Rainfed,282.56,9.05,7.13
potato,38,77,109,7.86,26.11,856.14,35.27,49.8,Loamy,1.53,4.53,9.15,North,2184,Zaid,Rainfed,118.63,5.43,24.73
wheat,57,60,108,7.01,13.75,1529.76,85.73,25.17,Loamy,0.63,6.91,14.65,Central,2101,Kharif,Sprinkler,63.79,8.36,6.57
wheat,157,85,139,4.99,17.53,1126.33,46.26,34.65,Silt,0.64,6.48,1.46,Central,532,Rabi,Drip,205.17,5.0,7.7
wheat,81,40,25,7.56,34.63,1198.56,48.25,30.12,Sandy,1.16,5.28,11.81,West,449,Kharif,Rainfed,102.66,18.45,5.98
wheat,112,60,71,7.98,14.59,1361.18,50.64,34.48,Sandy,1.25,7.11,1.53,North,2147,Rabi,Drip,68.15,0.11,7.48
potato,140,60,38,7.62,26.39,659.38,36.2,30.45,Sandy,0.31,7.53,4.88,Central,1266,Zaid,Drip,193.21,21.56,23.67
sugarcane,173,89,94,7.27,21.82,539.81,76.14,32.26,Clay,0.47,5.86,6.31,Central,653,Rabi,Sprinkler,256.93,4.45,74.73
cotton,146,28,149,5.31,16.03,782.3,39.79,54.55,Sandy,0.76,7.68,13.76,West,1083,Zaid,Canal,215.97,14.18,6.7
potato,98,99,74,5.99,39.09,1635.16,72.11,30.0,Sandy,1.12,8.5,16.61,South,565,Rabi,Sprinkler,69.17,15.71,23.5
cotton,128,77,34,6.72,34.75,1303.32,43.95,55.73,Loamy,0.47,7.64,7.27,East,1943,Rabi,Sprinkler,116.33,7.96,7.94
maize,169,86,119,5.06,18.0,1959.95,70.93,43.4,Clay,0.76,10.29,11.51,East,2117,Zaid,Canal,184.55,13.63,8.45
cotton,54,17,88,5.16,33.56,2032.76,88.31,54.02,Loamy,0.4,4.96,14.22,North,1715,Zaid,Rainfed,296.73,13.21,8.15
potato,152,42,62,7.98,10.19,1876.1,60.58,60.94,Silt,1.04,9.87,15.38,West,1703,Kharif,Drip,145.73,2.67,23.91
cotton,82,43,36,7.19,18.33,868.12,49.13,21.92,Silt,0.85,5.02,17.37,Central,1830,Rabi,Drip,308.08,10.96,9.11
potato,173,32,117,5.74,13.24,1855.82,52.68,32.19,Sandy,1.32,7.01,14.3,North,545,Kharif,Drip,302.71,20.88,24.75
sugarcane,86,49,135,5.91,22.72,1707.4,53.04,17.78,Clay,1.05,5.07,1.55,South,84,Zaid,Canal,241.21,23.71,75.84
rice,68,91,93,6.11,29.14,1893.99,37.52,35.35,Silt,1.16,8.23,2.73,East,1241,Rabi,Sprinkler,305.22,1.86,10.44
cotton,138,90,135,5.06,15.14,922.75,79.13,26.87,Sandy,1.17,6.42,15.18,North,40,Rabi,Rainfed,250.21,5.25,6.66
cotton,71,61,49,7.31,17.17,2771.23,52.75,43.58,Clay,1.07,7.16,5.75,Central,1989,Zaid,Canal,114.84,15.18,6.5
maize,171,19,86,5.4,21.78,2768.22,73.07,54.17,Silt,0.32,5.15,2.4,South,1228,Kharif,Canal,63.38,9.62,10.38
rice,151,89,70,7.54,28.92,2496.97,46.22,39.32,Silt,1.38,7.31,17.28,West,1084,Kharif,Rainfed,232.89,2.81,10.57
sugarcane,162,73,79,7.68,19.32,895.58,51.38,31.68,Clay,1.49,9.15,7.46,East,2123,Zaid,Rainfed,119.6,1.77,71.84
maize,104,89,22,6.97,28.05,2181.7,83.21,22.63,Clay,0.99,10.54,7.23,East,1088,Zaid,Drip,237.0,21.3,10.68
rice,175,73,123,7.42,20.48,613.86,55.5,16.34,Clay,0.45,5.99,2.96,East,1529,Kharif,Drip,123.17,13.66,8.99
sugarcane,105,61,24,5.38,17.74,2592.38,51.19,48.89,Clay,1.15,7.04,15.03,Central,1717,Kharif,Canal,96.94,8.6,73.55
potato,38,27,47,6.76,35.65,860.05,48.82,16.53,Silt,0.77,9.48,8.68,North,234,Kharif,Sprinkler,182.08,17.81,24.62
wheat,103,92,127,7.1,21.49,1402.54,83.58,61.04,Clay,0.4,7.9,6.14,Central,826,Kharif,Sprinkler,277.19,19.48,10.32
cotton,174,47,120,7.05,37.55,1909.0,55.37,44.71,Loamy,1.41,9.18,15.07,East,165,Zaid,Rainfed,128.38,12.02,8.2
cotton,36,76,95,5.2,19.17,1215.71,82.63,32.66,Loamy,1.23,9.49,15.51,North,843,Zaid,Sprinkler,303.24,6.12,7.53
sugarcane,170,93,34,5.97,26.29,896.55,48.02,17.1,Silt,1.35,9.14,13.14,Central,1157,Kharif,Rainfed,318.86,6.86,74.03
wheat,166,30,102,5.91,11.61,2282.15,88.7,35.67,Silt,1.33,10.66,8.23,East,2186,Rabi,Sprinkler,134.25,5.01,9.57
maize,56,58,67,6.75,30.41,2331.29,60.17,58.36,Sandy,0.76,9.12,6.09,East,596,Kharif,Drip,135.2,12.95,11.22
maize,151,72,146,7.4,33.86,1493.09,39.88,63.49,Silt,0.93,4.83,9.75,West,1042,Rabi,Sprinkler,163.42,10.75,10.35
wheat,34,20,65,6.74,39.14,1047.31,55.44,19.25,Clay,0.6,9.61,10.49,Central,674,Kharif,Canal,266.46,10.79,8.49
maize,58,29,47,7.37,35.1,2073.6,70.91,53.86,Clay,1.28,4.62,10.64,West,5,Zaid,Drip,95.62,13.32,8.87
wheat,112,18,26,5.14,19.38,2550.01,83.27,27.92,Silt,0.98,6.78,13.71,North,1621,Zaid,Canal,290.37,15.04,8.83
rice,165,70,113,7.79,26.7,2309.45,37.63,33.97,Loamy,1.15,6.46,2.02,West,2135,Kharif,Rainfed,209.85,4.2,10.64
sugarcane,138,78,101,6.62,27.76,1703.22,63.51,42.38,Sandy,0.76,5.1,12.02,East,121,Zaid,Sprinkler,233.44,9.56,74.4
cotton,94,82,107,4.93,11.7,449.18,61.96,64.74,Silt,1.18,4.75,15.77,South,1948,Rabi,Drip,296.12,0.41,8.04
cotton,115,48,87,6.99,12.18,2597.93,49.7,25.44,Silt,1.17,6.03,3.23,North,726,Rabi,Drip,89.2,20.27,6.44
sugarcane,174,70,74,6.56,19.77,2571.38,54.51,21.52,Sandy,1.3,8.8,10.42,Central,812,Kharif,Canal,311.12,5.27,77.86
wheat,100,46,137,5.55,32.33,940.34,48.28,44.75,Loamy,0.5,5.44,12.7,West,1925,Kharif,Sprinkler,333.49,24.23,7.45
potato,74,23,127,7.4,18.57,2016.46,48.14,57.65,Silt,1.11,10.79,17.33,Central,1575,Zaid,Drip,258.9,21.87,26.63
cotton,161,77,70,7.97,36.22,1234.19,62.0,47.41,Loamy,1.44,4.04,2.64,South,1213,Zaid,Canal,282.94,16.11,8.72
potato,65,86,57,5.9,29.35,850.11,33.6,32.38,Clay,0.42,7.98,13.36,North,178,Kharif,Rainfed,97.19,6.14,23.3
rice,99,92,112,6.48,24.04,326.78,58.88,63.85,Loamy,1.55,7.91,10.91,East,854,Kharif,Canal,210.11,0.07,8.58
rice,48,47,39,5.24,26.22,1212.83,49.46,64.75,Clay,0.57,5.92,6.81,West,1794,Zaid,Rainfed,132.14,11.59,7.67
rice,137,35,29,7.96,19.94,827.6,57.86,53.53,Sandy,1.52,8.17,1.86,West,486,Kharif,Canal,290.1,12.75,10.79
sugarcane,120,69,45,5.88,39.22,359.26,88.5,55.12,Silt,1.43,7.93,6.6,North,1127,Rabi,Canal,290.17,18.46,75.7
wheat,119,90,67,5.46,15.28,1616.72,74.48,53.04,Clay,1.3,8.82,15.05,South,715,Kharif,Drip,170.41,0.75,9.54
maize,48,71,110,6.43,35.81,881.27,81.69,27.88,Loamy,0.57,10.11,11.79,North,163,Kharif,Canal,266.77,12.88,8.83
sugarcane,68,16,133,4.95,30.34,1771.89,52.29,22.51,Silt,0.58,4.7,4.88,West,2066,Zaid,Rainfed,211.02,18.91,74.22
rice,155,27,33,5.66,31.35,1345.64,72.35,42.72,Clay,0.64,9.85,17.88,East,897,Zaid,Canal,208.73,10.84,8.58
maize,170,18,119,5.03,35.07,1153.32,57.79,62.71,Clay,1.35,4.14,13.68,West,589,Zaid,Drip,253.66,11.46,10.51
sugarcane,155,98,31,5.23,14.09,1239.96,65.83,58.91,Loamy,0.54,4.43,4.21,South,1478,Kharif,Canal,229.95,20.28,76.06
wheat,87,64,135,5.18,30.85,1734.73,56.28,20.34,Clay,1.06,10.35,14.28,Central,1880,Rabi,Sprinkler,108.26,11.6,5.98
potato,177,62,142,7.77,33.29,2384.98,37.9,17.85,Sandy,1.31,8.94,15.13,Central,1521,Zaid,Canal,240.48,16.13,26.17
wheat,90,92,42,7.96,39.54,1973.33,86.84,58.69,Clay,0.9,8.5,15.8,North,1172,Rabi,Sprinkler,184.47,19.22,8.45
wheat,156,44,104,6.41,32.43,576.39,72.38,45.65,Loamy,1.39,7.62,13.57,West,1849,Zaid,Sprinkler,190.66,21.53,6.44
sugarcane,134,43,91,6.94,38.55,1717.5,66.04,30.22,Silt,1.03,9.46,2.37,South,1155,Kharif,Canal,291.43,17.93,76.27
wheat,30,22,141,7.17,35.49,2222.27,63.65,43.09,Loamy,1.07,9.1,14.83,South,1774,Rabi,Sprinkler,277.97,3.26,10.49
rice,160,26,114,6.13,36.27,1077.67,73.37,26.08,Loamy,1.18,6.41,16.77,Central,1866,Kharif,Sprinkler,268.35,18.08,9.07
sugarcane,121,55,44,6.06,37.51,1870.1,61.95,62.35,Silt,1.4,7.47,9.49,Central,1190,Zaid,Canal,302.69,0.9,77.36
maize,142,40,36,7.1,25.93,301.11,42.95,56.36,Clay,0.31,7.38,13.94,North,682,Kharif,Sprinkler,117.66,18.71,9.24
potato,85,64,48,6.08,31.33,2649.37,30.44,63.11,Sandy,0.81,7.04,9.57,North,1920,Zaid,Drip,204.83,8.79,26.86
potato,146,16,86,6.78,13.72,969.32,52.99,24.35,Loamy,1.55,8.77,11.89,South,475,Rabi,Canal,338.55,6.28,24.26
cotton,163,69,104,6.55,20.69,2564.97,63.82,57.18,Loamy,0.43,9.68,12.0,North,2069,Rabi,Drip,89.28,23.01,7.47
cotton,87,70,76,6.58,36.38,841.63,52.31,43.01,Sandy,0.6,10.69,8.7,East,1456,Rabi,Canal,331.72,23.04,9.92
rice,73,28,91,7.62,39.33,2540.56,62.0,31.25,Loamy,1.04,6.89,7.03,West,428,Kharif,Rainfed,101.96,7.07,8.24
rice,90,20,33,7.19,13.35,1686.56,69.89,38.98,Silt,1.42,8.89,8.41,East,1524,Kharif,Rainfed,71.88,13.65,6.54
maize,76,95,58,8.07,27.58,756.22,78.59,62.22,Clay,0.43,7.94,10.88,North,732,Kharif,Rainfed,116.06,9.18,8.59
sugarcane,178,75,37,7.49,32.04,1097.96,47.92,49.57,Silt,0.31,5.27,9.96,East,1687,Rabi,Canal,190.79,3.24,73.55
rice,109,26,94,5.3,25.48,2374.86,67.99,33.0,Loamy,1.19,6.14,11.91,North,150,Zaid,Rainfed,138.61,9.69,8.69
potato,147,27,121,7.31,16.99,2681.88,83.51,64.99,Silt,1.08,9.94,1.79,Central,163,Kharif,Drip,191.28,17.38,27.15
cotton,176,33,39,7.06,11.25,2491.27,39.15,32.29,Loamy,0.65,9.65,8.82,West,1840,Rabi,Sprinkler,196.75,2.73,8.95
sugarcane,49,58,136,7.0,38.54,2478.72,71.43,55.69,Clay,1.54,9.96,2.2,West,891,Zaid,Rainfed,347.77,7.32,78.52
maize,175,73,136,6.43,17.1,310.79,84.87,54.22,Silt,1.03,4.3,13.84,South,391,Zaid,Sprinkler,220.36,3.13,8.78
potato,76,51,23,5.01,18.97,1420.97,70.28,51.15,Silt,1.16,10.93,5.55,North,1914,Rabi,Canal,283.02,2.51,24.02
rice,78,39,103,8.04,29.28,2392.58,35.56,48.47,Sandy,0.79,7.9,6.88,North,1536,Zaid,Drip,87.07,1.84,7.15
potato,43,30,133,7.7,22.86,388.04,46.99,20.43,Sandy,1.5,7.54,12.12,Central,305,Zaid,Canal,234.7,10.31,23.04
cotton,172,52,84,6.46,22.7,2035.22,41.37,64.75,Loamy,0.66,9.14,6.89,Central,1712,Kharif,Canal,140.34,16.92,10.1
wheat,30,57,63,5.34,12.48,1552.76,84.74,23.05,Silt,1.27,4.92,13.41,North,1170,Kharif,Rainfed,136.42,10.99,6.71
rice,146,28,137,7.6,39.76,2275.95,89.52,44.81,Clay,0.45,5.6,15.65,Central,946,Zaid,Rainfed,348.54,6.55,13.1
potato,83,20,119,6.26,18.53,951.98,55.97,27.46,Clay,1.0,10.59,11.83,West,1859,Kharif,Sprinkler,150.89,18.43,24.05
wheat,147,37,37,6.13,13.3,2505.48,83.77,23.44,Sandy,1.05,5.45,3.66,West,183,Kharif,Sprinkler,312.72,8.07,11.73
sugarcane,32,74,147,7.06,30.45,1041.87,38.1,42.97,Sandy,0.54,6.36,8.64,North,1373,Kharif,Canal,193.69,1.32,75.06
sugarcane,173,26,57,7.38,32.57,2677.99,30.21,56.82,Sandy,0.72,5.72,13.45,South,1293,Kharif,Canal,170.55,1.08,73.99
maize,41,27,123,5.01,10.76,1901.19,64.1,33.85,Clay,0.53,7.38,5.63,West,2027,Zaid,Drip,100.88,21.69,11.22
potato,103,20,32,7.41,18.08,792.46,89.24,18.86,Clay,1.4,9.63,17.13,West,1620,Kharif,Rainfed,252.27,1.05,22.33
rice,45,77,74,7.3,15.83,2239.85,63.74,46.19,Clay,1.15,9.86,17.04,North,1536,Zaid,Rainfed,214.99,6.45,10.11
sugarcane,131,52,107,6.8,33.66,1636.96,88.83,53.32,Loamy,0.88,6.27,6.75,West,850,Zaid,Drip,239.59,8.42,74.42
rice,146,64,104,5.95,15.51,1319.66,57.04,29.8,Silt,1.02,4.52,11.44,West,961,Rabi,Rainfed,301.71,8.31,10.1
cotton,37,66,128,5.36,17.06,1480.28,52.92,49.53,Loamy,0.75,4.79,7.6,North,221,Kharif,Canal,290.71,20.78,9.01
cotton,151,54,62,5.15,39.6,1298.34,85.77,18.79,Silt,0.86,9.72,13.34,West,2182,Zaid,Rainfed,89.29,10.05,4.02
potato,121,22,90,4.8,31.06,2068.66,32.93,33.07,Silt,1.11,7.0,14.48,North,1944,Zaid,Sprinkler,73.77,19.01,24.66
cotton,119,75,31,5.5,21.63,947.14,49.61,38.71,Silt,0.57,9.75,3.83,South,1218,Rabi,Drip,212.4,2.06,6.55
rice,165,22,78,6.2,32.62,1580.19,56.61,54.1,Sandy,0.47,4.1,9.85,Central,583,Rabi,Sprinkler,96.16,19.98,9.87
maize,89,48,63,5.63,23.99,2188.57,35.22,31.91,Silt,1.53,4.24,6.88,North,59,Rabi,Sprinkler,342.23,10.48,11.86
maize,57,93,35,5.85,16.38,659.03,61.03,37.68,Sandy,0.61,6.21,16.73,West,1465,Rabi,Rainfed,253.08,9.38,9.11
sugarcane,130,74,33,6.13,24.64,1029.59,52.52,46.42,Silt,0.94,5.43,4.35,East,2059,Kharif,Drip,313.99,12.22,76.14
potato,70,71,134,5.85,33.16,833.63,56.22,46.2,Loamy,1.29,8.52,17.09,Central,227,Zaid,Canal,67.87,12.24,24.33
cotton,174,60,131,7.26,15.35,1729.77,71.18,40.89,Loamy,1.02,8.1,8.13,South,207,Rabi,Rainfed,192.85,23.68,7.87
wheat,170,36,142,6.47,24.57,1330.15,34.22,31.42,Silt,1.13,10.26,15.85,Central,1433,Rabi,Sprinkler,193.62,12.24,7.95
sugarcane,75,54,77,4.87,13.58,1109.87,87.71,48.5,Loamy,0.51,9.52,8.89,North,644,Zaid,Rainfed,130.62,3.95,74.64
maize,64,59,139,5.57,35.28,1194.48,61.35,56.86,Loamy,0.81,4.71,11.44,West,614,Zaid,Sprinkler,84.8,2.15,8.65
rice,163,69,54,7.21,34.56,1473.84,80.33,22.69,Silt,1.2,10.21,17.8,West,613,Kharif,Canal,140.79,13.91,7.96
wheat,111,65,29,5.82,30.2,1346.04,49.11,32.02,Silt,0.57,4.84,13.44,South,522,Rabi,Sprinkler,257.81,21.22,8.68
wheat,144,19,100,7.93,37.6,2065.81,48.81,48.44,Sandy,0.93,5.38,4.31,Central,2154,Zaid,Sprinkler,69.95,7.9,6.82
sugarcane,76,27,63,7.22,22.0,2031.78,84.23,52.79,Loamy,1.07,7.54,5.48,South,525,Zaid,Drip,204.71,20.64,76.04
wheat,39,42,90,5.79,13.96,366.57,37.05,54.07,Loamy,1.33,4.78,8.87,North,2134,Rabi,Canal,188.5,7.97,8.18
sugarcane,85,98,37,6.56,39.27,2074.08,36.23,47.66,Silt,0.58,5.59,10.96,Central,1692,Rabi,Rainfed,136.37,13.68,74.37
wheat,59,94,102,7.07,25.39,855.02,71.83,38.91,Clay,1.57,7.13,2.04,West,68,Zaid,Sprinkler,146.26,20.33,7.44
rice,138,76,98,5.46,24.27,1349.56,57.96,47.29,Sandy,1.56,5.74,1.74,South,1790,Rabi,Sprinkler,123.11,9.47,8.13
cotton,34,38,105,5.64,11.91,856.14,73.04,21.75,Sandy,0.32,10.63,8.78,Central,862,Zaid,Sprinkler,247.88,8.3,8.23
wheat,148,21,61,6.52,27.11,597.43,55.97,25.39,Clay,0.78,5.13,9.9,East,2175,Kharif,Rainfed,196.59,1.89,8.55
rice,62,52,143,7.94,29.34,1759.82,42.7,61.38,Sandy,0.39,8.01,2.36,North,64,Kharif,Sprinkler,284.87,23.13,10.46
cotton,147,51,49,5.97,24.2,2676.57,72.91,61.11,Sandy,0.71,7.48,9.08,Central,2158,Rabi,Canal,264.26,24.64,10.02
rice,94,82,39,6.17,37.31,1229.91,32.34,51.19,Loamy,1.09,7.17,14.27,North,845,Zaid,Sprinkler,220.14,14.77,9.76
cotton,175,56,145,5.45,32.27,1995.67,56.88,31.35,Loamy,1.09,5.64,10.33,West,1559,Rabi,Canal,341.45,20.45,9.37
wheat,40,19,115,6.82,11.16,1432.63,57.52,47.44,Silt,0.43,5.34,9.12,East,443,Rabi,Drip,173.74,15.54,9.48
cotton,114,78,144,7.32,26.28,753.2,34.68,49.39,Silt,1.18,6.13,2.21,South,1096,Rabi,Sprinkler,313.88,8.08,8.71
potato,55,64,61,6.3,39.81,2602.42,44.5,40.76,Sandy,1.4,8.15,17.67,West,1277,Kharif,Rainfed,198.31,8.29,26.03
sugarcane,92,29,108,7.35,15.99,1424.03,45.6,52.43,Clay,1.12,8.07,10.2,South,1000,Kharif,Canal,124.44,17.69,74.07
cotton,115,87,106,5.83,28.52,321.02,83.58,16.48,Silt,0.7,9.41,8.64,North,2073,Kharif,Rainfed,244.86,17.01,6.23
wheat,88,67,24,7.2,18.2,1441.6,60.76,27.81,Silt,0.3,6.12,2.25,West,1843,Rabi,Canal,203.38,24.66,10.67
sugarcane,56,39,69,5.68,21.14,314.83,70.25,54.72,Clay,1.14,8.97,13.52,North,874,Zaid,Rainfed,158.4,0.97,73.76
potato,127,99,60,7.45,11.01,2284.8,33.29,61.94,Sandy,1.18,10.18,5.69,North,1215,Zaid,Drip,305.87,18.49,30.06
sugarcane,134,23,113,7.62,30.64,1219.64,36.21,58.8,Sandy,1.22,10.01,2.36,Central,309,Rabi,Sprinkler,79.35,13.84,74.41
potato,128,52,76,7.51,32.97,1836.52,63.8,50.82,Silt,0.35,7.26,13.24,Central,67,Rabi,Drip,153.68,20.43,25.33
cotton,158,36,70,5.53,33.19,2216.79,80.11,23.27,Sandy,0.97,8.63,9.17,West,762,Zaid,Canal,271.93,0.37,9.79
rice,178,63,125,7.16,39.12,369.26,33.18,33.44,Sandy,0.84,9.82,1.96,South,202,Rabi,Drip,112.21,18.14,8.7
rice,84,82,30,6.63,35.14,1595.21,89.01,17.51,Silt,1.3,5.09,15.44,South,1228,Kharif,Drip,203.85,5.63,10.24
sugarcane,35,29,117,8.15,16.23,1895.19,83.13,46.99,Silt,1.24,10.7,8.61,South,952,Kharif,Canal,165.09,12.85,73.43
rice,124,79,118,6.03,16.92,1477.92,82.39,37.49,Loamy,1.54,8.22,3.45,East,2141,Rabi,Rainfed,155.38,17.73,10.93
cotton,162,68,115,7.42,33.04,1065.73,30.52,43.65,Loamy,1.47,5.98,6.76,East,1607,Kharif,Sprinkler,180.33,20.14,7.27
potato,131,44,125,6.06,33.31,1458.04,54.38,63.97,Sandy,1.03,7.67,1.49,East,1344,Zaid,Drip,216.56,18.42,25.06
cotton,32,34,20,6.15,13.69,1282.97,77.75,35.11,Clay,1.57,9.16,17.66,East,82,Rabi,Sprinkler,148.93,20.24,5.03
sugarcane,52,47,65,5.18,10.2,1828.92,75.52,30.34,Loamy,0.5,9.75,13.75,South,551,Kharif,Canal,176.91,0.18,73.87
sugarcane,82,91,107,5.61,22.04,1472.78,50.74,22.53,Sandy,0.31,6.16,1.83,North,1177,Zaid,Drip,240.64,10.39,76.16
rice,112,21,41,5.36,30.84,625.5,82.66,22.18,Clay,0.44,6.4,5.09,Central,914,Rabi,Drip,156.08,1.61,8.55
rice,174,22,22,5.34,36.0,509.81,68.16,40.93,Loamy,0.76,9.72,9.1,South,1784,Kharif,Drip,312.09,16.01,8.56
wheat,114,42,149,4.83,14.96,708.03,89.64,52.46,Loamy,1.28,9.88,13.19,Central,788,Kharif,Sprinkler,292.86,6.11,8.51
maize,107,59,80,7.5,34.46,464.04,50.08,43.22,Sandy,0.8,8.81,11.8,South,1903,Kharif,Drip,101.21,0.34,7.44
maize,139,87,57,6.39,30.53,933.91,68.61,58.66,Silt,1.31,8.78,8.5,North,1598,Rabi,Rainfed,306.01,1.12,12.08
rice,30,94,65,7.53,14.98,474.9,55.47,30.79,Silt,1.27,5.76,10.29,South,296,Kharif,Rainfed,112.37,4.08,7.39
sugarcane,80,88,60,6.88,36.2,1808.95,68.85,44.75,Clay,1.33,10.69,1.73,Central,2195,Rabi,Drip,93.61,9.51,73.47
wheat,33,25,129,7.63,37.99,1411.7,45.59,48.06,Silt,0.54,9.95,17.98,South,760,Kharif,Rainfed,343.33,14.21,9.45
rice,142,45,60,6.51,17.97,938.63,52.95,29.03,Sandy,0.97,10.1,15.74,East,1172,Kharif,Drip,219.52,13.65,8.09
wheat,61,26,76,5.12,14.46,331.37,85.93,34.82,Loamy,1.23,5.37,6.49,West,617,Kharif,Rainfed,311.93,20.37,7.85
maize,63,92,142,6.9,39.03,665.6,47.34,44.55,Clay,0.67,10.89,2.83,West,1270,Rabi,Drip,131.53,8.42,10.88
maize,121,65,105,7.1,10.69,1966.79,67.24,16.05,Silt,1.39,7.12,11.69,South,725,Kharif,Rainfed,333.96,6.11,11.51
rice,124,58,82,6.93,38.45,923.52,85.12,59.33,Loamy,1.31,8.77,16.58,South,1509,Kharif,Drip,321.03,19.12,10.19
rice,101,64,58,7.52,16.49,1132.3,58.86,20.55,Sandy,0.46,10.29,12.64,South,1837,Zaid,Canal,215.96,10.53,7.59
wheat,68,31,46,7.29,23.14,490.83,71.71,17.38,Sandy,0.58,4.71,2.16,West,1018,Rabi,Sprinkler,304.27,23.11,8.3
rice,147,49,100,6.27,19.25,1670.7,74.88,25.75,Loamy,0.61,6.23,7.45,Central,237,Zaid,Sprinkler,171.38,9.02,9.72
cotton,32,15,126,7.58,14.61,2310.92,62.65,40.12,Sandy,1.44,6.58,13.22,East,339,Kharif,Canal,234.59,14.67,8.54
rice,152,43,55,7.15,20.57,1183.23,52.73,31.43,Sandy,0.54,9.42,5.12,East,281,Zaid,Drip,252.94,18.95,9.16
maize,79,65,104,5.21,26.18,586.75,78.51,37.01,Loamy,1.11,6.07,11.93,South,1091,Zaid,Drip,305.53,15.34,11.42
maize,41,78,47,6.64,12.81,2684.92,63.25,19.21,Silt,0.38,6.74,10.93,West,1957,Rabi,Drip,249.02,24.79,11.84
wheat,83,18,35,7.28,34.28,1578.19,36.97,26.66,Clay,1.02,6.66,2.64,Central,1402,Kharif,Drip,343.82,8.9,7.85
rice,162,42,54,6.68,34.01,523.56,82.47,19.88,Loamy,0.48,10.38,13.53,West,314,Zaid,Canal,63.54,1.64,7.51
maize,86,30,118,8.03,33.92,1543.44,47.85,26.49,Loamy,1.05,4.02,8.44,East,72,Rabi,Canal,302.06,9.7,9.88
cotton,174,77,141,5.15,30.59,412.29,59.61,50.17,Silt,0.78,4.98,3.73,East,483,Rabi,Canal,146.63,3.5,5.67
sugarcane,141,90,42,7.26,23.66,438.23,42.83,43.76,Clay,1.09,10.5,16.76,North,1304,Zaid,Canal,92.53,2.49,72.59
rice,76,67,138,7.6,35.01,1096.23,59.56,31.7,Sandy,0.81,8.27,13.67,West,1207,Kharif,Canal,122.35,20.38,7.04
cotton,114,99,82,7.19,35.56,1993.14,37.76,28.06,Silt,1.41,4.63,13.3,West,1198,Kharif,Drip,290.92,8.26,8.74
cotton,171,31,89,6.11,18.56,2062.64,63.98,64.88,Clay,1.28,7.32,8.6,East,282,Kharif,Rainfed,175.81,7.52,8.5
wheat,95,54,99,6.11,24.43,2553.64,61.37,53.39,Loamy,1.4,10.56,11.95,South,1529,Zaid,Drip,252.42,5.1,11.97
potato,104,27,78,6.79,16.09,569.97,79.1,56.1,Clay,0.59,9.29,11.89,West,888,Zaid,Sprinkler,250.83,24.44,25.93
potato,132,66,36,6.15,17.67,1459.96,63.59,16.32,Silt,0.49,5.79,3.33,South,1849,Zaid,Sprinkler,160.72,3.87,25.95
wheat,67,72,58,7.8,17.17,1490.9,54.52,17.98,Sandy,1.02,7.04,15.96,North,347,Kharif,Sprinkler,214.03,17.65,5.99
wheat,79,51,96,5.17,34.81,1452.08,57.98,50.63,Clay,1.43,7.44,14.89,East,2197,Rabi,Canal,207.19,3.92,7.0
sugarcane,127,93,111,6.97,17.52,2403.72,66.28,24.59,Clay,0.44,9.35,3.33,West,486,Zaid,Drip,185.81,12.5,76.18
maize,111,90,43,5.26,26.39,2328.38,80.37,36.28,Loamy,0.6,9.45,6.49,South,324,Kharif,Drip,131.72,13.33,10.15
wheat,59,75,107,6.64,28.85,1569.37,32.5,24.21,Clay,1.27,6.06,2.17,West,299,Kharif,Canal,193.71,21.04,8.66
cotton,108,93,63,7.23,32.34,2246.31,85.6,23.85,Loamy,0.9,9.08,6.87,East,1381,Zaid,Sprinkler,81.57,11.45,7.26
sugarcane,120,48,55,5.36,10.87,447.98,35.03,20.45,Silt,1.08,10.82,13.41,North,877,Kharif,Sprinkler,265.96,20.56,72.33
rice,81,84,118,7.19,24.27,1630.33,50.68,44.71,Sandy,1.07,4.51,1.06,North,1154,Rabi,Canal,202.8,7.11,11.45
maize,108,31,89,5.28,18.78,537.26,50.17,51.97,Silt,0.84,9.71,9.62,Central,2158,Rabi,Sprinkler,291.48,4.91,10.18
cotton,59,34,141,6.91,35.02,2467.49,61.9,17.84,Clay,1.22,8.15,15.74,East,740,Kharif,Rainfed,123.75,22.03,5.92
wheat,135,87,143,6.52,11.1,1557.87,51.28,28.78,Clay,1.41,6.66,6.29,West,1380,Rabi,Drip,175.98,5.16,8.59
sugarcane,80,73,99,5.81,16.21,343.9,43.16,47.92,Loamy,1.48,9.53,13.31,North,335,Kharif,Canal,326.46,18.71,74.79
potato,110,83,64,5.18,19.47,1674.13,44.61,34.62,Loamy,0.36,6.28,1.93,West,344,Kharif,Drip,211.91,2.35,22.33
sugarcane,162,47,50,7.3,12.34,2144.42,89.12,50.23,Silt,1.02,6.35,10.47,East,1616,Rabi,Drip,324.7,7.17,76.91
potato,58,92,104,6.1,21.86,637.27,80.2,52.96,Silt,0.35,7.5,15.91,East,1034,Rabi,Canal,175.26,3.11,23.53
rice,161,31,64,5.09,32.31,1007.12,78.33,16.61,Silt,1.47,7.2,7.93,South,642,Rabi,Canal,329.38,10.15,8.69
maize,167,71,134,7.43,16.37,1420.72,55.16,34.04,Sandy,0.86,4.93,11.59,South,1207,Rabi,Drip,203.07,19.06,9.24
rice,174,97,86,5.59,32.63,1336.55,86.17,51.46,Loamy,1.47,4.18,11.78,East,1566,Kharif,Rainfed,116.89,17.24,9.3
maize,103,15,95,7.3,25.87,1557.17,33.76,33.92,Silt,0.54,8.43,13.44,South,863,Kharif,Drip,207.9,5.87,9.14
rice,46,27,59,6.72,20.34,341.23,37.52,15.29,Loamy,0.51,6.34,4.88,North,343,Zaid,Drip,253.68,13.03,8.72
cotton,113,41,60,5.46,21.06,2145.38,44.8,31.82,Silt,1.48,7.66,13.71,South,1019,Kharif,Sprinkler,264.23,11.61,9.26
maize,98,84,139,5.06,13.49,1088.4,68.5,58.63,Sandy,1.52,5.44,5.04,South,443,Rabi,Rainfed,209.18,18.65,11.94
cotton,63,73,100,6.82,17.49,2054.5,40.01,62.6,Loamy,1.3,7.97,11.16,North,1880,Rabi,Rainfed,206.29,1.74,9.78
cotton,35,20,57,4.89,31.94,2438.02,50.16,43.03,Loamy,0.59,6.32,3.72,Central,714,Rabi,Rainfed,128.61,18.55,4.97
wheat,82,37,119,5.02,35.88,2018.19,40.63,30.32,Loamy,0.52,8.28,13.52,North,151,Kharif,Canal,82.34,5.1,8.87
potato,155,24,76,7.19,17.97,1979.79,77.98,38.3,Loamy,1.27,8.74,5.88,West,1847,Kharif,Canal,76.62,16.5,23.99
potato,72,65,85,6.63,27.66,1747.57,84.55,26.81,Sandy,1.13,4.02,12.07,West,491,Zaid,Canal,170.83,2.44,23.7
maize,144,33,49,5.91,11.04,302.54,81.02,23.41,Silt,1.43,7.02,3.65,North,1866,Rabi,Canal,140.94,18.57,6.42
sugarcane,140,65,29,6.63,12.32,2559.55,31.64,39.68,Sandy,0.66,9.08,4.93,South,2139,Kharif,Drip,319.58,17.6,77.64
wheat,109,82,80,6.81,38.93,2383.93,49.03,51.83,Loamy,0.68,9.18,14.89,North,491,Zaid,Drip,71.34,6.73,9.26
potato,124,98,55,6.72,36.9,786.4,68.25,26.12,Clay,1.25,6.67,2.58,South,2113,Rabi,Sprinkler,297.61,22.43,25.43
wheat,147,97,73,6.98,12.44,750.73,30.04,60.48,Sandy,0.65,9.75,2.66,South,1968,Rabi,Drip,208.24,11.82,9.97
cotton,173,56,116,8.0,34.67,392.07,74.78,23.41,Clay,0.9,8.55,14.16,West,292,Zaid,Rainfed,290.23,15.1,5.91
maize,37,71,23,6.12,13.08,1248.81,82.13,42.92,Loamy,0.98,10.92,3.1,West,853,Rabi,Sprinkler,104.1,6.64,9.31
cotton,161,82,73,5.82,34.86,2762.99,34.65,53.82,Loamy,1.17,7.59,16.21,Central,1044,Zaid,Rainfed,320.96,12.93,10.63
rice,133,52,130,4.93,37.41,543.14,55.87,25.67,Sandy,0.75,6.63,3.37,West,289,Zaid,Canal,161.34,1.03,9.18
rice,161,76,110,5.3,14.59,1712.53,48.17,29.82,Clay,1.42,10.44,12.59,North,2033,Kharif,Drip,343.58,5.48,11.81
sugarcane,54,21,108,5.16,14.42,962.19,86.82,17.57,Sandy,0.82,6.82,11.17,West,356,Kharif,Rainfed,281.84,3.59,73.98
maize,125,85,83,5.94,37.8,2454.08,49.48,62.2,Sandy,0.35,8.48,13.37,South,386,Kharif,Canal,305.9,4.94,14.75
cotton,122,64,138,6.87,19.04,1568.02,64.86,39.35,Sandy,0.39,9.78,12.82,South,1258,Zaid,Sprinkler,69.81,2.22,6.29
cotton,90,66,111,4.96,24.18,2433.89,30.54,18.22,Loamy,1.56,7.22,7.22,East,230,Kharif,Rainfed,62.38,7.58,7.13
cotton,151,40,100,7.27,19.13,2624.01,80.2,56.51,Silt,1.11,7.09,17.08,North,302,Kharif,Canal,114.26,20.67,7.99
wheat,80,40,78,6.15,32.48,1883.98,31.76,43.47,Clay,0.94,6.02,9.64,Central,290,Zaid,Sprinkler,263.02,13.54,8.53
rice,176,33,63,8.08,16.33,1007.09,64.15,17.76,Silt,1.43,10.73,17.52,Central,646,Zaid,Canal,237.11,13.98,8.71
potato,50,23,95,6.73,24.82,1421.04,74.44,37.54,Silt,1.23,10.61,7.48,West,1466,Zaid,Rainfed,289.89,11.06,26.47
potato,34,75,120,7.42,35.51,1878.68,53.8,36.72,Loamy,0.54,7.26,9.96,East,897,Zaid,Canal,291.85,18.08,26.48
maize,121,34,144,7.73,38.28,1927.13,31.9,22.3,Loamy,0.31,6.29,10.93,West,1307,Zaid,Canal,299.59,22.75,11.66
sugarcane,90,64,35,7.82,20.58,467.57,84.04,36.02,Loamy,1.58,4.89,10.58,West,840,Zaid,Drip,348.33,18.39,76.0
potato,51,94,74,6.56,13.42,1176.41,51.96,29.14,Sandy,1.12,7.34,12.25,Central,1670,Kharif,Rainfed,246.78,4.99,25.7
wheat,178,95,114,6.15,34.29,1630.99,57.97,50.0,Loamy,0.92,10.26,5.87,South,849,Kharif,Sprinkler,206.61,2.02,10.58
sugarcane,99,36,98,6.71,13.32,1141.01,78.78,15.27,Loamy,1.53,10.08,2.1,East,287,Rabi,Canal,169.29,1.44,74.45
cotton,30,27,96,6.17,33.38,1745.21,69.64,20.32,Loamy,0.78,4.81,4.37,East,1419,Zaid,Drip,340.38,21.63,9.26
potato,162,26,59,5.62,30.67,740.06,49.52,60.93,Loamy,1.24,7.4,10.52,North,425,Kharif,Sprinkler,248.59,9.84,23.99
wheat,41,24,40,5.9,27.33,386.46,62.44,36.67,Silt,1.17,9.71,15.58,Central,588,Zaid,Rainfed,265.78,2.12,6.81
cotton,119,79,85,5.59,38.18,1153.3,35.64,23.81,Silt,1.18,9.85,9.08,Central,2128,Rabi,Sprinkler,272.61,22.82,6.2
potato,75,44,29,5.72,19.67,1720.57,58.87,54.66,Loamy,1.18,10.54,6.46,East,467,Rabi,Sprinkler,142.09,9.98,26.24
cotton,63,22,62,5.12,12.8,327.51,55.7,57.58,Silt,0.31,5.42,13.43,West,2026,Zaid,Sprinkler,269.26,20.83,4.44
rice,107,35,124,6.25,39.45,1829.09,75.6,25.56,Loamy,1.37,6.9,7.72,North,1160,Zaid,Drip,126.89,6.42,7.08
sugarcane,74,36,82,5.6,23.23,1186.31,78.0,50.68,Clay,1.5,10.68,14.97,East,199,Kharif,Rainfed,211.24,6.14,75.47
cotton,102,32,101,6.32,23.0,2782.77,82.34,45.76,Sandy,0.88,5.9,1.2,North,320,Rabi,Rainfed,99.53,24.37,8.27
maize,55,80,70,7.49,12.69,2256.98,81.43,52.25,Loamy,1.03,6.34,2.97,East,1783,Kharif,Rainfed,212.88,6.01,11.23
potato,76,62,75,6.32,32.31,1027.62,89.9,54.39,Silt,0.72,5.58,2.74,West,571,Rabi,Sprinkler,320.13,22.58,25.68
cotton,150,58,53,8.05,31.6,2728.74,72.45,48.05,Sandy,1.32,7.77,1.59,North,2043,Kharif,Canal,167.34,10.05,9.45
sugarcane,85,23,78,5.3,14.36,995.88,67.24,62.81,Silt,1.26,7.71,3.86,South,2094,Rabi,Rainfed,189.9,6.35,73.86
sugarcane,123,81,149,7.69,17.01,570.67,38.83,58.21,Clay,1.26,9.72,17.78,West,64,Rabi,Drip,238.62,12.1,74.34
maize,136,68,149,5.64,10.49,367.17,58.09,26.45,Clay,1.26,6.89,9.19,Central,428,Kharif,Canal,349.73,7.46,8.94
maize,92,40,137,7.98,36.69,2258.73,55.83,60.68,Sandy,0.58,5.75,8.18,South,1132,Kharif,Drip,327.48,0.93,11.85
rice,77,99,147,5.57,17.34,1097.74,74.08,32.98,Clay,0.45,9.82,16.47,North,1103,Rabi,Sprinkler,178.89,3.95,9.81
sugarcane,90,40,36,7.34,37.81,2760.84,46.48,51.33,Loamy,0.7,8.55,14.51,South,828,Zaid,Sprinkler,345.18,3.37,78.3
potato,110,48,101,5.01,27.14,1845.52,82.25,57.4,Clay,1.05,5.09,5.63,North,1263,Rabi,Rainfed,276.42,12.36,25.08
rice,55,22,33,6.94,22.76,710.73,43.19,36.82,Silt,0.82,7.99,14.67,West,1619,Zaid,Rainfed,90.87,5.77,9.19
maize,65,24,100,5.54,10.23,1140.12,59.01,17.58,Loamy,0.62,7.22,2.41,Central,1932,Kharif,Canal,345.54,2.74,9.37
maize,30,62,142,7.08,12.77,1580.85,86.66,62.48,Silt,0.33,9.92,13.17,North,1653,Rabi,Sprinkler,263.69,0.52,12.55
wheat,37,69,35,6.96,14.76,2104.29,50.64,18.62,Sandy,0.46,8.21,1.31,North,550,Zaid,Sprinkler,245.62,4.9,7.76
cotton,142,68,51,7.94,13.17,1778.54,73.68,32.41,Sandy,0.44,9.54,4.57,Central,293,Rabi,Drip,340.43,19.46,7.89
rice,128,92,42,6.93,17.69,950.0,50.14,44.82,Sandy,1.54,7.24,16.09,East,1120,Kharif,Canal,207.51,19.28,10.96
wheat,76,54,121,6.19,14.64,1490.09,60.86,20.88,Silt,1.31,10.86,7.35,South,659,Rabi,Rainfed,114.64,23.43,7.14
wheat,156,29,117,5.46,29.92,841.22,76.54,56.91,Silt,0.46,9.6,8.99,East,664,Rabi,Canal,142.39,15.96,7.18
wheat,85,95,123,7.04,18.91,1174.47,78.87,25.17,Sandy,0.91,8.19,12.0,South,2066,Kharif,Drip,229.08,7.34,8.22
potato,43,32,145,5.2,31.55,1013.95,80.55,64.3,Silt,1.15,9.69,12.8,South,509,Kharif,Rainfed,124.86,13.86,21.54
maize,57,37,87,7.62,14.06,2546.38,35.97,60.82,Sandy,1.55,6.24,3.47,South,1814,Rabi,Drip,140.67,9.86,9.5
wheat,107,76,83,5.64,16.27,2270.18,81.29,45.23,Sandy,0.65,10.84,16.77,Central,1262,Zaid,Rainfed,326.1,2.63,11.13
cotton,159,60,90,6.58,33.62,1629.0,38.78,48.0,Silt,0.64,6.9,10.66,Central,115,Zaid,Rainfed,177.94,4.1,6.43
wheat,138,53,37,6.83,29.02,735.51,46.37,41.68,Loamy,1.04,6.59,11.18,North,277,Kharif,Sprinkler,288.83,17.81,8.52
sugarcane,43,29,132,6.03,12.89,1784.08,88.27,34.56,Sandy,1.41,9.51,11.89,Central,1546,Kharif,Rainfed,192.66,24.17,76.2
potato,85,67,144,7.06,38.78,1186.41,38.65,32.59,Clay,0.66,8.41,15.5,South,487,Rabi,Rainfed,237.16,16.67,23.56
wheat,144,78,146,5.65,32.88,393.16,45.07,59.58,Loamy,0.46,9.38,4.58,West,854,Rabi,Rainfed,342.45,16.85,10.68
maize,36,77,80,4.92,26.58,2022.97,50.15,43.83,Loamy,0.65,9.46,16.49,North,1865,Kharif,Drip,64.82,20.09,8.04
maize,32,94,94,8.06,20.29,939.21,78.37,56.16,Loamy,0.88,8.46,14.27,North,10,Zaid,Canal,80.79,19.67,8.54
sugarcane,140,30,126,5.89,12.82,885.41,49.25,40.7,Loamy,0.77,9.91,4.81,Central,1091,Zaid,Drip,140.26,17.64,75.78
sugarcane,136,84,100,7.23,20.75,1959.49,79.56,30.35,Sandy,1.42,9.08,14.58,South,82,Zaid,Drip,206.42,20.37,74.07
sugarcane,47,80,125,6.53,19.69,2478.55,42.34,19.59,Sandy,1.53,8.04,9.57,West,1579,Kharif,Drip,339.16,12.83,76.85
maize,67,27,47,7.07,12.35,1005.07,66.06,31.18,Sandy,0.79,9.33,10.78,Central,216,Zaid,Drip,170.07,3.58,8.37
cotton,144,61,27,5.18,33.51,2243.89,87.58,59.01,Clay,1.37,7.48,17.87,North,797,Kharif,Rainfed,182.94,18.82,8.22
wheat,44,23,110,6.56,22.46,2514.35,32.46,50.6,Sandy,0.39,7.4,1.22,East,1718,Rabi,Canal,248.64,5.62,8.92
potato,148,77,140,6.13,36.69,827.44,84.51,54.29,Sandy,1.02,6.38,16.92,Central,536,Kharif,Rainfed,344.66,22.79,27.77
sugarcane,57,48,85,6.34,14.74,2593.58,39.89,53.67,Clay,1.38,9.93,13.33,North,1623,Rabi,Drip,137.06,1.81,76.73
wheat,68,95,114,8.09,19.53,1007.78,64.86,21.0,Sandy,0.84,6.1,6.92,North,649,Rabi,Canal,242.95,3.67,7.8
potato,46,43,83,5.26,18.37,844.49,32.93,22.94,Silt,0.49,5.76,13.4,East,1747,Rabi,Canal,284.06,11.22,23.76
wheat,115,51,84,7.37,35.95,1201.76,64.28,30.86,Silt,0.67,5.54,4.45,West,789,Kharif,Drip,118.46,14.75,6.07
potato,155,57,144,5.92,25.23,870.54,66.9,30.05,Sandy,0.94,8.62,9.73,Central,536,Kharif,Canal,119.9,13.79,21.37
potato,73,78,33,5.79,14.25,1731.34,78.46,18.3,Loamy,1.4,5.4,14.87,East,1431,Rabi,Drip,237.51,6.14,23.95
rice,54,38,44,5.72,20.72,1481.93,54.97,22.67,Sandy,1.27,10.07,4.56,North,2144,Rabi,Rainfed,285.79,6.97,7.72
wheat,174,85,119,5.99,38.3,1974.56,84.94,57.81,Clay,0.41,8.89,10.53,Central,684,Kharif,Rainfed,166.8,9.31,10.08
rice,42,48,124,6.01,26.54,2110.76,52.22,44.45,Loamy,1.01,9.53,1.72,North,1702,Kharif,Canal,308.29,10.25,12.09
maize,54,62,84,5.72,11.1,504.51,35.5,32.11,Clay,1.43,4.99,15.22,East,1382,Rabi,Sprinkler,190.23,20.71,9.47
wheat,97,26,38,7.07,11.74,684.08,53.21,41.32,Silt,1.05,4.1,6.96,South,807,Kharif,Drip,199.85,1.14,7.68
cotton,167,37,125,4.96,17.07,2274.2,48.38,28.07,Clay,0.38,4.57,6.57,South,554,Rabi,Rainfed,162.31,19.93,6.28
potato,96,93,73,5.93,28.64,465.61,56.79,44.19,Sandy,1.37,8.74,5.36,South,2068,Zaid,Canal,126.9,22.83,24.04
wheat,138,27,123,5.75,17.36,1946.99,41.97,18.73,Silt,1.48,4.72,13.22,South,1406,Zaid,Rainfed,131.07,19.23,9.09
cotton,175,59,34,7.35,35.5,1958.79,52.22,60.13,Loamy,0.81,7.31,3.96,Central,731,Kharif,Canal,263.7,22.01,10.03
maize,140,79,67,5.3,28.88,2142.78,83.17,27.02,Sandy,0.7,9.62,1.58,South,625,Zaid,Drip,182.68,16.26,11.59
sugarcane,140,61,53,8.0,19.02,846.64,69.15,55.95,Silt,1.01,6.5,5.73,South,1520,Rabi,Rainfed,141.2,3.18,73.42
maize,63,72,118,5.38,21.82,677.63,41.89,48.0,Loamy,1.58,4.33,12.27,Central,1993,Zaid,Sprinkler,207.06,16.69,8.95
potato,140,19,38,6.06,21.26,1424.9,33.17,41.15,Silt,1.39,10.18,1.85,East,1457,Zaid,Rainfed,69.82,5.79,21.48
potato,37,91,89,5.48,19.43,406.99,43.0,61.49,Loamy,1.35,8.96,8.26,West,1217,Rabi,Canal,208.48,15.61,23.95
maize,142,19,134,5.77,28.9,2404.61,54.55,22.84,Loamy,0.55,4.25,14.71,East,1246,Zaid,Drip,232.5,19.93,12.39
sugarcane,112,74,115,7.39,16.05,2166.9,52.03,20.96,Clay,1.46,6.27,8.26,Central,534,Kharif,Sprinkler,332.07,4.88,74.72
cotton,71,35,94,6.42,18.76,2511.74,80.91,31.09,Sandy,1.02,6.61,10.39,East,1718,Zaid,Drip,260.03,21.84,9.73
sugarcane,130,38,55,5.35,12.56,474.39,65.16,56.51,Loamy,1.49,10.08,8.27,South,1329,Zaid,Rainfed,192.37,23.16,74.78
rice,35,32,82,4.96,21.28,2602.19,80.55,16.76,Loamy,1.15,4.6,3.96,South,393,Zaid,Rainfed,220.77,1.33,11.71
rice,55,35,112,5.58,11.93,2191.59,89.93,26.97,Clay,1.38,9.39,17.5,Central,1288,Kharif,Rainfed,344.7,16.28,8.47
maize,93,68,24,8.02,10.54,581.89,47.42,36.24,Loamy,0.52,10.82,4.24,West,1295,Rabi,Canal,105.45,13.8,8.91
potato,88,24,44,7.67,29.38,561.7,58.65,50.65,Loamy,1.22,6.7,11.55,South,705,Rabi,Rainfed,251.73,1.66,24.34
maize,138,38,117,6.3,14.87,2549.96,72.33,29.97,Silt,0.63,4.17,5.63,West,1736,Zaid,Canal,272.94,15.48,12.47
wheat,150,99,31,6.44,11.06,1465.37,60.71,37.41,Sandy,0.52,5.68,15.0,South,521,Rabi,Canal,173.48,11.28,9.76
maize,62,74,103,7.86,12.05,2797.12,49.61,31.84,Clay,1.05,4.89,14.5,Central,291,Kharif,Sprinkler,137.98,0.99,9.55
wheat,179,71,48,6.81,15.98,1887.52,78.97,19.6,Clay,1.08,9.52,8.75,North,718,Kharif,Drip,146.11,18.24,7.13
sugarcane,50,37,128,7.79,31.63,2019.75,83.55,51.93,Loamy,0.94,6.46,4.22,North,53,Rabi,Sprinkler,167.2,24.87,74.21
potato,99,36,46,6.47,10.36,1469.69,46.69,38.07,Loamy,0.42,10.29,1.82,West,1054,Zaid,Sprinkler,124.46,18.36,24.24
potato,141,82,74,5.48,31.8,1392.23,46.89,55.63,Clay,0.62,10.4,9.1,Central,1833,Rabi,Sprinkler,173.08,16.31,24.42
sugarcane,33,48,71,7.27,27.91,2304.62,64.05,49.73,Loamy,0.61,6.58,3.79,North,281,Rabi,Sprinkler,279.88,22.68,75.0
rice,123,84,32,6.59,25.42,1421.85,78.98,17.89,Loamy,0.71,8.23,17.14,West,1683,Kharif,Drip,233.18,18.92,11.02
rice,104,42,61,7.07,37.28,1545.94,61.2,40.0,Silt,1.12,10.61,3.32,South,2187,Rabi,Canal,277.07,20.33,13.3
rice,91,53,98,5.33,34.89,1277.27,33.6,64.54,Clay,0.87,4.6,5.01,South,379,Zaid,Drip,336.0,3.45,11.44
maize,123,56,37,7.0,22.56,790.72,47.7,30.39,Loamy,1.56,9.41,14.06,East,562,Zaid,Rainfed,131.47,2.47,8.07
wheat,124,37,69,6.1,10.2,2422.27,60.17,39.65,Sandy,0.32,4.34,8.33,Central,1679,Zaid,Drip,156.06,22.53,8.35
sugarcane,84,84,21,5.93,31.32,851.78,74.2,47.6,Loamy,0.58,7.11,7.08,North,1433,Zaid,Drip,153.01,22.77,73.15
sugarcane,166,94,106,7.08,11.43,1054.21,76.5,25.11,Silt,1.05,7.59,7.17,South,2065,Rabi,Sprinkler,255.84,5.49,75.37
potato,160,16,126,6.81,18.34,1781.99,75.14,50.13,Silt,1.44,7.85,10.0,North,2039,Kharif,Drip,178.06,20.87,26.53
cotton,60,38,66,7.01,24.79,1115.31,35.69,47.99,Clay,0.34,9.94,10.1,West,436,Zaid,Canal,141.26,23.99,4.78
sugarcane,69,31,108,8.08,12.98,1183.44,66.96,33.75,Silt,1.45,5.45,6.51,North,223,Zaid,Drip,242.76,6.57,73.72
rice,65,79,31,7.18,30.38,309.71,55.53,29.22,Silt,0.96,7.09,12.8,West,1750,Rabi,Sprinkler,323.75,4.18,7.89
maize,35,84,32,6.98,19.64,2302.54,48.81,60.96,Sandy,1.32,5.92,5.87,Central,1848,Rabi,Sprinkler,148.33,7.11,14.32
maize,95,83,78,6.89,20.85,1536.07,79.66,21.35,Silt,1.53,8.13,5.08,East,1678,Rabi,Drip,264.8,15.93,9.4
cotton,104,74,62,6.16,29.45,790.55,51.5,36.6,Loamy,0.58,7.91,15.74,South,397,Rabi,Rainfed,179.78,22.8,5.11
sugarcane,33,64,93,7.65,21.95,2080.47,40.95,53.35,Silt,1.06,9.51,2.9,South,1209,Kharif,Rainfed,318.01,16.52,77.68
maize,108,26,42,6.1,16.74,1940.01,71.74,22.41,Sandy,1.45,5.24,17.49,South,796,Rabi,Drip,227.71,5.19,8.84
potato,163,61,98,7.18,15.3,1240.94,38.13,61.65,Clay,1.4,9.71,10.62,West,866,Kharif,Drip,174.28,8.37,25.61
cotton,147,81,42,5.8,31.72,1745.37,47.63,41.31,Sandy,0.98,6.44,16.77,South,706,Zaid,Drip,291.46,12.54,9.29
cotton,142,79,120,5.3,32.52,1966.73,56.67,40.24,Loamy,1.53,7.98,17.69,Central,1304,Zaid,Rainfed,210.35,4.23,9.29
wheat,123,41,128,5.24,15.87,454.96,38.5,36.21,Loamy,1.22,5.6,8.08,North,1655,Zaid,Rainfed,254.2,17.77,8.19
wheat,91,62,130,6.96,19.57,1344.03,47.24,58.37,Clay,0.98,7.34,4.28,West,615,Kharif,Canal,262.37,18.63,8.61
potato,108,76,36,5.92,38.7,1611.68,68.5,62.42,Sandy,0.38,5.17,16.93,East,110,Rabi,Rainfed,331.29,13.26,27.29
cotton,165,58,105,5.74,39.53,2108.3,63.44,34.0,Sandy,0.93,8.8,15.45,East,1919,Zaid,Rainfed,79.91,14.96,4.7
sugarcane,55,33,58,6.81,27.56,1254.21,80.66,42.12,Clay,0.85,4.32,4.07,East,1136,Zaid,Canal,196.58,6.52,73.35
potato,73,73,60,4.89,32.71,726.92,38.45,30.77,Clay,0.7,8.21,3.58,North,1668,Zaid,Sprinkler,224.17,7.24,25.25
sugarcane,162,22,67,5.64,32.45,524.05,81.83,33.4,Clay,1.53,9.26,17.84,North,537,Rabi,Sprinkler,324.9,4.27,73.0
maize,99,69,96,5.96,21.87,2323.41,34.54,16.42,Clay,1.5,10.17,10.83,South,1477,Rabi,Rainfed,91.26,13.29,8.69
maize,147,61,20,7.21,11.45,1497.95,74.61,54.3,Loamy,0.74,9.72,8.71,North,1622,Rabi,Canal,128.8,8.98,9.79
rice,97,16,136,6.65,32.22,873.26,42.41,63.47,Loamy,0.87,10.26,11.61,South,1913,Rabi,Rainfed,331.44,6.15,10.9
rice,48,53,38,7.71,14.07,2312.09,84.19,53.48,Clay,1.28,8.3,15.19,Central,1669,Kharif,Drip,199.8,1.27,10.25
rice,49,59,78,5.94,18.71,2329.85,32.49,40.91,Silt,1.39,4.36,1.25,North,986,Zaid,Canal,251.94,13.6,10.6
sugarcane,142,46,126,5.81,19.47,1928.2,64.81,56.38,Clay,0.44,10.79,2.72,Central,1948,Rabi,Drip,220.75,1.93,76.68
sugarcane,169,79,47,4.91,20.47,600.29,30.77,57.89,Silt,0.94,9.45,12.62,East,1768,Rabi,Sprinkler,320.85,18.11,76.81
cotton,76,52,53,8.04,23.97,1058.72,74.16,42.23,Silt,1.49,8.15,12.54,Central,1122,Zaid,Canal,86.45,14.87,3.84
cotton,30,91,58,6.51,25.05,2506.23,32.02,61.86,Sandy,1.16,7.22,17.75,East,2138,Kharif,Rainfed,74.9,9.18,8.37
maize,119,25,145,6.51,24.51,603.81,73.63,16.51,Silt,1.01,4.68,1.46,South,949,Zaid,Drip,192.84,16.44,8.29
maize,171,24,102,7.94,14.89,2051.38,78.51,15.5,Silt,1.23,4.07,2.35,West,723,Rabi,Canal,320.85,14.97,11.21
rice,93,73,125,5.79,29.46,940.2,83.73,19.07,Silt,1.16,7.05,9.16,Central,932,Rabi,Canal,234.37,12.73,7.96
cotton,67,69,129,5.93,33.71,385.51,51.57,17.89,Loamy,1.52,10.81,12.19,West,2045,Kharif,Sprinkler,263.13,23.36,6.19
cotton,66,34,140,7.03,23.85,2022.64,62.55,36.23,Sandy,1.49,7.68,5.39,West,558,Zaid,Drip,317.77,24.08,10.64
potato,155,95,126,7.47,35.15,962.28,74.01,62.02,Sandy,0.82,6.75,5.36,South,1632,Zaid,Drip,102.15,19.87,24.73
rice,168,31,42,7.18,23.33,2157.5,79.24,48.76,Silt,0.34,7.19,1.66,East,1037,Zaid,Drip,241.24,21.46,10.8
wheat,129,82,90,7.48,27.05,1217.48,76.97,47.97,Loamy,0.73,6.09,1.79,North,63,Rabi,Canal,112.17,10.24,8.16
sugarcane,106,19,126,6.76,12.09,848.46,80.87,34.24,Clay,0.56,10.84,2.53,South,2086,Kharif,Canal,287.99,24.03,75.61
potato,32,74,65,7.73,14.41,2574.95,83.86,41.69,Loamy,0.47,4.93,2.18,West,881,Kharif,Rainfed,282.6,10.9,24.77
maize,163,37,89,6.67,33.02,1188.11,69.02,30.21,Sandy,1.45,8.87,15.96,North,123,Zaid,Drip,82.94,20.9,10.11
maize,39,60,50,5.58,17.48,2586.21,40.44,40.89,Silt,1.22,7.16,7.92,North,993,Zaid,Canal,333.68,23.46,11.71
potato,34,66,112,6.64,12.81,2703.2,80.01,52.33,Loamy,0.34,5.07,13.9,East,1420,Kharif,Drip,174.9,18.56,25.95
sugarcane,167,24,137,7.22,27.05,1316.1,57.8,42.93,Silt,1.5,8.11,3.16,West,1821,Rabi,Rainfed,94.98,3.42,75.28
sugarcane,159,60,100,7.02,12.83,2095.75,33.04,35.94,Clay,1.47,8.16,1.19,South,1633,Zaid,Drip,128.76,21.64,75.17
rice,42,42,79,5.63,30.52,1291.39,67.56,57.25,Loamy,1.53,5.26,17.97,East,7,Rabi,Rainfed,322.75,2.92,11.55
potato,159,57,95,4.94,30.68,1941.11,73.65,29.37,Clay,1.38,7.23,14.55,South,1596,Zaid,Sprinkler,201.81,22.78,27.55
cotton,113,40,82,5.66,23.59,2229.66,57.47,39.07,Clay,0.4,10.29,15.15,Central,1384,Kharif,Drip,255.76,24.16,6.64
cotton,94,69,119,8.15,30.57,1896.13,60.4,63.91,Sandy,1.11,4.8,11.24,West,1817,Zaid,Canal,190.57,18.16,6.9
sugarcane,92,62,67,5.43,33.98,1023.91,63.0,63.37,Sandy,0.41,10.83,4.36,West,1288,Zaid,Sprinkler,88.85,21.27,74.96
cotton,130,43,93,6.38,15.93,1070.41,45.15,15.31,Silt,1.23,4.06,1.4,East,726,Zaid,Canal,248.36,1.82,8.26
sugarcane,102,41,77,6.97,29.49,2454.26,52.44,41.61,Clay,0.56,8.36,13.7,South,1832,Zaid,Sprinkler,349.64,6.74,77.31
sugarcane,46,32,49,7.79,30.77,1710.13,78.41,31.85,Clay,1.52,7.93,14.79,North,1280,Rabi,Canal,210.1,16.6,73.9
cotton,38,74,29,7.38,15.83,2553.94,31.79,29.56,Sandy,1.51,4.08,9.18,East,466,Kharif,Sprinkler,124.24,21.56,6.02
sugarcane,172,88,58,7.89,31.81,1347.08,63.41,44.81,Clay,1.07,8.34,11.57,West,1124,Rabi,Sprinkler,139.21,22.49,75.0
cotton,67,83,74,6.85,31.59,958.17,31.91,37.32,Loamy,1.28,9.58,17.64,West,256,Kharif,Sprinkler,131.65,11.95,8.07
rice,123,88,47,7.74,14.72,1820.52,42.1,51.64,Clay,1.42,4.41,6.74,North,373,Kharif,Rainfed,333.91,7.69,11.44
potato,124,35,137,5.7,19.52,2525.03,52.37,16.36,Clay,0.81,7.51,15.45,South,1170,Rabi,Rainfed,336.2,9.16,24.56
potato,78,38,133,6.26,38.23,1553.39,41.19,61.34,Sandy,1.05,9.11,15.84,West,1857,Rabi,Drip,142.84,10.34,24.58
sugarcane,98,17,94,7.67,12.13,994.55,80.91,43.38,Sandy,0.53,9.55,2.42,East,1537,Kharif,Rainfed,62.03,14.66,73.47
maize,91,76,84,5.91,16.87,853.82,82.21,49.2,Silt,1.58,9.76,9.08,South,1935,Rabi,Drip,151.74,17.9,10.54
rice,107,16,100,7.76,27.36,1422.99,39.18,45.23,Sandy,1.51,4.57,10.85,South,2126,Zaid,Drip,224.81,1.02,8.99
wheat,146,80,119,6.03,39.06,2435.83,83.54,64.46,Loamy,0.93,8.64,3.46,West,2085,Zaid,Sprinkler,297.48,17.05,12.73
wheat,149,56,119,6.04,17.71,1014.18,43.8,64.31,Clay,1.02,9.04,7.99,Central,449,Rabi,Drip,181.15,18.0,9.92
sugarcane,166,48,65,5.85,34.5,1684.31,30.73,45.49,Silt,0.87,5.92,8.7,East,385,Zaid,Rainfed,200.35,16.98,76.79
sugarcane,105,56,79,6.66,21.02,732.63,74.21,49.2,Clay,0.3,10.83,5.72,West,975,Kharif,Rainfed,96.7,20.76,74.37
maize,64,34,116,5.24,20.57,2157.65,61.09,45.93,Sandy,0.6,9.03,2.53,East,819,Rabi,Drip,226.1,24.82,11.02
potato,30,82,22,4.92,39.88,1447.9,59.9,30.53,Clay,0.43,10.42,6.92,West,1824,Rabi,Sprinkler,238.39,8.97,22.81
rice,69,59,133,7.85,34.52,896.48,30.16,24.63,Clay,0.72,8.86,11.39,Central,717,Rabi,Sprinkler,100.07,3.98,4.07
rice,93,89,135,7.96,17.46,2187.4,88.71,35.14,Loamy,0.61,4.91,7.32,South,178,Zaid,Sprinkler,151.97,20.97,10.33
sugarcane,179,56,77,5.06,15.57,2120.11,79.95,49.14,Clay,1.29,5.81,5.0,Central,1406,Rabi,Canal,142.66,1.1,74.44
rice,89,61,89,6.67,12.52,383.9,88.05,17.8,Loamy,0.96,6.96,4.37,East,489,Rabi,Drip,316.37,4.51,11.27
maize,93,19,112,6.63,24.48,1404.17,44.62,40.72,Clay,1.36,7.0,7.93,South,1557,Zaid,Canal,225.91,24.11,11.02
maize,122,63,124,6.07,20.04,1782.57,66.22,35.42,Sandy,1.13,8.52,17.46,West,466,Zaid,Canal,265.22,22.46,8.82
sugarcane,101,51,68,6.73,21.42,939.93,74.8,41.37,Silt,1.15,8.05,11.72,Central,744,Kharif,Canal,179.25,9.42,75.02
wheat,40,48,102,6.36,22.94,440.73,78.2,58.01,Sandy,1.44,4.6,2.79,Central,1514,Zaid,Rainfed,173.58,21.13,7.84
maize,134,87,36,6.46,39.73,1009.94,76.9,17.38,Silt,1.4,9.88,3.35,West,313,Rabi,Rainfed,150.41,4.23,8.32
cotton,43,84,73,7.37,10.09,2467.82,64.34,53.18,Clay,0.38,9.97,11.12,West,1305,Rabi,Drip,132.5,22.56,7.43
sugarcane,89,32,131,6.59,22.78,1148.32,31.9,48.35,Sandy,1.05,9.96,5.22,Central,1186,Kharif,Rainfed,339.59,10.61,76.55
cotton,59,92,68,5.9,11.95,2266.72,89.64,25.19,Loamy,0.84,5.54,15.16,East,1025,Zaid,Sprinkler,186.08,6.58,7.01
sugarcane,64,33,104,6.78,30.19,2055.55,36.89,51.71,Sandy,1.08,6.23,2.18,Central,1317,Kharif,Sprinkler,159.63,21.0,72.82
maize,34,92,31,6.98,11.51,2696.5,40.85,39.82,Loamy,1.42,9.15,5.02,Central,579,Zaid,Rainfed,164.15,6.16,10.75
potato,112,54,145,7.05,33.0,2480.06,79.47,39.05,Clay,0.32,6.84,11.79,East,555,Kharif,Canal,165.26,7.09,25.55
sugarcane,152,31,117,6.9,36.03,2653.96,36.03,39.15,Clay,0.31,7.13,12.16,West,561,Kharif,Sprinkler,111.68,13.53,78.31
maize,107,74,67,7.06,39.12,358.24,42.8,62.46,Silt,0.38,8.18,13.13,East,326,Kharif,Drip,119.27,13.15,7.83
wheat,91,56,47,5.85,13.63,1043.23,31.22,62.22,Sandy,1.44,4.23,15.74,East,1849,Kharif,Sprinkler,253.09,8.81,8.45
rice,161,95,99,6.32,39.37,2481.88,39.4,60.68,Clay,0.76,4.21,17.47,South,1065,Rabi,Canal,64.14,14.91,10.42
sugarcane,118,86,29,7.07,22.37,1231.78,69.54,59.34,Silt,0.78,4.42,4.42,Central,1977,Zaid,Drip,271.82,5.39,76.34
rice,71,79,71,7.36,28.98,431.86,51.63,16.88,Silt,0.75,5.56,5.4,East,2022,Zaid,Canal,110.04,6.47,7.16
rice,118,67,109,6.28,10.0,2621.54,38.11,35.03,Clay,0.6,10.87,7.7,North,1420,Rabi,Canal,288.31,8.72,12.0
sugarcane,175,21,81,6.04,21.11,1429.99,45.84,59.74,Loamy,0.35,4.69,7.51,Central,735,Rabi,Drip,159.6,11.96,74.43
wheat,69,19,126,7.23,20.59,429.52,75.22,52.76,Loamy,1.48,10.19,7.01,North,819,Rabi,Sprinkler,99.47,16.4,8.03
cotton,101,38,60,5.56,25.11,1009.52,63.41,37.83,Silt,0.6,4.84,2.06,North,233,Rabi,Rainfed,280.61,9.89,7.54
cotton,68,42,118,4.83,13.98,2439.44,58.56,53.66,Clay,1.46,9.16,15.67,East,215,Rabi,Canal,192.47,13.55,7.02
sugarcane,133,76,74,6.4,30.71,2274.16,32.8,25.41,Sandy,1.54,8.46,12.28,North,1745,Zaid,Canal,110.65,23.85,74.19
sugarcane,43,31,47,5.39,27.87,2793.12,60.7,44.99,Sandy,1.05,9.1,14.38,West,550,Rabi,Sprinkler,236.89,4.64,75.44
sugarcane,61,34,120,6.09,16.37,1400.08,58.89,41.65,Silt,0.78,4.61,18.0,Central,462,Kharif,Sprinkler,235.01,4.12,76.37
cotton,154,17,66,5.79,39.51,1056.31,56.57,43.68,Sandy,1.3,9.26,9.32,North,788,Kharif,Drip,241.35,14.71,6.18
maize,126,51,149,7.44,10.17,632.87,59.25,51.09,Clay,0.33,6.29,3.26,East,31,Kharif,Rainfed,140.57,23.95,11.28
wheat,52,29,136,5.93,20.08,1045.15,34.46,62.49,Sandy,1.51,5.76,15.16,South,769,Kharif,Sprinkler,61.05,18.7,7.54
cotton,92,65,127,6.98,17.85,799.08,85.98,28.2,Sandy,0.83,8.37,13.62,East,840,Rabi,Rainfed,278.65,6.43,7.23
sugarcane,172,62,88,7.09,26.8,1970.05,48.37,52.9,Clay,0.7,4.7,14.06,West,1743,Zaid,Rainfed,63.94,19.66,74.82
rice,174,22,47,6.35,36.65,2215.45,69.15,47.26,Loamy,0.47,5.69,3.74,South,2079,Rabi,Canal,148.76,8.1,11.01
sugarcane,82,27,98,5.08,29.73,2309.05,51.54,49.76,Loamy,1.54,7.87,13.83,West,1671,Zaid,Sprinkler,150.74,8.23,75.35
maize,133,62,33,7.18,11.43,2180.42,49.68,36.45,Silt,1.35,9.46,11.07,South,431,Zaid,Drip,127.14,6.82,9.11
rice,133,17,65,5.06,35.9,1525.85,73.5,62.23,Clay,1.24,10.08,1.86,South,338,Kharif,Rainfed,166.15,14.73,11.49
cotton,68,79,35,5.14,17.95,1281.16,55.13,38.98,Loamy,1.51,6.99,5.97,South,1650,Kharif,Drip,282.53,0.01,8.11
wheat,163,87,100,5.47,13.31,550.38,66.95,21.08,Sandy,1.55,10.83,4.75,North,1483,Zaid,Canal,284.86,0.52,8.11
wheat,96,45,77,5.75,22.98,1746.62,46.45,49.03,Silt,0.65,9.42,5.95,Central,467,Zaid,Sprinkler,96.84,18.48,8.28
maize,164,40,67,7.68,36.96,1432.08,45.93,21.44,Clay,1.32,6.82,4.4,West,1299,Rabi,Drip,292.39,1.48,10.03
potato,71,95,68,7.09,11.04,908.14,41.94,31.13,Clay,1.3,6.74,7.76,South,1369,Rabi,Canal,96.85,18.73,21.98
maize,44,70,108,6.12,28.77,2306.41,48.05,26.4,Silt,1.02,7.08,4.69,North,1927,Kharif,Drip,291.1,7.35,11.95
wheat,140,48,149,8.13,19.97,2077.69,33.89,41.95,Loamy,0.5,9.23,7.73,East,801,Rabi,Rainfed,153.52,19.91,8.3
maize,62,23,33,5.63,28.68,1720.4,34.67,32.38,Silt,1.52,6.24,1.28,Central,582,Rabi,Canal,77.11,15.67,8.75
rice,67,76,122,6.87,17.99,801.29,81.17,22.99,Silt,0.71,4.72,13.51,East,776,Kharif,Drip,332.3,19.31,10.57
sugarcane,126,27,140,7.68,39.01,1725.06,46.79,54.54,Clay,1.05,7.94,6.9,South,1990,Kharif,Drip,255.44,11.5,76.74
rice,62,83,142,7.53,13.41,810.24,62.3,38.42,Clay,0.33,8.32,5.89,South,1601,Kharif,Canal,187.49,21.26,7.4
sugarcane,115,55,89,5.11,14.74,2130.71,59.79,37.72,Sandy,0.86,10.58,15.6,North,1107,Rabi,Drip,97.45,7.55,73.51
sugarcane,95,91,122,7.17,11.37,731.01,68.05,59.32,Silt,1.1,4.94,13.73,West,995,Rabi,Canal,76.56,7.08,72.41
sugarcane,39,15,121,5.68,33.85,2148.86,68.88,41.94,Clay,0.8,7.73,15.67,South,1409,Zaid,Canal,271.94,0.46,74.49
wheat,34,61,83,6.01,12.82,1651.9,52.01,50.49,Clay,0.92,5.51,15.84,South,110,Kharif,Canal,332.98,5.18,8.79
maize,152,18,37,6.46,18.3,2741.59,38.01,31.4,Clay,0.55,9.29,13.4,West,101,Zaid,Sprinkler,316.38,8.3,11.37
maize,103,77,82,7.49,16.17,1467.26,40.64,43.06,Clay,0.76,6.48,1.98,North,1902,Rabi,Drip,200.48,20.42,9.43
potato,126,66,68,5.37,20.61,899.29,51.56,51.32,Silt,1.24,8.47,2.63,Central,287,Rabi,Rainfed,145.9,3.27,21.97
sugarcane,147,24,75,5.17,32.97,2399.14,63.61,29.82,Silt,1.56,5.21,2.25,South,637,Kharif,Drip,101.3,13.36,74.27
cotton,67,42,110,5.32,38.51,1750.98,66.85,49.43,Loamy,0.91,8.07,5.21,East,1986,Kharif,Sprinkler,153.95,6.87,6.36
rice,170,20,77,5.54,36.37,1642.06,85.94,43.44,Silt,1.19,4.11,15.69,Central,1296,Zaid,Drip,295.83,14.79,9.45
wheat,76,41,74,5.0,35.23,563.14,48.31,36.71,Clay,1.57,9.89,1.65,Central,500,Kharif,Rainfed,269.98,24.99,7.54
maize,138,26,104,7.95,22.52,1251.8,36.56,50.65,Sandy,1.31,8.13,1.96,Central,1537,Rabi,Drip,332.14,20.23,11.59
maize,44,76,38,5.88,34.05,311.61,62.26,30.85,Silt,0.31,5.54,3.0,North,1790,Kharif,Rainfed,115.57,5.35,9.09
cotton,165,66,122,5.4,33.31,838.83,34.0,50.73,Loamy,1.52,6.34,10.83,East,164,Zaid,Rainfed,108.03,23.15,5.66
wheat,34,62,131,6.97,17.43,1612.84,39.94,42.56,Silt,1.43,5.05,6.43,West,46,Rabi,Rainfed,231.16,8.6,8.91
sugarcane,76,81,127,7.48,17.87,1483.32,63.25,27.28,Clay,0.65,8.71,16.99,North,182,Zaid,Rainfed,262.88,16.33,73.66
rice,97,60,66,7.36,24.97,1718.47,85.47,48.41,Loamy,0.54,6.62,3.3,North,1248,Zaid,Sprinkler,163.08,23.57,9.84
cotton,105,88,126,7.24,38.9,2470.28,41.73,59.24,Clay,1.47,10.68,14.68,South,766,Kharif,Sprinkler,242.09,21.41,10.89
cotton,159,29,103,4.97,13.24,950.29,51.75,30.5,Clay,1.2,10.26,11.96,Central,298,Rabi,Rainfed,282.8,11.3,5.63
wheat,124,85,147,7.46,39.65,1992.62,56.57,55.62,Silt,0.61,9.7,12.1,Central,442,Zaid,Drip,266.82,2.96,11.12
sugarcane,144,50,77,6.51,14.77,1677.75,87.21,31.81,Silt,1.23,5.85,6.98,West,1828,Rabi,Sprinkler,121.51,11.85,75.78
sugarcane,65,28,116,7.01,24.57,2351.34,74.14,56.06,Loamy,1.08,6.04,1.08,West,2177,Rabi,Sprinkler,228.29,15.83,77.36
wheat,55,92,66,8.05,19.12,968.33,49.93,17.56,Loamy,0.7,6.86,7.23,North,913,Kharif,Rainfed,218.95,5.67,7.54
wheat,72,17,122,7.56,22.59,2775.72,46.28,15.36,Loamy,1.02,10.43,11.22,North,1531,Kharif,Sprinkler,236.36,3.08,8.32
wheat,56,81,103,7.61,38.74,1959.72,61.11,20.66,Loamy,0.99,7.32,13.53,East,1953,Zaid,Drip,189.46,24.13,7.05
maize,98,33,68,5.42,28.95,401.29,52.88,58.7,Sandy,0.96,4.67,10.4,South,882,Kharif,Canal,226.19,20.28,11.09
wheat,177,90,131,6.42,18.93,311.6,67.01,41.69,Loamy,0.97,5.63,17.68,West,1994,Rabi,Drip,177.31,14.53,7.68
rice,40,68,79,8.03,28.85,2469.61,62.09,44.71,Silt,0.3,4.33,10.97,North,104,Kharif,Sprinkler,305.92,14.36,10.36
cotton,103,83,85,6.78,23.56,954.08,32.03,57.11,Sandy,0.65,4.4,2.41,North,1078,Zaid,Canal,135.0,18.86,7.84
maize,133,24,106,5.15,38.3,892.66,34.47,17.53,Clay,0.86,10.46,15.54,South,1699,Zaid,Canal,87.27,18.71,7.14
potato,67,47,145,7.29,20.59,1674.47,38.04,34.36,Clay,0.47,8.32,12.1,West,1960,Rabi,Sprinkler,115.2,4.45,24.92
rice,163,27,45,4.95,27.53,723.48,69.04,47.15,Loamy,1.27,4.71,9.79,Central,1567,Kharif,Drip,260.06,7.84,6.76
rice,52,65,90,7.32,35.48,1021.67,88.64,35.23,Clay,1.4,8.09,14.25,South,1813,Kharif,Canal,148.28,16.13,5.99
cotton,76,46,93,7.79,38.77,1590.23,57.16,16.61,Sandy,1.36,10.8,12.73,West,219,Rabi,Drip,135.24,18.86,4.61
wheat,119,89,66,6.25,33.98,2754.7,38.96,47.55,Silt,0.9,4.11,17.13,South,2084,Kharif,Drip,137.12,1.28,9.11
rice,75,38,95,6.21,38.07,682.97,66.6,34.57,Silt,1.2,9.22,8.89,South,363,Zaid,Drip,80.24,17.72,6.9
sugarcane,136,49,115,5.83,23.91,404.86,67.52,15.96,Sandy,0.4,5.23,13.08,Central,1286,Rabi,Rainfed,336.13,0.36,74.39
potato,169,97,50,7.78,32.94,2070.09,75.35,23.53,Loamy,0.56,6.64,8.81,West,265,Kharif,Drip,160.07,7.13,23.34
potato,170,84,41,6.66,12.84,1840.54,72.59,25.88,Loamy,0.36,4.8,5.73,East,673,Rabi,Sprinkler,246.92,23.83,26.98
rice,133,54,36,6.77,27.81,1083.24,71.27,40.53,Loamy,1.56,4.05,6.43,East,2054,Rabi,Sprinkler,270.83,10.85,11.17
sugarcane,140,68,117,7.05,10.41,998.49,73.49,24.32,Sandy,1.05,4.7,11.06,North,1175,Kharif,Sprinkler,169.2,12.29,74.59
maize,133,58,68,5.82,17.8,2469.64,79.15,33.07,Loamy,0.53,8.01,4.07,Central,1966,Rabi,Canal,313.49,18.49,11.63
rice,89,76,106,6.27,29.97,1103.3,83.73,52.53,Silt,1.22,10.31,9.59,Central,2119,Kharif,Rainfed,266.86,14.6,11.78
maize,129,82,57,7.32,15.15,1782.47,30.2,55.39,Sandy,0.94,4.15,12.79,South,808,Zaid,Canal,77.28,7.57,9.26
wheat,97,47,72,8.15,16.0,1363.41,69.97,54.77,Sandy,0.86,4.44,10.12,West,977,Zaid,Drip,297.88,14.75,9.48
wheat,162,91,47,4.92,11.85,1618.55,86.47,49.75,Clay,1.49,5.14,10.56,East,618,Kharif,Canal,123.85,13.6,6.9
wheat,149,70,96,4.95,32.42,2520.39,75.47,42.09,Clay,1.22,10.81,4.61,Central,915,Rabi,Rainfed,175.04,3.21,7.95
maize,66,50,37,6.26,23.44,1419.19,34.88,42.53,Loamy,1.2,5.19,12.18,East,2160,Zaid,Rainfed,347.12,18.61,11.42
cotton,101,68,69,7.04,36.64,2363.61,74.18,62.67,Loamy,0.43,7.29,11.16,South,69,Kharif,Sprinkler,135.47,15.19,10.13
maize,156,33,108,6.11,20.87,1805.49,45.16,58.89,Silt,0.42,4.29,10.07,East,322,Zaid,Sprinkler,330.41,1.59,13.05
wheat,135,57,64,8.2,23.06,1208.81,41.04,47.49,Loamy,1.16,9.95,12.83,East,1559,Rabi,Drip,285.25,3.61,9.74
cotton,121,26,146,5.46,24.85,362.15,42.19,38.42,Silt,0.5,10.63,12.92,North,54,Kharif,Drip,270.22,3.27,7.3
sugarcane,60,25,112,4.83,35.83,1968.59,88.33,51.45,Loamy,0.89,9.29,12.76,North,688,Kharif,Canal,347.39,1.75,75.14
cotton,151,84,40,5.45,18.77,2041.35,69.55,18.14,Silt,1.04,7.94,3.39,Central,156,Zaid,Rainfed,319.82,5.24,8.48
cotton,166,26,95,7.82,11.55,2782.38,88.67,62.23,Sandy,0.8,5.74,11.01,South,156,Zaid,Rainfed,306.7,14.35,10.89
cotton,80,55,110,5.29,28.82,2077.59,80.83,42.38,Silt,0.41,5.25,12.88,West,124,Kharif,Rainfed,75.55,3.04,7.49
cotton,58,39,115,6.43,34.77,2349.35,85.49,40.14,Loamy,1.27,7.61,11.34,Central,1769,Rabi,Canal,170.04,5.49,8.05
rice,69,17,115,6.23,26.69,718.29,63.3,29.54,Clay,1.45,6.03,4.28,South,104,Kharif,Canal,157.53,23.02,5.99
maize,70,17,94,7.06,19.61,2207.34,50.92,15.17,Loamy,0.51,8.69,1.41,West,934,Zaid,Drip,79.9,15.61,9.66
rice,40,98,129,4.99,28.91,1179.96,74.31,18.06,Sandy,1.41,5.86,11.34,Central,524,Zaid,Rainfed,93.57,14.2,7.51
wheat,30,42,101,7.04,39.73,2750.0,31.08,28.15,Clay,1.33,5.19,4.75,East,1385,Rabi,Sprinkler,258.56,5.93,10.69
rice,75,37,147,6.01,27.22,1429.33,68.62,42.08,Silt,1.03,8.07,15.07,East,1279,Kharif,Canal,294.63,12.99,7.58
cotton,130,62,122,7.95,19.46,1462.1,87.39,19.18,Clay,1.07,9.33,16.9,East,1391,Zaid,Canal,238.8,5.3,6.14
potato,178,81,54,7.69,17.31,1543.81,80.75,63.6,Loamy,1.15,4.52,15.25,West,1872,Zaid,Rainfed,286.36,13.14,24.31
maize,119,56,131,6.16,39.95,1069.44,41.37,35.55,Clay,0.98,8.33,3.9,East,1807,Kharif,Drip,234.77,19.19,10.4
rice,139,54,106,8.18,35.51,1249.05,37.68,30.82,Clay,1.4,9.71,14.91,Central,599,Rabi,Rainfed,267.16,15.49,9.62
potato,86,20,138,4.98,18.38,1280.82,79.59,41.26,Loamy,0.92,4.04,4.03,North,752,Kharif,Canal,269.91,7.41,25.89
potato,30,34,117,7.48,17.87,1582.42,33.2,18.25,Loamy,1.01,5.57,6.07,South,1833,Zaid,Canal,294.98,17.52,25.02
cotton,92,25,100,6.28,34.11,653.22,89.72,57.52,Sandy,0.35,6.09,15.08,North,1292,Zaid,Sprinkler,150.44,8.79,7.93
rice,84,41,101,6.27,39.77,1793.86,58.04,38.01,Clay,0.53,4.1,3.47,Central,1345,Rabi,Rainfed,289.15,6.04,11.5
potato,144,35,45,5.38,23.97,1647.55,85.66,23.92,Silt,1.47,8.75,4.19,South,1457,Rabi,Canal,205.1,8.76,25.97
potato,172,27,22,6.55,16.82,2755.64,78.68,23.09,Loamy,0.46,6.94,15.37,South,281,Rabi,Rainfed,338.94,12.42,27.96
rice,178,49,78,5.09,16.91,2486.09,71.84,33.05,Clay,1.48,8.53,17.78,South,1116,Kharif,Rainfed,107.73,18.37,8.91
cotton,82,61,135,6.9,33.92,1456.25,42.35,43.67,Loamy,1.13,6.83,11.81,West,386,Rabi,Drip,346.21,24.63,8.27
maize,166,42,149,5.62,28.15,2045.2,35.14,35.85,Sandy,1.5,5.22,11.5,South,1681,Rabi,Sprinkler,86.55,24.62,8.12
maize,86,35,55,7.26,29.01,1939.04,69.34,44.84,Loamy,1.36,7.61,10.19,Central,693,Kharif,Rainfed,233.48,17.82,10.2
rice,146,32,105,6.87,15.83,887.12,41.38,50.27,Loamy,1.42,9.06,5.16,South,1245,Rabi,Drip,257.88,1.68,10.14
wheat,64,45,117,7.34,13.91,1132.41,79.72,52.42,Sandy,0.98,5.08,1.64,South,1385,Rabi,Canal,321.07,13.83,9.84
sugarcane,92,74,143,7.35,10.32,383.55,34.03,35.05,Loamy,1.37,6.48,8.66,West,752,Rabi,Sprinkler,280.35,4.7,75.35
sugarcane,54,51,92,5.47,37.46,539.3,61.43,50.85,Sandy,0.9,9.14,15.4,East,1864,Kharif,Rainfed,87.71,8.41,73.65
sugarcane,119,35,129,4.8,20.65,1074.12,55.32,22.08,Clay,0.36,8.59,16.11,West,1133,Zaid,Sprinkler,238.92,13.4,74.95
sugarcane,104,28,141,6.04,32.74,2245.25,85.49,40.65,Clay,1.15,11.0,9.59,West,1800,Zaid,Canal,263.43,8.17,75.19
cotton,67,74,149,7.92,36.53,2089.28,83.91,18.63,Clay,1.25,5.21,16.97,East,1718,Zaid,Sprinkler,118.99,19.64,6.16
maize,159,37,46,6.76,27.96,2710.59,73.22,27.21,Silt,0.43,6.41,10.59,West,241,Kharif,Sprinkler,250.69,0.96,12.0
potato,164,43,87,7.27,22.73,1216.35,75.32,44.16,Loamy,1.36,5.39,13.91,North,176,Rabi,Rainfed,86.51,9.84,22.47
rice,120,61,33,7.79,11.16,1157.17,72.39,52.02,Sandy,0.4,5.71,8.51,Central,211,Kharif,Rainfed,100.99,18.01,6.23
maize,46,44,117,7.88,20.11,557.38,70.49,19.77,Loamy,0.87,5.37,2.4,West,1519,Rabi,Sprinkler,164.93,24.55,6.36
sugarcane,157,98,42,6.6,19.65,2269.07,89.82,25.35,Silt,0.93,10.92,15.24,East,1872,Kharif,Canal,116.85,13.82,73.18
rice,137,52,134,6.64,26.99,713.57,74.16,64.59,Loamy,0.35,8.52,17.03,North,2159,Rabi,Sprinkler,61.01,21.09,7.69
potato,54,97,131,7.69,32.92,2683.44,86.73,31.88,Silt,0.39,4.59,13.3,North,1355,Rabi,Drip,240.12,12.29,26.38
potato,117,41,115,7.55,31.33,1089.48,56.23,29.2,Loamy,0.89,7.64,7.95,East,1566,Kharif,Rainfed,194.22,24.99,23.66
maize,58,29,97,7.18,36.1,1918.16,89.89,19.26,Silt,0.7,4.58,15.63,Central,974,Zaid,Canal,124.68,22.22,7.32
rice,92,73,80,6.86,11.41,1426.12,66.87,49.74,Sandy,1.36,6.73,11.73,West,823,Kharif,Rainfed,121.55,16.04,7.46
wheat,179,17,104,6.9,28.15,860.4,84.3,40.41,Loamy,0.84,8.48,1.05,South,1798,Zaid,Drip,232.0,13.46,8.93
wheat,143,24,90,6.03,15.67,1440.0,35.46,22.88,Loamy,0.44,4.33,16.9,East,2108,Kharif,Drip,91.2,23.24,6.8
maize,78,93,104,7.66,39.18,1114.89,66.63,46.64,Sandy,0.51,4.32,8.87,West,289,Rabi,Canal,132.03,17.0,7.97
sugarcane,110,94,69,6.9,22.27,1863.64,89.57,41.29,Sandy,1.18,5.75,3.96,Central,1191,Rabi,Canal,71.9,22.32,74.12
rice,113,31,34,5.56,28.72,1677.97,33.99,43.25,Clay,1.54,8.61,4.11,North,660,Zaid,Drip,282.18,11.38,9.95
maize,134,97,53,5.62,20.55,506.75,86.82,64.74,Silt,1.43,10.47,6.8,West,371,Zaid,Drip,343.1,11.1,12.55
sugarcane,177,25,54,7.73,16.61,480.36,38.75,16.43,Sandy,0.47,5.9,1.72,Central,361,Rabi,Sprinkler,137.09,24.35,72.3
sugarcane,147,62,58,6.93,30.64,2713.1,89.77,60.75,Clay,0.32,10.7,6.19,West,129,Zaid,Rainfed,194.71,20.99,76.21
cotton,115,19,49,6.16,38.18,1053.74,47.34,57.09,Silt,0.33,7.84,2.55,Central,146,Rabi,Rainfed,186.77,13.49,10.5
wheat,92,83,122,5.44,11.78,526.36,77.62,35.77,Clay,1.02,7.52,4.43,South,1916,Zaid,Rainfed,217.08,22.33,6.78
sugarcane,133,78,93,6.87,34.76,754.6,31.66,59.05,Loamy,0.93,4.72,1.31,Central,2173,Zaid,Drip,168.78,2.14,76.06
rice,78,28,74,5.43,20.25,686.21,47.21,47.43,Silt,0.32,10.69,12.58,West,2136,Kharif,Rainfed,98.35,9.68,6.13
rice,100,64,79,6.4,13.63,824.75,66.19,59.47,Loamy,0.37,9.54,10.79,Central,1693,Rabi,Sprinkler,131.99,8.19,7.95
wheat,30,40,43,7.1,31.4,417.19,43.64,44.74,Loamy,1.6,4.02,2.57,North,1936,Kharif,Canal,291.12,22.05,6.37
wheat,170,86,41,6.72,12.47,794.24,75.64,25.81,Loamy,1.55,9.55,14.18,North,368,Kharif,Sprinkler,233.43,11.75,8.94
sugarcane,152,83,51,7.94,31.83,2653.38,70.54,43.81,Loamy,0.46,7.87,12.7,East,1764,Zaid,Sprinkler,79.99,11.7,73.39
cotton,91,21,114,4.94,23.07,1730.12,89.45,23.95,Loamy,0.51,4.7,3.62,North,882,Zaid,Canal,122.75,2.73,6.82
potato,61,30,102,5.75,14.94,1113.16,65.06,22.04,Loamy,1.47,8.91,1.7,North,469,Rabi,Canal,176.03,15.14,23.67
wheat,58,69,22,4.99,14.72,2273.79,76.09,47.7,Clay,0.96,8.66,3.3,Central,1794,Kharif,Drip,247.38,11.76,9.39
wheat,78,92,89,5.46,32.45,2539.62,34.47,62.37,Clay,1.55,8.77,2.99,West,314,Kharif,Drip,287.65,3.86,12.57
rice,59,70,149,5.22,34.85,476.83,32.58,44.42,Silt,0.98,10.13,11.38,East,2103,Zaid,Sprinkler,229.4,20.45,9.78
wheat,173,18,107,7.29,30.57,1160.77,64.9,54.79,Silt,1.05,9.32,1.87,West,54,Rabi,Drip,320.82,15.04,11.12
potato,48,62,128,6.06,31.63,2346.53,89.12,23.42,Silt,0.59,10.38,6.29,South,922,Rabi,Canal,293.46,23.48,27.39
rice,47,31,78,7.95,35.44,1817.83,46.13,47.71,Loamy,1.44,6.67,7.1,North,1920,Zaid,Sprinkler,198.18,12.65,9.16
sugarcane,30,50,96,4.88,22.86,2005.71,30.1,51.65,Loamy,1.37,7.94,2.46,West,1222,Kharif,Canal,271.43,15.72,74.4
potato,107,84,33,7.02,15.03,1698.92,50.45,17.08,Clay,0.74,10.9,6.84,East,723,Zaid,Sprinkler,106.88,8.76,24.81
rice,144,94,70,8.1,21.32,505.5,74.35,19.86,Clay,1.1,8.13,10.63,South,333,Rabi,Canal,160.87,13.21,7.11
maize,142,52,97,5.4,39.38,2426.98,78.14,54.08,Silt,0.74,6.96,6.48,Central,1001,Zaid,Drip,66.19,8.61,10.62
rice,143,76,99,6.3,23.45,895.89,76.86,37.0,Sandy,0.9,7.27,16.82,Central,2088,Rabi,Sprinkler,275.18,2.5,9.79
cotton,92,62,29,7.19,37.72,558.05,34.86,35.28,Sandy,1.41,9.17,5.86,West,2194,Zaid,Sprinkler,330.1,2.0,7.99
sugarcane,161,24,99,6.95,31.08,1148.76,76.25,61.02,Loamy,0.84,6.56,12.07,Central,280,Rabi,Canal,169.51,8.51,74.89
rice,158,50,143,6.72,32.13,2163.32,34.9,64.6,Loamy,1.39,4.34,10.16,East,262,Rabi,Canal,149.56,2.31,12.16
wheat,37,43,53,5.91,15.71,2499.89,89.23,53.22,Loamy,1.55,10.4,7.38,North,487,Kharif,Sprinkler,136.92,4.82,9.96
potato,84,92,140,7.28,21.06,1926.26,52.23,54.63,Clay,0.84,7.37,17.47,Central,2157,Kharif,Drip,60.0,4.2,23.63
maize,132,18,99,7.02,31.97,1195.23,71.61,25.42,Loamy,1.44,7.63,15.6,West,923,Zaid,Rainfed,149.07,18.51,8.49
rice,160,58,72,5.35,29.67,2120.45,59.07,24.61,Loamy,0.7,6.53,4.41,West,1424,Kharif,Drip,64.85,11.44,8.76
sugarcane,61,70,37,8.08,35.88,2216.3,44.44,64.03,Loamy,0.3,10.44,17.53,Central,1711,Rabi,Rainfed,222.72,1.47,73.21
maize,39,56,121,6.69,16.3,2607.59,66.65,49.75,Sandy,0.41,5.29,1.32,East,2014,Zaid,Sprinkler,258.49,5.59,12.08
maize,139,27,117,6.59,32.45,596.56,30.96,49.34,Sandy,1.26,6.74,1.18,West,1241,Zaid,Canal,163.9,1.66,10.11
wheat,153,60,64,7.68,11.18,650.61,60.31,29.31,Silt,0.43,6.66,2.62,West,1778,Kharif,Drip,176.83,5.42,6.8
wheat,116,96,54,6.98,18.99,1391.0,32.34,59.32,Loamy,1.52,7.52,7.05,West,705,Zaid,Drip,151.93,16.59,9.32
sugarcane,84,47,133,5.05,28.91,1151.28,64.07,17.22,Clay,1.43,10.78,7.2,Central,1340,Kharif,Rainfed,137.28,19.87,71.72
maize,61,35,40,6.52,39.4,2230.62,57.44,28.73,Sandy,0.97,5.4,1.95,South,1150,Kharif,Sprinkler,153.94,20.82,10.29
sugarcane,164,94,115,7.45,39.68,1770.81,83.68,24.01,Silt,1.06,8.45,13.63,Central,1141,Rabi,Drip,222.97,3.97,73.37
sugarcane,122,93,63,7.18,23.17,540.03,87.96,50.55,Loamy,1.2,7.91,6.45,North,1101,Zaid,Canal,222.87,17.38,74.3
rice,37,71,99,8.1,32.94,1636.44,69.07,50.77,Sandy,1.25,5.84,17.12,West,2114,Kharif,Sprinkler,273.36,2.88,9.17
cotton,94,83,75,4.88,28.01,1013.9,41.11,41.74,Clay,0.94,6.89,17.97,South,516,Rabi,Rainfed,98.71,24.0,3.77
potato,86,84,74,5.69,31.27,1318.26,61.41,15.26,Clay,0.71,6.96,12.73,West,2106,Kharif,Canal,338.07,10.17,25.42
rice,96,81,62,6.67,31.96,503.59,30.1,58.69,Clay,1.48,5.62,2.96,Central,825,Zaid,Rainfed,211.68,0.88,10.11
wheat,101,62,69,6.91,26.42,387.58,76.08,62.78,Clay,0.36,7.39,9.79,West,712,Kharif,Rainfed,305.52,3.39,10.13
wheat,83,90,25,5.73,34.42,2713.13,32.47,25.12,Loamy,0.76,5.3,14.34,South,555,Rabi,Canal,77.88,20.92,5.64
cotton,96,47,81,7.61,27.53,2154.3,78.45,57.11,Silt,1.17,5.45,16.61,East,614,Kharif,Canal,164.7,8.53,8.21
sugarcane,80,50,74,5.36,13.02,1932.97,45.88,63.66,Silt,1.46,9.94,8.25,East,623,Zaid,Sprinkler,271.28,0.53,77.13
cotton,126,47,135,4.8,39.68,1990.84,45.0,31.35,Clay,0.4,10.54,1.0,North,368,Zaid,Rainfed,88.16,15.66,7.18
maize,121,45,50,8.04,19.12,1894.12,35.38,24.25,Loamy,1.16,6.73,7.92,South,1095,Rabi,Rainfed,108.74,24.27,7.85
maize,37,35,93,6.13,38.93,1248.19,71.15,63.88,Silt,0.93,4.07,10.74,East,922,Kharif,Drip,226.69,0.82,10.18
sugarcane,64,41,53,8.06,18.78,1544.49,51.96,17.99,Silt,1.19,10.23,2.89,South,2154,Zaid,Drip,201.7,17.62,73.06
maize,125,86,29,5.74,35.59,2613.17,35.39,28.8,Silt,0.71,9.54,11.98,Central,262,Kharif,Rainfed,174.91,14.92,10.68
cotton,117,76,71,5.02,30.69,1227.09,49.26,52.1,Clay,1.22,6.91,10.57,West,1140,Zaid,Rainfed,107.85,0.16,5.2
sugarcane,107,40,97,7.43,20.71,777.96,85.33,45.87,Loamy,0.53,8.34,9.12,South,799,Rabi,Sprinkler,63.33,13.65,71.73
rice,61,80,22,7.64,38.14,435.38,32.1,49.23,Clay,1.31,10.4,10.22,West,1245,Kharif,Canal,61.74,4.0,5.81
sugarcane,149,26,23,6.47,27.49,951.17,70.14,50.4,Loamy,1.27,10.91,1.51,Central,402,Kharif,Sprinkler,236.88,20.03,76.65
maize,75,36,67,5.05,34.89,627.78,60.06,49.31,Sandy,1.53,7.26,13.8,North,821,Rabi,Rainfed,184.37,8.21,6.7
sugarcane,173,31,93,7.02,33.91,1927.38,65.86,32.11,Loamy,0.53,7.28,12.88,Central,272,Rabi,Rainfed,287.0,5.43,77.03
cotton,171,21,98,5.42,11.39,891.4,53.5,30.58,Loamy,1.24,10.1,4.41,West,778,Rabi,Canal,158.48,9.69,5.19
rice,84,82,23,7.69,18.07,1130.67,58.89,36.42,Clay,0.72,9.22,2.3,Central,2197,Zaid,Sprinkler,60.02,19.75,9.14
rice,36,51,23,5.73,24.17,539.26,75.56,55.38,Clay,0.67,9.57,7.67,North,2072,Zaid,Canal,207.41,6.4,9.74
potato,103,52,139,7.68,37.99,1388.83,58.99,61.91,Sandy,0.82,8.33,13.88,West,1452,Kharif,Drip,190.16,13.4,26.75
rice,36,25,138,6.25,11.87,2687.08,52.58,37.76,Clay,0.67,6.55,7.72,North,804,Zaid,Sprinkler,116.72,17.28,8.94
rice,114,15,36,6.83,15.57,1397.37,46.55,19.29,Loamy,0.62,5.34,13.28,North,1531,Rabi,Canal,348.54,7.48,10.16
potato,176,39,115,7.48,28.74,2177.96,57.03,61.91,Silt,1.3,10.67,14.2,South,43,Kharif,Canal,92.94,16.05,24.34
wheat,141,56,89,4.94,29.58,1725.05,64.54,19.02,Clay,1.21,5.06,1.78,Central,1879,Zaid,Rainfed,171.76,23.81,7.06
potato,154,66,116,7.59,14.92,1094.16,52.47,22.96,Silt,0.44,7.13,7.72,South,1519,Kharif,Rainfed,213.35,13.58,24.88
sugarcane,176,38,27,5.27,38.45,2653.53,84.06,58.38,Silt,1.03,7.34,17.8,West,1874,Zaid,Rainfed,159.37,4.42,74.95
maize,65,67,133,6.02,15.31,1595.5,89.76,42.57,Silt,0.73,10.23,1.45,East,794,Kharif,Drip,164.96,15.93,10.81
potato,58,70,24,6.41,15.47,2230.1,42.25,32.63,Clay,1.56,8.97,16.21,West,577,Kharif,Drip,320.86,24.47,26.16
cotton,111,77,66,7.84,29.07,606.19,68.66,61.55,Loamy,0.85,5.68,2.99,South,721,Rabi,Rainfed,178.37,18.93,5.37
cotton,31,95,59,4.88,22.64,866.62,42.37,63.03,Silt,0.35,5.4,11.38,Central,1056,Rabi,Sprinkler,192.76,5.61,7.04
potato,158,22,141,6.7,10.78,1432.61,62.46,31.54,Sandy,0.73,10.63,17.15,East,2049,Zaid,Canal,204.3,9.28,26.54
cotton,76,73,113,6.98,37.62,2223.74,53.6,58.42,Clay,0.71,4.31,11.47,West,1140,Kharif,Canal,233.97,2.45,10.97
maize,177,59,47,5.88,12.25,2339.51,44.72,48.93,Silt,0.31,10.26,4.23,North,221,Zaid,Sprinkler,168.96,12.38,10.52
wheat,40,41,96,5.79,14.69,2744.58,50.52,28.72,Silt,0.93,5.53,4.53,South,649,Rabi,Canal,330.02,8.14,9.51
maize,159,66,68,6.47,36.91,2676.84,37.4,62.07,Clay,1.48,4.63,1.51,Central,68,Zaid,Canal,83.15,13.85,10.69
cotton,148,32,105,5.44,18.26,1357.07,34.77,18.15,Loamy,1.34,5.99,7.05,East,109,Zaid,Drip,129.91,3.78,5.85
potato,169,30,73,6.39,34.53,1629.78,57.01,30.9,Sandy,1.19,7.87,10.94,South,1640,Kharif,Sprinkler,338.48,24.58,29.14
sugarcane,49,80,37,7.4,15.12,363.7,78.92,34.81,Silt,0.75,10.02,14.78,Central,738,Zaid,Canal,129.83,9.1,71.89
rice,34,19,46,7.67,11.45,1523.19,70.97,49.53,Sandy,0.6,8.74,10.91,South,535,Kharif,Sprinkler,308.51,12.86,10.51
cotton,66,96,91,6.11,17.04,392.37,65.72,16.92,Clay,0.75,9.41,16.51,West,465,Kharif,Canal,263.75,24.99,5.78
maize,166,17,141,6.9,32.26,332.97,55.23,59.49,Loamy,0.46,10.4,12.75,West,1088,Zaid,Drip,297.36,8.46,10.57
cotton,82,95,124,4.8,29.88,1690.39,58.11,47.96,Clay,0.43,4.04,10.4,North,30,Kharif,Sprinkler,254.16,9.28,6.49
potato,128,94,88,6.67,19.32,2543.97,31.29,28.75,Loamy,1.05,8.56,4.5,East,1506,Zaid,Drip,180.81,20.09,27.01
cotton,115,84,90,8.12,29.0,2712.35,86.41,47.92,Silt,1.36,6.7,14.35,South,592,Zaid,Drip,343.83,1.85,8.92
rice,137,21,136,5.86,29.95,2134.85,48.65,41.85,Silt,0.43,8.29,6.15,North,1235,Kharif,Drip,62.12,6.57,9.11
wheat,53,64,51,6.82,26.94,2168.57,84.87,31.81,Silt,0.74,4.37,6.45,East,2162,Kharif,Canal,219.3,12.27,10.6
cotton,110,28,128,7.39,38.07,1404.68,72.98,16.43,Loamy,0.46,5.05,2.8,West,347,Zaid,Drip,158.34,14.35,4.96
cotton,149,52,116,6.87,33.81,1716.39,63.7,42.56,Clay,0.7,9.03,1.86,South,2029,Zaid,Canal,225.9,20.65,8.61
rice,88,93,20,6.22,34.48,1760.28,56.71,19.11,Silt,1.38,10.17,8.74,West,1035,Kharif,Canal,331.57,18.75,10.87
rice,157,61,127,5.32,22.78,474.67,49.38,55.51,Loamy,0.35,7.48,3.09,West,2135,Rabi,Rainfed,340.01,17.99,10.7
maize,143,47,133,6.38,30.52,414.07,68.3,19.43,Silt,1.14,5.36,6.76,Central,2142,Rabi,Canal,151.58,9.65,7.51
potato,144,57,60,5.8,15.5,663.54,88.21,36.44,Clay,0.38,9.16,15.24,East,2165,Kharif,Rainfed,331.91,24.31,24.76
maize,43,43,27,7.17,18.88,2286.92,78.26,36.73,Sandy,0.85,4.36,6.6,Central,1055,Kharif,Drip,346.19,20.76,13.34
cotton,38,71,49,6.3,25.07,1703.03,53.47,42.81,Sandy,0.92,9.1,11.55,East,336,Zaid,Sprinkler,199.04,11.79,7.63
wheat,69,19,65,7.69,34.49,1778.09,58.93,16.98,Clay,0.82,9.66,15.47,South,984,Rabi,Canal,98.37,8.56,5.5
sugarcane,54,74,124,5.46,20.11,1173.06,58.11,25.19,Silt,1.13,4.43,3.54,North,2032,Zaid,Rainfed,341.71,0.07,75.03
wheat,132,84,115,6.22,23.19,2471.36,45.57,24.98,Silt,1.57,6.82,17.09,West,362,Rabi,Canal,320.06,9.67,11.26
rice,51,16,80,6.7,38.72,2708.73,80.84,44.95,Sandy,0.65,4.86,10.52,Central,1770,Zaid,Drip,250.76,1.35,12.48
potato,33,84,108,5.23,18.52,834.17,71.57,28.18,Sandy,1.09,9.74,13.51,West,1824,Zaid,Drip,68.08,7.63,23.23
cotton,58,57,145,6.8,28.54,1087.5,65.85,22.21,Sandy,0.76,9.74,15.59,East,1515,Rabi,Canal,163.64,4.93,5.36
rice,138,18,80,5.79,13.02,1120.29,56.0,15.92,Sandy,1.6,10.46,14.24,West,2096,Zaid,Drip,104.73,8.17,8.75
sugarcane,127,70,139,5.58,22.35,2707.04,44.34,57.03,Loamy,1.54,4.93,5.1,North,1715,Rabi,Sprinkler,115.0,1.53,76.16
wheat,66,73,140,5.28,19.9,1594.6,68.39,63.58,Clay,0.42,9.04,5.27,South,572,Rabi,Canal,259.14,19.41,10.89
cotton,104,23,67,5.99,10.39,1718.77,44.21,50.16,Silt,1.57,10.22,4.03,Central,1760,Zaid,Rainfed,173.42,2.2,8.52
rice,99,17,78,7.96,27.56,1220.5,30.53,35.64,Silt,1.26,7.08,4.32,West,1713,Zaid,Drip,158.3,17.95,9.14
rice,175,62,30,4.91,19.94,2548.48,34.0,21.1,Clay,1.59,6.3,14.68,North,49,Rabi,Rainfed,195.39,23.38,10.78
cotton,157,57,44,7.7,17.55,777.38,71.64,38.76,Silt,1.3,9.0,10.53,North,1849,Zaid,Drip,106.36,12.25,6.57
sugarcane,114,15,65,6.15,36.78,1442.83,52.65,37.87,Silt,0.47,6.85,3.19,South,2122,Kharif,Canal,187.16,19.62,75.45
cotton,71,71,73,6.71,16.89,863.72,42.38,35.99,Sandy,1.28,7.12,6.25,East,1711,Rabi,Sprinkler,331.46,23.59,9.53
cotton,129,67,53,6.54,22.16,1762.8,44.27,33.92,Silt,1.24,9.05,2.31,East,1153,Zaid,Canal,290.81,13.46,8.26
cotton,70,30,103,7.95,38.48,1669.49,59.67,39.84,Clay,0.52,7.17,15.07,East,204,Rabi,Drip,72.1,6.6,3.46
rice,63,65,81,7.42,12.41,628.09,84.33,18.66,Clay,1.28,9.77,11.46,South,1065,Rabi,Drip,184.99,0.54,6.48
wheat,46,89,76,8.15,38.15,2376.56,46.13,16.91,Clay,1.18,8.94,3.8,North,1003,Kharif,Drip,309.12,10.84,8.29
potato,151,69,112,7.5,21.71,606.22,69.33,18.2,Silt,1.59,10.63,15.23,North,1554,Zaid,Rainfed,132.86,3.84,22.44
wheat,105,15,135,5.81,33.73,741.32,79.54,25.0,Loamy,1.1,7.77,16.25,South,1991,Zaid,Canal,303.32,21.37,8.67
wheat,116,42,95,8.07,20.68,976.77,59.32,28.9,Sandy,0.84,8.61,12.99,South,1725,Kharif,Canal,231.36,19.8,7.01
wheat,146,67,95,8.14,22.47,2333.74,31.62,23.47,Clay,1.54,4.41,9.46,Central,1401,Kharif,Sprinkler,62.66,18.36,7.28
wheat,135,72,56,5.22,23.13,808.84,77.77,27.6,Loamy,1.12,9.41,14.13,Central,1007,Kharif,Rainfed,316.18,2.35,9.33
wheat,115,87,49,7.86,38.4,848.15,82.76,24.29,Silt,0.75,8.35,7.52,West,849,Kharif,Drip,320.08,16.19,8.13
maize,56,74,61,7.06,26.51,1930.05,31.86,22.54,Sandy,0.33,7.37,8.6,Central,1464,Rabi,Rainfed,299.4,7.8,10.98
maize,86,73,80,7.93,16.51,2374.32,36.97,29.65,Loamy,1.28,10.8,8.3,South,1424,Kharif,Drip,212.88,12.17,11.01
potato,60,36,67,7.91,28.35,2047.84,35.22,34.88,Silt,0.46,6.77,17.58,South,571,Rabi,Sprinkler,271.31,24.27,24.09
potato,163,22,103,7.83,36.68,1643.59,43.27,52.21,Silt,1.5,4.95,6.62,South,1863,Zaid,Canal,97.52,2.34,24.22
rice,127,63,112,7.81,16.43,1925.25,59.76,62.78,Loamy,1.55,5.95,9.44,North,1803,Zaid,Drip,309.61,16.39,9.29
cotton,41,56,87,5.2,20.13,1667.74,32.0,60.95,Loamy,0.61,10.38,16.07,South,305,Kharif,Rainfed,335.18,23.2,6.8
maize,82,41,65,5.29,27.14,1192.03,40.14,38.8,Clay,0.45,5.47,2.45,North,576,Zaid,Sprinkler,155.3,1.28,10.24
maize,167,53,132,5.2,39.62,2026.58,54.44,38.07,Sandy,1.07,10.76,5.92,North,1915,Rabi,Rainfed,135.78,15.53,11.81
rice,174,97,47,5.11,23.96,2018.46,67.98,21.28,Sandy,0.58,8.76,13.77,North,1702,Zaid,Sprinkler,131.55,14.78,6.72
wheat,151,39,96,6.0,27.53,1881.21,84.58,63.59,Clay,1.0,5.41,13.55,Central,1514,Zaid,Rainfed,158.01,14.82,8.87
wheat,75,52,140,7.13,14.06,1887.74,79.79,53.0,Sandy,0.84,4.46,10.47,East,2,Kharif,Drip,82.73,6.89,10.01
cotton,93,99,22,6.01,32.74,890.61,33.23,57.38,Sandy,1.33,7.31,12.81,South,1880,Kharif,Drip,289.59,18.04,8.23
wheat,159,38,56,7.25,16.6,2617.99,88.02,26.71,Silt,1.6,7.52,5.82,North,96,Rabi,Canal,153.52,21.22,9.06
potato,83,38,111,7.59,19.84,2780.62,46.02,35.05,Loamy,0.89,6.44,12.02,South,2149,Rabi,Sprinkler,83.29,7.64,25.25
maize,136,74,102,7.07,31.29,1689.05,51.81,20.13,Clay,1.19,4.32,1.81,Central,918,Kharif,Sprinkler,346.8,4.48,13.74
potato,80,97,36,6.38,31.38,859.47,34.47,62.04,Loamy,0.74,10.47,17.76,South,1177,Zaid,Canal,122.2,23.8,24.19
maize,65,64,140,5.8,19.56,1093.2,86.16,29.29,Sandy,1.42,8.19,11.88,East,1332,Rabi,Drip,297.36,20.72,9.14
potato,144,80,106,5.22,35.51,2149.12,62.75,44.8,Sandy,0.35,7.39,4.05,East,702,Rabi,Sprinkler,202.82,23.35,26.05
maize,55,28,59,6.48,33.84,980.33,60.98,22.61,Clay,0.94,6.5,13.26,South,242,Rabi,Canal,169.02,3.22,9.68
sugarcane,58,67,92,7.25,28.47,1821.65,30.91,55.14,Loamy,0.53,8.74,11.87,South,179,Kharif,Rainfed,253.64,21.89,77.22
wheat,178,46,48,6.66,15.36,557.15,30.21,24.32,Silt,0.53,7.7,17.39,East,2084,Kharif,Sprinkler,309.92,21.02,6.16
sugarcane,40,62,61,7.25,37.15,2719.35,70.93,55.47,Loamy,0.99,9.93,5.91,North,1153,Rabi,Rainfed,76.27,11.32,75.65
wheat,69,53,48,5.94,25.82,2402.71,58.94,35.09,Loamy,0.7,7.9,1.96,North,1237,Zaid,Canal,72.89,10.13,8.93
potato,40,54,85,5.03,21.29,2354.09,60.45,43.89,Clay,0.9,7.65,4.12,North,1232,Kharif,Canal,345.63,10.59,26.19
maize,142,56,143,7.42,37.82,2240.95,69.01,28.49,Silt,0.7,5.39,8.12,North,4,Rabi,Drip,137.58,15.01,11.91
cotton,68,91,139,5.55,39.15,300.7,38.76,59.14,Loamy,0.89,4.52,5.04,West,1860,Rabi,Canal,75.87,15.16,6.09
cotton,83,90,128,6.9,31.52,470.51,89.9,52.99,Loamy,0.67,5.48,13.64,North,179,Rabi,Drip,155.29,20.14,7.02
cotton,127,22,111,7.53,33.74,1772.56,34.85,32.71,Sandy,1.34,5.13,1.81,West,525,Zaid,Drip,112.49,9.08,6.82
sugarcane,84,93,131,5.27,17.4,2221.59,46.07,44.27,Sandy,1.03,9.07,3.19,North,2143,Zaid,Rainfed,191.06,0.86,75.53
potato,140,40,71,6.83,17.76,2188.29,71.63,21.45,Silt,0.51,5.79,6.25,West,1001,Rabi,Sprinkler,315.64,7.88,26.75
sugarcane,179,26,79,7.14,27.08,1623.03,60.96,23.02,Loamy,0.31,8.73,10.52,North,1980,Rabi,Canal,319.77,16.88,77.45
rice,98,57,113,7.34,39.5,1602.24,35.79,41.68,Loamy,0.32,8.07,5.96,North,1003,Rabi,Drip,150.43,21.53,8.84
wheat,85,65,117,5.3,32.3,518.84,76.49,47.03,Sandy,0.85,5.76,10.55,East,1577,Rabi,Sprinkler,198.0,6.98,7.93
sugarcane,62,96,33,7.61,32.38,2621.63,88.23,42.87,Silt,0.71,8.29,6.3,Central,1956,Zaid,Rainfed,216.87,18.04,76.29
cotton,65,77,70,5.12,17.73,1082.22,58.38,42.97,Clay,0.64,8.87,13.92,East,1904,Kharif,Canal,133.15,10.84,4.25
potato,177,63,43,6.57,22.59,824.75,45.19,52.11,Sandy,1.11,4.13,13.61,Central,387,Zaid,Rainfed,108.62,2.16,24.73
wheat,110,41,126,6.31,20.28,1791.74,36.41,60.12,Loamy,1.36,7.91,14.43,South,1658,Kharif,Canal,197.79,2.21,9.61
cotton,138,23,92,5.55,19.07,359.07,42.31,34.38,Clay,0.38,9.41,17.26,West,457,Kharif,Sprinkler,177.53,4.27,4.61
potato,102,53,103,5.83,31.93,2702.78,48.67,41.85,Loamy,0.44,4.8,15.04,Central,1020,Zaid,Canal,320.62,17.68,29.18
potato,69,79,80,5.36,13.0,1214.44,41.28,59.65,Loamy,0.78,6.74,15.09,Central,719,Kharif,Rainfed,305.57,21.07,26.62
sugarcane,46,85,125,6.25,14.96,1038.79,71.07,38.21,Loamy,0.87,6.07,7.48,East,1676,Zaid,Drip,252.5,1.71,76.16
cotton,158,85,113,4.92,22.37,679.08,31.38,37.26,Silt,0.81,8.47,6.29,East,563,Rabi,Canal,142.3,7.04,3.75
wheat,90,21,82,7.82,19.08,1570.7,54.55,53.33,Clay,1.13,9.33,4.77,South,146,Rabi,Rainfed,167.87,22.41,7.46
wheat,133,86,114,5.36,37.1,1273.83,52.45,58.87,Loamy,0.41,10.75,8.54,West,2091,Zaid,Rainfed,111.46,16.15,8.5
sugarcane,71,94,54,7.81,16.01,1066.27,82.68,51.88,Silt,0.94,7.48,7.4,West,665,Rabi,Sprinkler,138.3,8.54,73.82
wheat,54,81,86,7.74,17.47,631.12,46.37,20.01,Clay,1.36,9.03,4.76,North,1767,Kharif,Drip,345.29,15.41,8.19
maize,68,24,75,6.34,15.34,1113.41,64.94,38.24,Sandy,1.51,7.67,1.03,East,1109,Rabi,Rainfed,219.79,8.23,9.55
maize,64,85,59,6.49,35.75,2350.32,30.28,25.6,Silt,1.03,6.51,8.75,West,935,Rabi,Sprinkler,297.15,3.9,10.99
maize,160,99,148,5.83,16.06,2286.26,85.02,30.87,Clay,0.48,5.43,17.67,East,1294,Kharif,Drip,139.52,0.01,9.85
potato,137,67,43,8.19,20.56,1731.88,68.2,38.44,Loamy,1.25,10.22,13.41,South,71,Kharif,Canal,179.17,18.7,23.26
maize,131,71,121,7.08,30.08,2181.59,77.62,26.08,Loamy,1.34,8.09,16.97,East,1544,Zaid,Drip,233.46,11.31,10.52
rice,127,41,134,8.04,12.33,1831.2,64.16,40.8,Silt,0.56,8.48,9.51,South,710,Rabi,Drip,74.62,21.14,7.08
cotton,41,68,94,6.21,34.5,588.63,78.93,47.16,Sandy,1.18,8.32,17.77,South,1272,Zaid,Sprinkler,320.63,20.1,5.98
wheat,48,18,30,7.8,31.19,2614.37,35.06,58.74,Silt,1.51,5.66,4.39,Central,767,Kharif,Rainfed,305.42,0.9,11.38
maize,130,37,55,6.32,17.83,1550.75,72.63,25.57,Sandy,1.23,6.26,10.4,Central,1583,Zaid,Canal,344.53,13.1,11.87
maize,73,62,82,7.75,21.75,2151.12,38.93,30.53,Sandy,0.84,9.91,5.43,South,1189,Rabi,Rainfed,171.86,8.51,7.8
potato,78,97,99,5.25,28.6,2487.84,64.59,35.29,Silt,0.88,7.14,4.89,West,699,Rabi,Drip,95.68,22.74,23.72
sugarcane,46,56,107,6.97,38.39,2498.24,89.14,26.23,Silt,0.4,4.1,16.91,Central,1616,Zaid,Drip,257.25,24.44,76.38
sugarcane,103,17,49,7.11,28.88,2632.89,40.83,31.6,Silt,0.98,7.06,10.8,West,1163,Zaid,Canal,98.14,6.05,74.69
wheat,86,17,122,7.03,17.59,1918.46,45.37,59.17,Clay,1.34,5.63,2.42,North,1867,Kharif,Rainfed,149.89,5.22,10.74
rice,84,42,131,6.32,24.47,1883.18,42.68,21.93,Clay,1.57,10.03,7.25,East,205,Zaid,Sprinkler,122.44,3.68,9.48
cotton,76,77,103,7.13,23.49,899.1,54.73,37.19,Silt,0.82,7.59,15.25,East,1641,Kharif,Canal,244.56,22.5,7.32
rice,41,95,124,5.61,25.98,1085.39,59.31,30.55,Clay,0.87,10.96,2.59,Central,1133,Zaid,Rainfed,247.69,11.16,10.82
sugarcane,91,45,40,6.83,25.57,1808.51,39.6,18.86,Clay,0.37,4.23,1.37,East,1472,Zaid,Canal,156.16,5.63,75.62
wheat,109,24,56,6.68,20.92,926.74,31.67,19.81,Sandy,1.31,7.86,15.38,West,1589,Kharif,Drip,275.6,7.64,8.35
potato,112,63,46,5.88,36.15,1197.22,50.5,54.24,Loamy,1.23,4.37,12.59,East,594,Zaid,Sprinkler,286.93,10.12,26.94
potato,37,35,121,7.45,19.9,715.49,52.92,57.62,Loamy,0.82,5.99,2.19,North,828,Kharif,Drip,259.23,24.51,26.94
maize,178,67,57,5.07,25.9,2176.56,52.97,52.07,Clay,1.22,5.61,4.12,South,985,Rabi,Sprinkler,76.8,22.39,9.58
rice,110,90,79,5.38,17.83,1877.62,69.9,41.96,Sandy,1.11,5.98,2.21,East,1495,Kharif,Rainfed,102.35,12.32,8.39
wheat,147,68,89,6.4,23.04,2109.64,56.92,53.63,Silt,1.3,10.87,2.18,Central,1347,Zaid,Rainfed,169.95,21.63,8.18
potato,54,71,51,7.83,30.44,1411.59,36.47,22.6,Sandy,0.71,5.95,16.3,South,1692,Kharif,Drip,186.49,5.98,23.88
potato,118,34,99,6.76,32.74,2139.41,85.94,54.01,Sandy,1.15,5.15,13.81,West,225,Zaid,Rainfed,154.99,13.18,25.31
potato,41,63,121,7.66,34.19,1464.17,72.04,36.17,Loamy,1.11,10.66,9.72,South,2167,Kharif,Sprinkler,221.16,19.57,25.84
wheat,172,21,121,6.56,32.1,1631.86,42.77,52.52,Silt,0.42,8.38,6.42,West,1487,Zaid,Canal,147.42,4.2,9.39
potato,88,43,49,7.47,24.0,618.17,86.11,26.39,Loamy,0.67,6.01,11.39,Central,68,Kharif,Sprinkler,181.12,13.01,22.91
maize,138,62,41,5.91,11.12,391.08,89.49,56.63,Clay,1.42,8.61,5.85,Central,1488,Zaid,Drip,65.81,8.74,9.37
rice,55,27,38,7.57,25.73,2162.58,41.85,43.41,Loamy,0.5,9.52,3.42,Central,1167,Kharif,Canal,162.79,19.4,7.21
maize,76,17,50,6.17,11.65,2526.51,52.83,15.37,Sandy,0.79,4.12,9.28,West,699,Rabi,Canal,261.28,21.5,11.48
sugarcane,61,16,39,6.7,38.99,1201.79,34.14,40.96,Silt,0.59,5.64,15.37,North,212,Kharif,Drip,205.86,3.36,74.02
potato,39,30,149,5.4,21.34,2417.11,58.95,30.51,Silt,0.48,8.0,12.64,South,196,Kharif,Sprinkler,269.63,19.99,25.71
wheat,45,20,59,7.93,25.11,988.61,77.26,17.88,Silt,0.48,7.58,14.34,South,29,Kharif,Drip,236.7,16.19,4.8
maize,174,59,110,7.18,13.89,2129.77,84.24,37.37,Loamy,0.75,6.95,4.04,West,1815,Rabi,Drip,344.62,24.97,12.72
maize,55,85,91,7.72,39.87,1754.72,62.72,30.57,Loamy,1.34,4.22,17.35,South,788,Kharif,Canal,138.22,9.06,7.87
rice,115,19,128,5.51,24.77,383.88,49.56,25.22,Loamy,1.56,10.66,2.28,Central,1600,Rabi,Sprinkler,90.9,10.91,7.56
maize,164,70,46,5.03,18.95,903.93,64.49,32.46,Clay,1.04,9.01,9.68,East,1144,Kharif,Rainfed,98.91,13.58,7.51
maize,43,85,98,5.95,15.79,1872.49,36.93,23.98,Loamy,1.13,10.97,7.33,South,118,Rabi,Sprinkler,137.87,19.87,9.13
cotton,108,46,97,6.56,29.5,819.41,80.12,29.99,Clay,1.31,10.12,11.07,East,1447,Zaid,Canal,226.83,11.95,6.91
sugarcane,146,63,36,7.53,23.09,1774.72,61.24,20.77,Loamy,1.16,8.02,16.99,Central,1739,Rabi,Rainfed,284.28,4.71,75.75
potato,36,27,103,6.15,19.52,2067.05,88.95,19.22,Clay,1.4,6.47,2.88,South,613,Rabi,Canal,70.99,20.78,23.41
sugarcane,166,44,107,5.72,10.29,1166.46,54.06,60.5,Sandy,1.45,5.15,3.25,South,976,Zaid,Rainfed,340.03,5.44,79.22
maize,144,39,93,6.07,11.09,2028.57,69.21,60.14,Sandy,1.12,5.48,6.69,East,1712,Rabi,Rainfed,162.46,3.39,9.25
sugarcane,101,99,146,7.19,30.81,1907.14,50.4,56.4,Silt,0.99,10.08,11.9,North,348,Kharif,Drip,298.97,10.18,77.13
potato,88,74,121,5.94,24.42,2768.28,38.86,26.52,Sandy,0.81,10.03,3.49,West,916,Kharif,Drip,254.6,14.36,27.5
potato,111,73,115,8.13,35.47,1836.63,75.28,51.29,Silt,0.9,10.02,3.22,North,430,Kharif,Drip,231.63,20.74,25.76
cotton,145,99,70,5.39,32.61,988.38,70.35,44.49,Clay,0.75,10.03,14.46,West,876,Rabi,Sprinkler,84.96,4.13,3.93
maize,175,42,120,7.36,27.2,917.99,76.83,17.56,Silt,0.86,5.3,14.51,South,385,Zaid,Rainfed,319.64,2.92,10.45
rice,132,72,90,6.8,26.83,1949.19,88.81,59.98,Sandy,1.47,9.98,12.57,South,1038,Kharif,Rainfed,169.5,24.04,9.56
potato,46,34,90,5.59,32.36,558.65,89.6,64.9,Clay,1.56,4.88,7.98,North,1483,Zaid,Sprinkler,318.75,19.38,24.87
wheat,43,48,29,7.36,32.23,865.98,85.74,50.44,Silt,0.77,6.9,10.75,East,1241,Kharif,Drip,115.35,10.43,6.35
potato,137,19,116,6.32,20.04,322.43,83.69,26.58,Clay,0.59,10.95,11.46,North,1247,Zaid,Sprinkler,340.44,18.49,25.19
cotton,74,96,25,7.12,13.16,1578.61,48.09,42.72,Clay,0.4,8.88,12.54,East,1674,Kharif,Canal,240.5,3.91,8.28
potato,127,74,96,7.05,33.15,2264.08,58.11,20.47,Sandy,1.39,8.53,4.97,Central,1825,Zaid,Rainfed,302.57,2.11,27.71
sugarcane,160,57,96,5.18,16.69,1576.64,32.81,29.94,Clay,1.43,5.59,9.77,South,16,Kharif,Rainfed,205.84,9.72,73.22
wheat,66,71,21,7.66,33.74,1013.92,71.05,50.86,Loamy,0.89,9.16,17.97,North,1466,Rabi,Sprinkler,233.03,20.56,7.04
potato,137,71,70,7.12,28.54,2394.83,62.76,30.05,Sandy,1.01,7.83,3.99,North,1998,Zaid,Drip,152.63,5.71,23.4
sugarcane,68,89,140,7.45,20.74,1511.74,72.42,22.36,Silt,1.26,7.37,2.32,South,1141,Rabi,Rainfed,275.25,2.97,75.51
wheat,44,68,147,6.32,35.57,2024.3,70.85,15.37,Loamy,0.79,5.64,2.18,West,1425,Zaid,Drip,321.83,14.44,9.94
potato,149,95,21,5.46,30.74,2766.15,46.32,43.63,Sandy,0.56,4.87,12.34,East,480,Kharif,Drip,267.93,24.05,27.84
wheat,33,59,70,5.91,26.35,2334.31,57.66,63.43,Clay,0.45,5.6,14.85,North,1692,Zaid,Rainfed,196.5,6.48,10.39
wheat,122,51,89,7.86,19.03,2426.32,36.31,39.21,Silt,0.61,7.54,5.03,South,2129,Kharif,Canal,302.29,13.55,11.84
cotton,170,98,39,7.99,39.59,601.82,35.07,25.63,Clay,1.14,10.75,1.58,North,1075,Kharif,Drip,204.77,18.47,7.2
potato,45,62,42,6.44,35.16,1651.62,57.6,38.16,Clay,0.75,5.77,13.15,West,1850,Kharif,Sprinkler,187.44,8.79,24.88
maize,137,68,73,5.82,14.1,2792.59,63.35,45.1,Silt,1.43,8.74,13.7,East,697,Zaid,Drip,252.76,8.41,12.56
potato,155,62,76,7.28,34.19,1109.25,49.13,55.07,Silt,0.41,5.23,5.48,East,1353,Zaid,Sprinkler,126.63,16.6,24.76
rice,84,20,134,7.4,13.61,404.47,33.69,37.63,Sandy,0.84,6.85,1.25,East,1503,Kharif,Rainfed,197.92,11.23,6.12
sugarcane,63,48,142,7.57,17.43,385.13,69.69,23.65,Sandy,0.63,5.94,14.59,West,656,Kharif,Drip,71.75,23.03,70.98
wheat,42,77,55,4.91,38.73,2746.73,70.64,24.4,Clay,1.45,6.42,7.14,North,896,Rabi,Canal,345.49,3.63,8.94
sugarcane,170,92,90,4.83,36.1,1385.61,49.24,59.99,Sandy,1.35,5.56,9.84,South,220,Rabi,Canal,338.83,9.57,78.53
potato,47,62,88,6.01,28.18,1012.13,30.05,26.81,Loamy,1.58,10.81,16.3,South,890,Rabi,Rainfed,345.87,0.74,22.93
maize,125,37,77,5.32,30.97,1584.83,68.15,51.4,Silt,0.46,6.32,4.5,East,1196,Rabi,Rainfed,314.8,4.82,11.04
potato,152,98,82,7.54,12.69,1825.44,34.23,28.45,Clay,1.32,10.11,3.21,North,1637,Kharif,Canal,321.31,10.62,27.39
wheat,68,27,35,6.61,19.97,2501.93,43.41,51.03,Loamy,0.46,6.36,10.89,Central,130,Kharif,Rainfed,84.83,9.23,10.13
sugarcane,75,61,97,7.61,19.67,1406.59,44.87,18.92,Loamy,0.5,7.59,12.32,South,1630,Kharif,Rainfed,121.65,8.2,70.87
wheat,58,58,141,5.4,10.98,2432.69,45.81,25.37,Silt,0.35,10.4,7.69,South,1422,Kharif,Drip,253.6,0.85,11.51
maize,91,46,21,6.93,31.12,950.48,67.0,35.44,Sandy,0.9,5.53,1.54,North,357,Zaid,Canal,118.71,14.62,9.51
rice,45,40,133,6.77,19.23,1671.3,34.75,40.77,Loamy,0.46,7.23,2.52,South,1349,Kharif,Sprinkler,74.29,22.23,9.16
potato,150,67,133,5.96,28.99,2253.96,68.72,32.65,Clay,0.75,10.64,5.55,Central,34,Kharif,Canal,178.43,7.13,25.25
rice,39,28,143,6.56,10.82,1406.72,59.09,43.68,Loamy,0.66,9.96,4.75,West,538,Zaid,Canal,329.22,7.55,12.17
potato,132,66,105,6.8,10.05,993.86,50.93,31.27,Silt,1.57,7.78,6.35,East,844,Rabi,Sprinkler,348.79,16.88,25.92
rice,113,50,148,7.82,15.1,2322.5,66.25,48.92,Sandy,1.16,5.69,10.16,West,1685,Rabi,Canal,201.55,19.36,10.47
cotton,162,22,40,4.99,31.09,2318.16,82.41,40.56,Sandy,0.83,7.82,1.95,East,892,Kharif,Rainfed,237.01,23.07,8.33
rice,94,54,20,7.6,28.13,1005.77,62.64,50.26,Clay,1.44,9.85,4.85,East,1372,Kharif,Rainfed,160.56,7.94,9.37
rice,32,36,77,8.13,16.03,1812.18,39.37,36.55,Clay,0.38,8.77,14.6,East,825,Rabi,Canal,141.78,8.21,7.46
maize,171,30,20,7.29,25.7,915.93,63.47,58.83,Clay,0.73,7.56,3.86,West,441,Zaid,Rainfed,329.54,14.53,13.45
sugarcane,149,74,26,7.31,28.58,2540.77,57.22,34.11,Clay,0.97,5.71,6.09,Central,1450,Kharif,Sprinkler,268.61,6.42,78.19
potato,97,74,70,5.54,38.17,487.8,86.43,30.41,Clay,0.37,8.46,8.77,South,428,Rabi,Sprinkler,124.19,5.35,23.15
wheat,175,24,22,6.58,32.87,1255.76,65.6,42.85,Loamy,0.49,6.08,3.76,South,139,Kharif,Rainfed,131.81,8.8,8.34
maize,66,39,50,7.2,14.08,1925.3,32.11,40.46,Loamy,1.46,4.09,13.9,Central,1732,Kharif,Rainfed,268.45,5.04,10.74
wheat,102,45,119,6.85,18.11,2450.59,37.24,40.9,Silt,0.53,6.66,1.48,South,2106,Zaid,Rainfed,175.4,3.81,10.63
maize,172,35,81,6.11,22.1,2288.42,61.94,54.81,Sandy,1.5,5.41,8.28,Central,1841,Kharif,Sprinkler,203.52,19.2,11.69
potato,78,95,127,8.0,13.16,2010.26,77.71,44.43,Loamy,0.42,10.26,10.29,West,1369,Zaid,Drip,294.74,20.59,27.34
cotton,150,47,74,6.55,26.66,2615.17,35.74,59.26,Clay,1.45,4.85,3.11,East,2111,Zaid,Sprinkler,259.47,24.63,10.68
wheat,117,45,63,8.1,37.21,360.69,63.93,45.95,Silt,0.89,6.37,12.69,South,1862,Kharif,Rainfed,334.34,8.42,6.69
cotton,169,35,100,6.72,19.19,2748.77,57.16,16.09,Clay,1.05,5.5,2.65,North,694,Zaid,Sprinkler,300.66,21.07,9.5
rice,66,50,49,7.5,39.54,1164.53,51.77,58.52,Sandy,0.67,5.18,10.46,West,1721,Kharif,Sprinkler,136.84,1.76,7.21
wheat,90,79,85,7.32,17.48,2170.63,34.93,56.99,Clay,0.66,7.47,16.25,Central,1590,Zaid,Rainfed,220.45,12.5,8.8
maize,153,18,33,7.05,24.17,997.98,82.78,17.44,Silt,0.94,10.87,3.81,West,718,Rabi,Sprinkler,136.74,2.74,8.19
wheat,68,82,120,4.85,20.29,1336.7,75.79,21.26,Silt,0.76,6.67,10.71,East,1631,Zaid,Canal,150.77,6.37,5.65
maize,92,18,125,5.06,19.24,2489.94,85.25,42.82,Silt,0.4,7.42,15.01,East,798,Rabi,Drip,276.03,4.45,13.24
rice,75,23,122,6.78,21.34,1420.47,40.06,17.14,Sandy,0.76,8.46,4.66,East,170,Zaid,Drip,171.64,11.21,8.41
sugarcane,117,44,81,7.9,10.97,2512.09,64.35,35.56,Loamy,0.63,8.85,1.32,North,586,Rabi,Canal,198.95,10.6,73.9
potato,40,59,94,6.84,25.96,1672.54,31.16,63.77,Loamy,1.4,7.16,1.36,North,593,Rabi,Rainfed,254.53,10.65,28.16
maize,91,18,98,5.6,32.24,960.25,40.66,23.64,Silt,1.39,4.56,5.16,North,280,Kharif,Sprinkler,179.93,5.51,9.35
wheat,106,83,126,5.89,35.91,1515.83,77.34,25.3,Loamy,0.48,9.87,13.17,West,366,Zaid,Canal,186.09,20.61,7.62
rice,81,37,115,6.92,19.73,521.86,47.22,48.82,Sandy,1.25,7.87,6.77,East,2142,Kharif,Rainfed,160.54,4.03,7.0
sugarcane,33,30,59,6.83,26.51,1495.35,41.83,17.2,Clay,0.89,7.28,9.15,South,1201,Rabi,Drip,191.62,19.13,75.2
rice,88,36,126,8.05,36.78,2269.17,62.53,56.03,Sandy,1.43,9.89,1.98,Central,1080,Kharif,Rainfed,288.72,22.56,11.95
rice,101,86,36,6.6,34.0,472.13,69.33,24.95,Loamy,0.66,8.19,15.99,South,1426,Zaid,Sprinkler,232.44,8.68,7.26
sugarcane,177,62,34,6.01,23.92,883.57,66.62,41.58,Sandy,0.41,5.49,7.97,West,815,Rabi,Drip,79.39,17.1,72.88
cotton,122,76,35,6.58,14.95,1356.11,35.95,27.44,Clay,1.34,6.96,14.4,Central,1954,Kharif,Drip,89.25,19.12,7.85
maize,92,74,32,7.47,26.75,2194.58,85.82,47.94,Sandy,1.43,8.82,1.28,West,1850,Zaid,Rainfed,63.8,9.0,10.16
maize,83,94,55,6.64,39.69,2177.73,40.63,44.36,Loamy,1.39,10.9,12.9,East,647,Rabi,Sprinkler,118.87,11.57,10.08
potato,146,19,62,5.91,32.73,2518.23,85.52,62.32,Clay,0.73,8.29,9.52,Central,1954,Rabi,Rainfed,124.79,0.43,24.96
potato,139,94,133,5.95,35.44,663.73,59.02,37.28,Loamy,0.34,5.36,5.42,East,1739,Rabi,Drip,80.87,5.29,24.29
rice,103,21,93,7.37,15.66,689.32,36.18,58.74,Clay,0.48,4.12,13.17,West,1032,Zaid,Sprinkler,260.02,13.14,9.88
sugarcane,136,65,100,5.03,37.12,1972.43,38.92,43.79,Silt,1.5,6.13,9.34,East,466,Rabi,Sprinkler,262.85,5.92,75.46
potato,86,79,113,5.73,10.42,750.23,55.85,60.72,Clay,0.77,6.99,11.22,South,2140,Zaid,Sprinkler,213.39,6.45,24.13
rice,32,23,49,5.32,35.87,1334.59,89.88,29.59,Loamy,1.44,8.36,13.49,East,133,Zaid,Sprinkler,247.21,8.97,7.33
wheat,149,96,49,8.01,17.17,1648.51,83.15,42.49,Silt,1.58,5.36,2.52,South,1559,Zaid,Rainfed,318.49,16.18,9.93
cotton,35,59,29,5.11,28.68,942.27,88.81,34.5,Silt,0.81,4.59,12.72,South,1663,Zaid,Sprinkler,127.58,13.32,4.0
cotton,34,61,118,7.38,18.79,2028.89,57.29,18.29,Loamy,1.31,5.57,8.27,East,1134,Kharif,Drip,191.44,3.12,8.57
sugarcane,34,81,113,6.94,14.06,2444.93,70.79,43.71,Loamy,0.52,7.74,16.82,West,1479,Kharif,Sprinkler,178.9,11.81,74.78
cotton,83,38,58,6.95,17.41,330.45,61.15,54.71,Sandy,0.8,4.91,15.94,East,1612,Zaid,Canal,298.47,3.68,6.04
sugarcane,76,24,56,7.4,24.19,1023.16,31.77,42.81,Loamy,1.22,5.07,13.79,West,1182,Rabi,Canal,149.12,10.77,71.8
maize,38,87,108,6.16,37.59,2080.48,38.51,28.97,Clay,0.57,10.27,13.46,South,155,Kharif,Canal,168.48,22.42,11.52
wheat,128,91,33,6.16,21.67,988.99,47.12,28.19,Silt,0.72,4.63,16.04,Central,535,Kharif,Drip,115.62,12.71,5.65
wheat,49,62,58,5.78,11.68,1607.39,48.79,26.89,Sandy,1.03,8.89,14.53,North,1575,Zaid,Sprinkler,69.17,25.0,6.37
potato,151,49,149,6.83,10.71,2191.16,71.69,63.98,Sandy,1.2,4.17,17.36,North,1005,Kharif,Canal,318.43,9.57,27.67
sugarcane,90,68,62,7.96,16.3,1159.27,73.25,34.96,Sandy,0.76,8.11,15.68,North,955,Rabi,Canal,293.95,4.28,75.27
maize,152,95,27,7.94,11.56,2268.91,57.03,30.84,Silt,0.79,9.77,6.6,South,1364,Zaid,Sprinkler,291.34,21.62,11.25
maize,111,85,115,7.19,21.13,2340.34,52.74,35.92,Sandy,0.44,7.74,12.86,Central,565,Zaid,Canal,136.0,4.69,11.11
maize,91,30,84,7.88,21.53,2777.73,40.63,20.79,Silt,1.58,5.79,15.72,East,599,Zaid,Canal,99.37,13.98,8.0
maize,174,67,98,8.08,39.16,1380.78,32.46,24.8,Silt,1.1,4.14,14.77,West,1465,Rabi,Rainfed,234.2,10.45,9.04
rice,32,54,87,7.5,19.19,1489.49,65.12,40.45,Sandy,0.99,4.07,11.59,East,1028,Rabi,Drip,197.08,23.63,5.61
rice,42,34,111,6.19,27.97,2257.22,50.88,54.94,Silt,0.57,9.75,9.56,North,1062,Kharif,Rainfed,131.1,23.0,9.89
cotton,149,83,29,6.44,34.56,2469.95,58.6,58.82,Sandy,0.93,8.4,2.42,Central,1644,Kharif,Canal,285.03,16.34,11.72
sugarcane,154,59,94,7.97,25.39,1563.08,84.05,58.3,Loamy,0.88,7.19,6.45,South,587,Rabi,Sprinkler,102.65,21.62,73.22
rice,118,20,80,7.08,30.9,354.31,70.06,62.24,Clay,0.64,7.54,11.29,North,384,Rabi,Drip,298.45,5.65,10.22
wheat,102,83,66,7.59,39.23,1445.09,76.73,21.29,Loamy,0.88,7.72,10.83,West,659,Kharif,Rainfed,331.9,11.81,9.0
maize,97,63,22,5.19,19.72,863.11,40.79,17.05,Clay,0.56,6.51,13.74,North,1476,Rabi,Sprinkler,275.38,24.09,8.72
sugarcane,171,53,122,5.46,12.23,541.73,30.09,20.29,Silt,1.22,9.81,15.89,West,2139,Rabi,Canal,254.97,9.44,74.75
wheat,130,16,36,5.97,22.91,1148.1,38.12,45.04,Silt,1.48,10.96,10.55,North,1499,Rabi,Canal,161.74,15.99,7.54
sugarcane,127,53,41,5.44,26.22,1279.8,76.08,42.81,Sandy,0.3,7.58,11.93,Central,2137,Rabi,Drip,109.0,6.51,73.91
sugarcane,40,35,135,7.88,27.4,2754.13,56.63,48.56,Loamy,1.02,7.45,8.24,East,1041,Zaid,Rainfed,124.23,14.31,74.25
potato,134,54,110,5.54,32.16,1438.11,42.83,33.55,Loamy,1.25,10.49,2.0,South,534,Rabi,Rainfed,161.16,10.73,25.95
sugarcane,96,96,123,6.69,36.94,2718.93,87.71,34.58,Silt,1.48,8.64,6.56,North,1979,Kharif,Rainfed,192.52,1.34,75.36
maize,152,68,22,5.09,25.0,2130.98,59.2,42.28,Loamy,0.77,8.47,10.17,South,1578,Rabi,Canal,323.58,18.01,11.66
potato,58,26,71,5.33,14.3,932.72,52.14,18.95,Clay,1.48,4.43,9.38,East,455,Kharif,Sprinkler,185.75,5.04,23.1
potato,166,95,130,5.64,22.1,2054.91,88.63,54.99,Silt,1.37,7.43,10.57,West,827,Rabi,Rainfed,323.66,15.24,28.19
potato,105,51,61,8.14,14.66,1306.64,38.02,61.14,Sandy,0.98,8.21,11.63,East,49,Zaid,Rainfed,129.98,15.74,25.64
rice,38,52,149,7.51,15.47,1748.19,65.97,34.37,Sandy,0.63,9.73,2.17,East,2015,Kharif,Rainfed,295.91,18.47,10.6
cotton,69,29,58,7.09,10.05,1598.16,74.94,51.98,Silt,1.15,9.13,1.21,Central,2084,Kharif,Rainfed,244.73,12.11,7.89
sugarcane,54,21,65,7.92,37.89,2629.54,86.45,42.44,Silt,0.64,10.93,4.87,East,696,Kharif,Drip,117.09,20.64,72.41
sugarcane,34,92,67,8.05,32.36,624.27,80.04,26.8,Sandy,0.75,4.55,10.15,West,404,Zaid,Sprinkler,96.87,9.88,71.07
rice,168,64,46,6.34,13.01,1409.84,47.36,18.39,Clay,0.91,7.83,6.78,East,1422,Kharif,Sprinkler,61.13,9.44,6.74
rice,153,79,34,5.91,37.6,502.92,45.62,27.29,Loamy,0.95,4.78,10.89,North,1368,Rabi,Sprinkler,158.34,11.07,7.56
maize,67,81,26,5.87,36.11,936.85,35.86,45.25,Silt,0.55,9.63,11.85,North,966,Kharif,Rainfed,132.42,21.88,9.16
wheat,101,58,128,4.92,37.3,492.1,40.05,17.01,Silt,1.2,8.03,3.97,South,927,Zaid,Rainfed,334.06,18.24,8.78
maize,162,45,61,5.75,12.92,2646.74,73.81,56.81,Clay,1.59,5.92,10.98,Central,114,Zaid,Canal,275.61,15.59,13.06
rice,119,57,28,6.01,12.4,1087.22,47.35,63.52,Sandy,0.62,7.08,17.93,South,1070,Rabi,Canal,84.78,17.58,9.28
sugarcane,175,91,124,4.93,12.03,2253.23,56.51,19.18,Silt,1.02,10.52,17.36,North,425,Zaid,Canal,269.26,19.04,75.12
sugarcane,66,62,95,7.8,39.01,2171.35,71.42,27.33,Clay,0.89,9.46,7.01,East,1002,Rabi,Drip,136.29,15.85,74.78
potato,89,96,49,7.68,29.81,650.98,69.9,48.78,Silt,0.7,7.72,4.46,West,90,Kharif,Sprinkler,290.55,11.65,26.69
sugarcane,57,95,103,5.66,15.34,652.63,77.59,55.3,Clay,0.85,9.61,16.41,West,470,Rabi,Sprinkler,192.12,5.65,74.2
cotton,110,95,145,7.53,37.87,1244.87,33.5,32.3,Clay,1.25,4.21,13.78,Central,1125,Zaid,Rainfed,122.93,23.1,3.95
cotton,143,75,103,7.51,23.29,1721.46,64.33,40.76,Sandy,0.84,10.28,5.03,East,1816,Zaid,Sprinkler,303.54,18.02,7.88
wheat,69,89,73,5.94,33.56,1366.81,83.53,59.59,Loamy,0.96,9.26,6.64,South,813,Kharif,Sprinkler,338.57,6.08,11.16
wheat,74,98,129,7.17,29.09,2219.89,52.39,34.22,Sandy,0.92,9.58,8.33,South,850,Kharif,Rainfed,201.76,22.13,7.44
sugarcane,91,24,46,5.79,29.49,1639.86,41.49,19.08,Clay,1.02,7.75,7.64,East,1728,Zaid,Sprinkler,178.73,18.3,74.4
wheat,122,43,103,5.04,23.19,2504.62,34.13,64.74,Loamy,0.68,8.86,11.45,North,319,Kharif,Sprinkler,248.07,15.22,9.84
wheat,144,62,26,6.52,21.85,1781.0,86.39,24.01,Loamy,0.96,8.49,13.3,South,1471,Kharif,Sprinkler,130.76,10.6,9.41
sugarcane,96,95,123,6.29,14.86,1780.92,30.23,17.44,Sandy,0.48,9.69,16.29,East,801,Zaid,Rainfed,331.58,12.0,74.58
rice,85,76,91,5.27,12.12,1949.2,77.52,35.53,Sandy,1.26,8.93,4.0,West,1219,Kharif,Drip,246.19,12.04,10.28
rice,69,27,21,6.47,37.84,1807.51,45.87,21.07,Silt,0.44,7.52,7.22,Central,1552,Kharif,Sprinkler,273.6,14.61,8.74
cotton,127,58,69,8.03,38.1,1830.29,44.55,63.94,Loamy,1.32,4.6,13.75,Central,332,Zaid,Canal,288.02,8.86,7.53
cotton,69,61,37,7.29,29.24,1424.27,39.45,34.04,Clay,1.37,10.96,12.83,Central,322,Rabi,Drip,292.09,10.69,6.37
maize,120,78,35,7.31,21.64,526.37,41.63,56.29,Silt,0.32,6.47,16.28,North,1080,Zaid,Drip,276.68,8.69,9.34
maize,62,67,71,7.38,10.75,1222.27,60.84,23.83,Silt,1.38,9.32,13.06,Central,68,Rabi,Rainfed,141.88,24.31,8.96
potato,35,91,103,7.33,23.43,2220.76,82.53,21.94,Silt,1.14,8.28,2.96,West,521,Rabi,Drip,251.98,11.92,27.2
rice,176,90,115,4.87,29.77,394.97,52.05,47.46,Silt,0.43,10.84,13.24,South,123,Zaid,Canal,236.31,18.66,9.03
cotton,109,58,61,7.94,19.01,2026.58,74.73,60.47,Sandy,1.6,10.75,1.51,Central,1287,Kharif,Rainfed,326.0,10.74,9.84
wheat,121,42,132,7.62,20.27,2752.14,44.8,20.73,Loamy,1.1,7.04,10.55,East,1983,Zaid,Rainfed,275.83,21.16,10.08
rice,126,16,143,5.73,24.17,1389.91,84.25,44.46,Silt,0.82,9.97,12.39,North,839,Rabi,Rainfed,222.24,7.96,9.45
cotton,88,71,34,6.68,24.85,831.03,84.84,19.25,Loamy,1.45,4.84,15.03,North,1478,Zaid,Rainfed,327.61,7.26,7.06
cotton,88,71,109,6.89,32.29,357.52,36.5,55.61,Clay,0.35,5.48,11.21,Central,643,Rabi,Rainfed,310.01,1.05,9.43
sugarcane,77,48,61,5.25,24.99,2436.88,80.33,60.47,Loamy,1.23,8.01,11.8,West,727,Rabi,Canal,145.09,11.7,75.11
maize,42,72,64,5.66,35.36,668.47,72.11,46.44,Sandy,0.49,5.48,3.59,North,1427,Zaid,Drip,328.04,18.84,10.41
rice,136,66,113,4.88,24.48,407.87,53.63,49.42,Loamy,1.02,4.83,2.06,North,29,Zaid,Rainfed,194.59,6.4,9.65
rice,74,43,126,7.74,10.96,1513.6,80.09,17.77,Clay,0.42,5.42,2.73,West,927,Rabi,Rainfed,139.69,8.64,8.17
wheat,118,49,41,4.88,14.24,1254.33,84.21,18.65,Clay,1.18,6.33,4.91,North,478,Kharif,Sprinkler,109.09,4.76,3.81
cotton,129,89,147,5.88,31.54,2699.52,59.78,23.98,Silt,0.9,10.88,8.6,West,48,Rabi,Sprinkler,258.55,2.64,9.89
maize,36,62,57,5.07,23.56,1456.31,60.53,28.69,Clay,0.31,4.62,7.68,North,1633,Zaid,Rainfed,246.82,22.02,9.2
maize,162,47,116,7.46,23.84,2388.58,72.26,52.99,Silt,0.39,4.6,6.12,North,1518,Kharif,Sprinkler,233.61,14.22,12.15
wheat,74,89,120,7.94,39.34,2629.99,44.65,36.77,Sandy,1.21,4.31,16.1,South,765,Rabi,Sprinkler,299.39,21.9,11.39
wheat,87,87,26,6.71,27.14,760.61,34.61,18.91,Sandy,0.82,5.68,2.5,East,962,Zaid,Drip,344.93,0.55,10.08
cotton,60,92,63,5.27,13.51,1165.82,61.72,57.63,Sandy,1.17,4.78,3.45,North,1822,Kharif,Canal,98.36,0.21,5.32
rice,52,23,95,6.7,23.01,2608.2,49.22,64.69,Loamy,0.81,4.31,8.39,Central,1583,Kharif,Drip,299.71,14.16,12.96
rice,167,62,26,7.42,26.84,1689.66,37.37,37.75,Clay,0.77,7.12,3.2,South,1967,Rabi,Drip,268.56,12.79,12.18
sugarcane,136,81,79,7.24,11.12,1106.72,38.41,40.59,Clay,1.41,9.63,3.64,North,1359,Zaid,Sprinkler,193.79,8.36,77.4
rice,68,97,20,7.32,20.94,1601.28,42.78,18.93,Clay,1.41,4.7,17.44,West,91,Rabi,Sprinkler,160.24,9.69,6.18
wheat,111,50,81,5.75,39.03,2127.92,50.27,34.15,Silt,1.5,4.74,9.4,Central,1105,Rabi,Rainfed,240.75,0.67,8.54
rice,129,85,106,5.05,32.54,1845.86,56.21,33.59,Silt,1.37,9.68,2.78,East,1965,Zaid,Canal,269.63,19.36,9.43
maize,31,58,108,5.31,21.16,2633.98,87.39,63.29,Sandy,0.47,6.29,1.88,North,2085,Rabi,Sprinkler,203.89,10.33,13.79
potato,106,96,37,8.05,17.86,2707.45,59.11,48.02,Clay,0.39,7.5,13.49,North,743,Rabi,Sprinkler,133.63,18.27,25.65
potato,41,74,127,6.89,18.49,2078.65,84.8,54.11,Loamy,0.38,9.47,7.54,East,2103,Kharif,Sprinkler,268.93,23.43,26.65
cotton,68,77,134,7.27,34.85,1959.28,62.78,21.42,Loamy,1.57,6.86,5.84,North,667,Rabi,Drip,97.15,0.22,6.52
sugarcane,42,19,73,7.86,22.05,333.9,39.49,35.85,Sandy,0.95,4.14,12.69,West,945,Zaid,Canal,116.09,18.45,71.25
rice,75,90,86,7.7,35.3,2259.24,80.58,24.58,Silt,0.45,6.91,12.88,West,489,Kharif,Rainfed,233.86,22.0,8.76
sugarcane,142,54,112,5.54,37.26,1548.6,30.99,58.01,Silt,1.01,10.21,7.13,North,1322,Zaid,Drip,190.82,21.48,75.12
sugarcane,46,33,78,5.0,23.93,2486.6,63.82,22.62,Silt,1.22,4.86,17.16,East,1058,Rabi,Canal,236.35,22.94,74.96
wheat,133,61,88,7.95,38.36,2632.77,50.51,36.94,Sandy,0.42,8.73,7.8,North,1644,Kharif,Sprinkler,294.51,4.37,9.89
rice,127,79,117,8.14,19.0,1222.51,56.29,17.68,Sandy,0.75,7.48,7.45,North,1396,Kharif,Canal,290.59,2.27,9.63
maize,117,81,27,6.73,17.8,2563.66,77.85,46.71,Clay,0.54,7.72,14.22,South,1206,Zaid,Sprinkler,228.73,0.14,12.22
cotton,138,32,74,7.82,13.22,1948.92,30.33,39.1,Clay,1.57,9.81,14.87,East,400,Zaid,Drip,310.83,14.14,7.15
rice,99,64,148,5.59,17.37,1370.25,40.94,39.9,Clay,0.71,9.5,5.88,Central,2068,Rabi,Sprinkler,154.87,20.65,8.21
wheat,103,44,75,5.18,33.18,426.93,78.76,20.08,Loamy,1.2,10.89,12.71,East,2005,Rabi,Canal,212.46,17.94,6.46
rice,92,80,123,6.5,22.11,2155.38,62.73,40.7,Loamy,1.49,5.18,11.87,West,2198,Kharif,Rainfed,247.1,18.91,11.34
wheat,89,19,133,7.56,14.44,2533.02,45.5,43.19,Clay,1.42,5.78,1.57,West,30,Kharif,Sprinkler,189.06,6.96,8.74
wheat,108,56,107,7.03,13.21,1755.77,59.87,63.14,Loamy,0.81,9.23,4.32,North,1067,Rabi,Canal,326.74,22.49,13.1
maize,66,98,127,6.97,24.71,1307.16,54.17,16.66,Loamy,0.7,9.87,2.71,North,2119,Rabi,Drip,344.75,21.23,11.69
wheat,51,19,42,4.86,26.18,1428.67,76.12,61.14,Silt,1.35,9.75,16.05,West,1101,Zaid,Drip,61.59,1.95,5.52
sugarcane,177,64,120,5.88,33.84,2070.17,75.39,38.98,Silt,0.57,7.2,17.25,East,1145,Zaid,Sprinkler,295.66,21.31,75.05
maize,125,99,75,7.99,31.44,795.67,57.79,25.51,Sandy,1.23,4.76,15.02,West,1600,Zaid,Sprinkler,349.17,20.59,11.18
potato,97,72,127,5.26,15.01,811.01,46.55,48.28,Silt,1.39,6.57,6.29,West,41,Kharif,Canal,311.48,12.27,26.2
sugarcane,46,93,114,7.27,18.31,1167.59,30.72,40.85,Clay,1.4,5.96,15.62,North,345,Kharif,Canal,316.51,17.29,75.59
maize,41,98,25,7.38,30.81,374.54,58.35,26.34,Silt,0.31,7.58,1.99,West,1130,Kharif,Drip,314.42,4.7,10.47
cotton,179,22,49,7.29,15.42,1972.35,65.55,46.34,Loamy,0.95,5.15,12.65,East,2078,Rabi,Rainfed,83.14,21.15,6.78
potato,174,45,148,8.16,34.1,1420.6,66.33,38.66,Loamy,0.76,8.47,3.11,North,1626,Rabi,Drip,109.69,20.51,22.75
maize,167,26,70,6.19,29.72,2534.29,82.08,49.45,Clay,1.57,10.76,1.21,Central,1435,Rabi,Drip,159.43,22.38,11.0
sugarcane,147,35,125,7.12,26.09,1917.57,58.05,49.45,Clay,1.01,9.15,3.98,South,2078,Zaid,Rainfed,120.62,0.58,72.84
wheat,51,76,108,5.46,29.33,2061.78,73.23,38.64,Silt,0.86,10.89,17.38,North,330,Zaid,Drip,215.52,21.04,9.8
wheat,149,47,146,6.16,12.99,1979.65,37.63,34.54,Silt,0.62,8.98,13.82,North,1117,Zaid,Canal,135.71,2.66,9.11
wheat,79,40,65,6.47,26.44,1344.79,75.84,18.16,Silt,1.4,9.19,9.81,West,2060,Zaid,Drip,107.0,5.73,6.21
maize,43,54,140,5.53,23.54,2631.79,56.71,39.69,Sandy,0.72,7.72,16.93,East,605,Zaid,Rainfed,114.5,1.16,10.28
maize,58,79,118,7.88,25.39,2585.91,71.66,27.16,Sandy,1.37,10.64,8.07,North,136,Rabi,Canal,275.61,3.37,10.62
sugarcane,154,73,88,7.24,20.13,1506.29,80.11,17.66,Clay,1.46,6.52,1.68,West,1066,Rabi,Canal,112.67,15.36,73.97
cotton,36,29,82,5.76,24.05,2248.34,45.24,31.52,Silt,0.38,9.35,11.11,Central,687,Kharif,Sprinkler,204.37,4.2,6.01
cotton,58,15,69,5.26,36.5,2762.76,70.0,19.37,Loamy,0.96,4.01,15.08,North,816,Kharif,Canal,319.48,20.62,7.99
potato,168,25,31,5.78,20.35,1128.09,37.39,43.99,Sandy,0.85,9.66,5.86,Central,511,Rabi,Sprinkler,217.18,7.99,25.18
potato,62,69,88,6.92,11.35,1862.13,36.7,40.18,Clay,0.81,6.06,6.39,East,2060,Kharif,Sprinkler,116.84,11.37,25.57
maize,163,16,92,7.61,17.69,1723.89,47.02,54.62,Sandy,0.78,4.59,12.42,North,1920,Kharif,Canal,183.2,21.4,9.78
rice,140,79,63,6.51,23.63,1651.93,37.86,28.38,Silt,0.99,9.07,14.68,North,1067,Kharif,Sprinkler,263.7,10.03,9.26
potato,108,58,71,5.15,26.0,2632.81,57.18,33.58,Loamy,0.47,7.66,8.38,North,52,Kharif,Sprinkler,212.23,13.21,24.98
potato,87,30,28,5.65,22.81,616.5,82.06,49.45,Loamy,1.43,6.0,2.51,East,9,Zaid,Canal,282.25,0.81,24.04
maize,55,36,137,5.97,34.8,1590.96,34.46,64.65,Clay,1.03,9.28,13.69,South,1217,Rabi,Sprinkler,87.76,9.11,7.44
maize,58,32,29,6.96,37.46,364.64,51.8,60.21,Sandy,0.75,6.98,8.25,South,302,Kharif,Sprinkler,158.55,9.32,8.53
cotton,33,61,65,5.64,24.6,1070.26,42.47,41.04,Silt,0.62,8.55,16.47,West,8,Zaid,Drip,106.1,20.53,4.72
cotton,128,95,122,5.6,12.28,1987.66,57.53,48.9,Silt,1.1,10.99,5.3,West,1517,Kharif,Sprinkler,331.71,2.49,11.5
sugarcane,170,44,56,5.77,22.63,2251.02,68.06,41.6,Loamy,1.32,4.03,8.88,Central,813,Rabi,Canal,123.78,3.04,75.26
potato,68,24,71,6.81,15.44,2435.66,81.18,36.74,Loamy,0.87,9.94,13.04,North,282,Rabi,Sprinkler,291.54,18.11,25.39
rice,44,72,118,6.47,18.5,491.54,31.41,45.11,Silt,1.58,7.91,5.17,West,1147,Kharif,Rainfed,115.57,18.81,6.76
wheat,148,76,100,7.66,34.99,761.41,64.09,34.32,Silt,1.0,6.61,4.86,Central,1842,Zaid,Drip,320.44,13.07,9.06
cotton,58,99,32,7.17,26.06,1303.76,71.39,29.01,Sandy,1.57,10.66,13.39,Central,981,Rabi,Rainfed,86.55,8.67,3.74
rice,104,94,120,7.07,34.86,1253.04,38.09,50.28,Clay,1.55,10.57,4.06,East,1342,Rabi,Sprinkler,146.64,14.59,10.37
rice,145,20,147,5.33,39.57,934.83,86.26,58.6,Sandy,1.08,4.42,3.03,Central,1978,Kharif,Sprinkler,98.21,17.58,7.37
sugarcane,61,81,67,4.99,26.36,2641.73,34.86,29.4,Sandy,1.06,8.87,5.4,West,766,Rabi,Canal,154.05,3.5,75.33
potato,159,55,30,6.53,37.37,1634.8,49.21,50.34,Silt,0.44,8.22,14.95,West,165,Rabi,Rainfed,211.02,11.84,27.64
wheat,113,57,100,5.04,30.5,1942.56,44.31,36.7,Sandy,1.51,8.74,15.69,South,1969,Rabi,Rainfed,341.44,18.3,11.35
sugarcane,51,99,24,6.04,13.05,2174.15,34.07,30.1,Sandy,1.34,10.64,2.77,East,1083,Kharif,Drip,152.01,6.54,75.42
rice,56,91,25,4.89,22.54,1659.71,72.0,46.06,Sandy,0.95,10.93,2.86,South,1221,Rabi,Canal,132.6,12.92,8.21
potato,110,32,136,5.4,29.77,2384.11,60.68,61.97,Loamy,0.7,5.72,15.23,North,1441,Kharif,Canal,246.07,10.38,25.76
sugarcane,155,72,61,5.18,31.16,2762.1,55.63,32.58,Clay,1.39,6.06,17.08,South,1734,Kharif,Drip,154.74,2.61,75.25
wheat,121,74,100,7.52,35.82,1279.8,41.97,52.97,Clay,0.68,9.14,9.16,North,1075,Zaid,Sprinkler,152.57,19.89,10.24
maize,50,41,22,5.98,29.12,1909.21,56.57,30.73,Loamy,1.0,8.92,15.43,North,1929,Zaid,Rainfed,338.48,2.34,8.61
potato,76,82,79,5.07,12.7,1092.49,84.07,55.19,Silt,0.56,5.02,16.12,West,1595,Rabi,Sprinkler,122.96,13.66,22.05
cotton,130,36,112,5.7,14.27,472.51,51.31,53.0,Silt,1.35,10.64,7.13,West,1224,Kharif,Canal,95.91,0.94,5.56
wheat,113,38,68,7.12,19.85,367.68,60.53,53.28,Clay,1.28,9.64,9.58,North,568,Zaid,Drip,322.7,7.53,8.96
sugarcane,35,54,53,7.34,18.82,881.43,85.72,64.89,Clay,0.68,6.32,10.71,Central,1656,Kharif,Canal,243.74,0.08,76.94
cotton,176,88,56,5.21,16.65,705.79,71.47,22.03,Silt,0.45,8.06,14.17,South,1817,Kharif,Canal,246.76,23.96,6.32
maize,160,80,61,7.45,28.52,2105.66,32.51,34.44,Sandy,0.53,9.07,8.81,East,126,Rabi,Drip,262.36,8.32,11.54
sugarcane,30,54,20,6.06,22.89,1458.4,49.94,46.54,Clay,1.1,10.18,9.63,Central,1201,Rabi,Drip,177.35,24.4,73.91
cotton,87,20,122,7.11,30.55,1650.25,88.58,44.52,Sandy,0.5,10.92,2.27,South,1421,Rabi,Canal,210.94,12.0,7.46
cotton,153,32,129,7.08,21.61,504.47,81.91,54.03,Clay,0.72,8.95,1.92,North,397,Rabi,Rainfed,280.6,22.68,10.62
potato,44,95,53,7.5,18.22,348.52,82.96,17.35,Loamy,1.39,8.1,13.57,Central,2055,Kharif,Canal,221.58,4.69,20.86
cotton,93,44,20,7.17,26.51,1387.83,86.04,50.25,Clay,0.41,10.7,9.2,Central,585,Kharif,Sprinkler,231.76,1.15,5.96
maize,54,35,72,4.93,12.9,939.22,68.01,51.89,Loamy,1.06,7.61,2.52,Central,1446,Zaid,Drip,334.95,4.45,12.68
maize,53,76,41,6.57,39.66,1854.92,76.82,18.06,Sandy,0.82,5.6,5.09,West,1699,Kharif,Drip,178.45,15.12,9.65
maize,41,24,35,5.37,29.67,1579.13,69.21,41.93,Silt,0.46,4.66,12.51,West,1269,Rabi,Sprinkler,149.4,24.11,9.45
wheat,47,27,138,8.1,13.66,2371.06,61.7,27.25,Sandy,0.96,5.11,9.58,Central,688,Rabi,Rainfed,90.88,1.01,6.54
rice,44,90,105,5.67,28.67,2396.35,61.19,55.08,Sandy,0.97,8.14,14.5,West,785,Zaid,Canal,87.8,16.34,10.44
potato,56,23,61,6.23,12.23,1642.83,30.78,17.48,Sandy,0.79,8.71,7.69,East,1054,Zaid,Sprinkler,187.55,2.59,23.21
rice,101,82,90,5.47,25.19,2567.03,43.91,22.31,Loamy,0.37,9.42,2.96,West,59,Rabi,Sprinkler,150.72,13.47,8.34
rice,89,53,136,5.26,18.73,2632.1,31.74,20.22,Clay,0.57,6.12,5.55,West,909,Rabi,Canal,210.43,16.26,8.94
rice,174,38,39,6.84,31.02,910.91,56.99,18.26,Silt,0.83,6.59,2.87,North,300,Rabi,Rainfed,76.19,13.98,9.1
maize,122,48,127,6.48,24.61,2743.74,73.28,45.0,Sandy,0.66,9.58,9.17,East,1703,Kharif,Canal,257.83,13.66,13.19
rice,82,75,149,6.07,33.58,2764.82,86.29,58.43,Sandy,0.51,5.02,9.06,North,1530,Zaid,Sprinkler,61.19,20.59,9.03
maize,37,55,26,5.09,16.89,462.41,30.81,40.55,Sandy,0.93,10.03,2.26,West,87,Kharif,Drip,63.19,11.23,7.13
potato,108,19,28,7.3,29.69,305.91,59.44,25.53,Loamy,0.82,5.98,4.26,South,836,Rabi,Sprinkler,88.84,1.52,20.76
sugarcane,56,93,46,4.82,30.64,446.5,71.99,32.19,Loamy,1.16,7.22,17.49,Central,1502,Kharif,Drip,67.46,12.8,71.23
maize,79,64,149,6.36,24.33,1174.15,70.03,33.02,Loamy,1.03,5.59,17.72,North,2118,Rabi,Canal,143.94,12.48,9.32
wheat,160,18,104,6.95,35.75,2320.13,75.17,37.58,Clay,0.52,5.01,6.82,Central,2033,Kharif,Rainfed,308.51,20.73,11.19
rice,122,65,79,6.26,14.4,1561.41,80.71,36.03,Clay,1.19,9.29,3.46,East,1749,Zaid,Sprinkler,103.57,23.56,8.99
maize,53,66,131,5.23,32.75,1040.67,84.85,48.56,Sandy,0.9,9.56,4.2,West,464,Kharif,Sprinkler,300.01,22.9,10.28
sugarcane,89,53,105,7.45,13.96,437.51,40.82,32.0,Silt,0.45,6.28,2.38,West,894,Kharif,Canal,220.95,21.54,74.54
cotton,151,22,149,5.9,14.71,1289.61,87.31,48.15,Loamy,0.32,10.31,2.45,West,927,Zaid,Canal,97.82,10.71,6.3
sugarcane,160,59,102,5.26,16.04,390.41,78.35,42.34,Clay,1.11,8.75,4.28,East,127,Rabi,Canal,320.19,5.06,73.27
rice,177,42,123,6.67,29.83,731.81,83.99,17.43,Clay,1.1,7.67,9.0,North,234,Kharif,Sprinkler,209.59,4.35,10.19
wheat,75,41,107,4.87,29.17,2496.81,50.59,60.98,Silt,1.37,9.94,13.12,Central,2025,Zaid,Canal,225.17,19.34,11.18
maize,44,79,39,5.9,23.38,2204.06,89.91,23.9,Loamy,1.29,10.14,3.69,North,398,Rabi,Canal,218.15,23.82,11.28
maize,46,48,145,7.35,19.43,2789.29,30.73,37.58,Clay,1.44,8.2,8.09,Central,1938,Rabi,Canal,306.84,18.96,13.34
cotton,155,95,117,7.9,28.38,2536.06,82.24,62.38,Silt,0.68,8.09,2.45,Central,731,Zaid,Canal,293.5,19.81,11.1
wheat,113,76,70,6.81,14.33,2439.29,70.74,27.37,Silt,0.84,8.79,11.57,West,1964,Zaid,Drip,90.26,24.11,8.51
maize,38,76,107,5.54,28.86,736.86,38.27,16.11,Loamy,0.38,7.98,8.32,South,778,Zaid,Drip,240.06,23.39,7.81
maize,92,52,82,5.55,10.36,1920.81,79.88,39.5,Loamy,0.83,8.05,14.59,West,449,Kharif,Drip,341.56,2.94,10.09
maize,146,40,108,6.85,14.33,1801.34,77.6,26.2,Loamy,0.59,8.19,15.99,Central,1885,Kharif,Sprinkler,255.53,21.64,12.15
cotton,159,38,108,6.18,31.24,2594.77,62.37,44.1,Sandy,1.35,6.25,5.14,East,1627,Rabi,Sprinkler,308.83,22.56,9.18
rice,117,53,111,5.4,36.22,2252.55,68.02,55.86,Clay,1.15,9.28,7.82,East,1246,Kharif,Drip,121.89,2.64,8.52
cotton,101,35,95,7.48,12.27,2236.84,37.64,40.56,Silt,1.32,6.51,9.45,West,457,Rabi,Canal,254.38,22.1,7.32
potato,168,61,45,5.48,29.16,1111.84,57.48,47.25,Sandy,1.07,8.53,17.94,North,222,Rabi,Sprinkler,255.32,17.59,24.22
cotton,93,62,127,5.89,11.86,611.04,32.38,48.31,Loamy,1.08,9.09,16.57,Central,1678,Rabi,Sprinkler,86.84,17.99,4.45
sugarcane,101,27,27,5.01,36.37,1222.64,64.63,56.03,Clay,0.61,7.9,17.49,East,1286,Zaid,Canal,171.47,24.09,72.32
maize,50,17,61,7.18,21.75,821.08,57.1,49.4,Clay,1.17,5.63,8.89,Central,312,Zaid,Drip,175.04,9.48,10.05
potato,47,46,138,5.74,32.24,2119.25,35.13,63.81,Sandy,0.49,8.05,17.99,South,1148,Zaid,Rainfed,276.83,18.68,25.88
rice,93,49,127,5.59,15.18,1448.29,54.71,37.81,Silt,0.66,9.72,1.55,West,2068,Rabi,Canal,222.1,18.29,11.45
sugarcane,111,33,139,5.83,35.84,880.67,56.27,17.51,Sandy,0.53,4.56,17.45,West,1544,Kharif,Rainfed,108.83,19.13,73.12
maize,139,28,65,7.77,22.88,1944.96,74.26,34.7,Clay,1.53,8.61,4.27,East,1226,Zaid,Canal,159.41,12.79,10.05
potato,124,62,111,6.56,16.27,472.74,33.21,56.99,Silt,1.47,4.76,17.64,Central,717,Zaid,Drip,71.13,13.15,23.35
maize,61,95,93,5.34,27.17,2594.59,66.84,21.65,Sandy,1.44,8.53,8.73,West,1017,Kharif,Rainfed,159.31,21.63,9.6
cotton,40,82,115,7.43,18.64,1745.78,60.77,51.8,Sandy,1.55,5.95,10.85,North,503,Kharif,Rainfed,69.54,5.44,7.53
wheat,74,59,37,5.51,18.61,1452.47,46.49,41.78,Loamy,1.1,10.24,16.43,South,158,Rabi,Sprinkler,345.51,15.43,7.28
sugarcane,62,33,134,6.2,13.44,922.76,74.66,60.03,Clay,1.46,6.77,17.73,East,1268,Kharif,Rainfed,291.03,12.87,77.64
potato,131,78,91,6.73,16.42,1669.73,63.78,51.56,Loamy,0.68,6.69,3.92,East,1507,Kharif,Sprinkler,337.99,10.37,27.78
cotton,165,80,65,6.79,33.94,1017.92,61.22,48.03,Loamy,0.8,9.97,11.35,East,22,Kharif,Sprinkler,189.68,22.26,9.41
potato,40,93,57,5.03,25.71,1286.32,87.14,59.34,Silt,0.91,10.74,12.78,South,813,Kharif,Rainfed,165.87,1.16,24.68
sugarcane,117,80,149,7.65,20.65,2521.36,78.88,60.41,Silt,0.42,4.2,13.04,South,439,Rabi,Sprinkler,343.95,8.93,76.68
maize,70,89,28,6.43,37.88,785.36,42.39,34.25,Clay,1.37,7.44,4.57,North,2061,Kharif,Rainfed,308.45,18.21,10.06
cotton,174,59,127,8.16,33.92,1170.08,53.28,61.39,Silt,0.45,7.96,2.19,West,2095,Rabi,Sprinkler,261.36,11.32,9.2
rice,105,88,117,7.24,19.31,1939.61,69.77,17.73,Clay,1.34,10.48,7.4,North,1836,Kharif,Canal,164.87,19.72,9.56
potato,150,81,38,8.17,13.32,2111.94,63.01,53.13,Silt,1.5,8.16,14.8,West,2199,Rabi,Drip,130.51,12.33,24.26
potato,75,83,90,6.34,15.53,587.29,55.84,31.83,Loamy,1.04,8.04,17.5,Central,948,Rabi,Sprinkler,202.78,3.72,22.43
maize,109,17,58,5.28,30.26,2640.59,88.88,39.37,Clay,0.52,9.18,8.56,South,1554,Rabi,Drip,128.08,15.93,10.71
potato,83,52,61,7.27,26.89,367.68,39.96,56.79,Loamy,0.87,9.54,16.54,West,1926,Zaid,Rainfed,111.3,8.38,21.29
sugarcane,115,91,109,7.44,39.42,467.24,50.31,46.85,Silt,0.48,7.28,13.28,West,1772,Kharif,Canal,152.84,4.0,74.16
rice,121,56,126,7.7,10.4,2205.24,53.77,37.87,Loamy,0.45,5.13,3.01,East,558,Rabi,Rainfed,92.56,15.34,9.68
sugarcane,177,97,115,5.82,36.3,2228.69,34.1,23.2,Silt,1.28,9.99,6.87,West,639,Kharif,Sprinkler,204.38,21.14,72.66
maize,126,54,51,6.54,10.43,1965.22,58.08,61.96,Sandy,0.81,5.15,13.65,West,1841,Rabi,Drip,293.7,10.87,13.47
rice,31,64,145,7.72,22.74,1604.15,61.48,31.62,Loamy,0.3,10.86,8.6,South,1402,Rabi,Sprinkler,334.87,7.54,10.71
potato,62,49,43,7.74,37.5,1021.59,45.88,20.06,Clay,0.36,6.54,12.15,Central,1969,Kharif,Sprinkler,181.8,23.91,23.08
maize,106,38,43,4.89,29.75,2399.96,87.71,43.21,Loamy,1.36,10.66,13.91,North,294,Rabi,Drip,339.03,17.26,11.56
maize,145,31,139,7.08,27.5,2046.89,62.12,35.31,Loamy,1.11,8.91,17.68,East,11,Rabi,Rainfed,265.24,9.53,9.65
cotton,179,54,37,6.85,19.4,2720.13,64.91,44.53,Clay,1.4,10.06,16.61,Central,1974,Zaid,Sprinkler,77.02,7.49,7.02
maize,132,88,60,5.08,38.98,1435.79,83.63,26.68,Clay,0.66,10.6,6.85,South,1505,Zaid,Rainfed,181.95,3.52,10.03
wheat,132,80,106,7.96,15.05,1476.32,46.45,33.94,Sandy,0.71,8.69,14.65,West,1752,Zaid,Drip,338.35,11.6,9.71
rice,119,58,101,6.31,18.1,2278.47,68.05,63.63,Silt,1.1,9.46,7.33,North,918,Zaid,Canal,131.48,8.39,11.8
maize,151,37,52,7.09,23.59,2782.62,56.95,61.83,Silt,1.16,5.42,11.99,South,864,Kharif,Rainfed,85.89,24.89,8.85
wheat,172,20,43,7.8,13.79,2541.02,52.29,58.22,Clay,0.33,6.67,2.05,West,1364,Kharif,Drip,143.83,10.4,8.29
rice,135,80,80,5.24,22.71,1043.7,52.64,53.96,Loamy,1.48,6.8,14.33,North,1850,Kharif,Rainfed,234.97,4.21,12.3
maize,148,35,74,7.71,11.18,2684.04,31.44,22.83,Silt,1.34,5.2,17.85,Central,213,Rabi,Canal,298.78,7.04,10.71
cotton,78,49,103,7.26,37.72,794.92,79.27,38.35,Clay,0.47,7.92,10.16,West,400,Zaid,Canal,201.15,0.12,6.92
rice,133,43,138,7.65,19.66,1353.61,65.14,51.4,Clay,0.31,9.22,16.85,Central,2044,Kharif,Rainfed,242.0,13.99,10.25
maize,90,21,91,6.48,29.01,2517.35,85.96,28.09,Sandy,1.3,5.76,15.84,West,810,Zaid,Drip,317.87,22.27,12.1
potato,152,67,93,4.91,36.12,1083.61,80.73,16.65,Loamy,1.47,9.08,1.2,South,1140,Rabi,Canal,241.28,14.81,24.37
rice,163,51,148,7.08,34.55,1180.58,89.09,35.9,Sandy,0.72,9.78,2.52,Central,2030,Zaid,Rainfed,213.99,2.11,10.3
cotton,38,37,104,6.07,36.2,2786.91,32.03,36.26,Sandy,0.72,4.11,8.42,Central,2030,Zaid,Rainfed,76.89,19.38,7.61
rice,35,22,115,6.17,31.61,1427.55,68.9,18.26,Loamy,0.97,9.88,5.5,Central,696,Zaid,Drip,253.56,4.24,8.28
potato,102,90,72,6.3,15.81,2668.63,87.28,31.03,Clay,1.18,5.52,7.84,West,1488,Kharif,Rainfed,218.44,6.85,27.15
wheat,132,62,129,6.48,21.0,985.08,76.11,60.87,Loamy,1.14,4.12,9.68,North,525,Kharif,Sprinkler,300.8,5.05,11.47
sugarcane,70,24,79,7.05,25.36,1552.07,49.04,27.51,Sandy,1.28,9.61,9.12,South,374,Rabi,Rainfed,212.38,23.63,74.42
cotton,143,93,70,7.27,20.11,1256.86,36.75,43.46,Sandy,0.45,9.52,3.76,West,1246,Zaid,Drip,141.91,12.58,6.1
rice,37,38,140,7.44,38.66,1710.44,70.1,39.39,Loamy,0.98,4.1,3.52,West,15,Kharif,Canal,111.56,18.4,7.13
rice,101,61,92,7.08,34.21,2546.02,69.5,58.11,Sandy,0.96,4.5,8.03,South,1783,Zaid,Drip,259.2,20.03,11.99
wheat,121,67,26,7.53,33.97,2777.2,47.54,47.68,Clay,1.53,10.45,12.75,North,664,Zaid,Sprinkler,191.12,13.12,8.41
rice,91,53,94,5.22,20.83,1552.67,78.34,22.92,Clay,1.49,10.34,11.05,North,369,Kharif,Canal,250.08,16.53,9.49
potato,113,81,38,7.65,32.65,737.58,67.93,22.14,Loamy,1.28,7.66,2.46,South,1196,Kharif,Sprinkler,300.39,7.16,23.6
rice,91,80,89,6.12,28.42,426.19,54.88,42.87,Loamy,1.44,9.98,5.81,Central,689,Zaid,Canal,153.79,24.43,7.13
potato,140,20,75,6.6,21.26,698.81,57.95,17.32,Clay,1.27,6.09,8.05,North,1234,Rabi,Sprinkler,242.46,4.12,24.71
potato,156,35,99,6.27,19.25,2166.15,44.86,34.68,Silt,1.24,5.08,6.65,North,2168,Rabi,Canal,329.6,1.63,28.37
wheat,36,87,128,6.42,33.67,1785.79,62.32,34.95,Silt,0.58,10.83,8.6,South,1216,Rabi,Rainfed,121.18,8.49,10.02
maize,113,88,54,5.77,27.9,2171.97,60.12,24.82,Silt,1.1,8.05,8.46,West,1055,Rabi,Drip,308.65,23.87,12.3
sugarcane,161,50,91,5.38,11.11,2684.93,86.6,30.05,Loamy,1.49,6.07,15.16,Central,796,Zaid,Sprinkler,112.69,12.0,74.08
wheat,163,17,111,5.16,10.65,2067.06,60.56,31.5,Clay,1.28,7.62,15.18,West,790,Kharif,Canal,164.52,1.75,8.0
wheat,87,92,22,6.33,35.26,2243.87,76.65,15.59,Clay,1.09,8.21,16.98,North,907,Kharif,Canal,184.47,17.22,6.98
wheat,51,56,85,5.23,12.69,1367.86,66.85,55.29,Clay,0.64,6.32,9.9,North,456,Kharif,Canal,234.45,24.74,8.19
maize,156,59,71,5.63,25.58,1578.31,43.51,62.87,Clay,1.18,9.37,5.7,East,906,Zaid,Drip,111.19,0.12,11.16
sugarcane,32,58,112,5.25,28.26,2358.22,32.97,29.46,Loamy,0.75,4.28,12.76,West,707,Rabi,Canal,201.66,11.91,74.64
sugarcane,156,47,66,5.17,37.48,1897.66,72.12,20.6,Clay,0.38,5.69,13.99,South,5,Zaid,Drip,333.42,19.87,75.99
rice,70,74,22,7.8,25.44,1638.75,78.14,62.68,Clay,0.61,6.18,6.93,West,1366,Rabi,Drip,157.96,11.27,7.74
wheat,135,97,103,7.09,15.82,853.0,82.49,52.03,Sandy,0.81,9.06,15.02,South,108,Rabi,Canal,124.34,8.53,6.05
maize,43,97,53,7.94,17.82,1807.08,71.02,59.56,Sandy,1.6,9.58,12.8,North,782,Kharif,Rainfed,73.66,5.14,8.44
potato,41,84,69,6.99,11.47,1027.79,56.06,33.04,Sandy,1.29,8.38,17.49,North,1040,Kharif,Canal,264.73,3.34,23.7
maize,116,97,52,7.67,16.66,1775.56,59.55,39.2,Sandy,0.66,6.32,6.87,Central,328,Kharif,Rainfed,206.04,2.47,10.12
maize,41,91,92,6.69,34.45,1459.72,75.62,61.51,Loamy,1.29,5.83,16.68,West,1825,Rabi,Sprinkler,213.2,19.37,11.15
wheat,170,40,22,6.37,32.71,554.31,40.69,37.98,Silt,0.76,6.78,6.91,North,1767,Zaid,Sprinkler,343.15,7.82,10.33
cotton,54,35,21,6.6,12.46,2442.86,57.16,48.6,Sandy,1.09,7.08,15.73,Central,469,Rabi,Canal,131.58,11.37,6.85
cotton,74,16,35,5.89,24.39,1753.29,33.24,50.24,Sandy,1.29,8.16,6.57,North,1753,Kharif,Drip,302.97,21.17,8.96
potato,151,61,52,7.04,19.05,2557.37,36.32,56.86,Sandy,1.26,8.74,16.45,Central,1821,Kharif,Sprinkler,110.2,9.95,24.91
wheat,176,44,28,7.85,29.5,2617.49,43.85,63.76,Loamy,0.48,6.65,1.29,West,651,Rabi,Drip,192.59,1.86,10.03
potato,84,41,76,7.46,38.84,1593.95,67.8,31.74,Silt,1.37,4.84,7.89,South,99,Zaid,Canal,249.78,10.45,25.54
rice,129,85,59,6.37,28.92,1995.13,85.21,27.37,Clay,1.5,7.08,1.85,Central,1286,Zaid,Canal,306.53,14.3,10.19
potato,165,34,71,8.04,32.37,2538.46,51.9,18.89,Sandy,0.6,6.53,7.93,North,885,Zaid,Sprinkler,269.69,0.37,26.61
rice,148,64,35,8.15,21.94,2000.39,60.02,57.83,Silt,0.73,4.42,8.17,East,1684,Zaid,Drip,241.44,14.53,8.33
potato,82,37,106,6.48,10.98,909.84,64.23,29.63,Clay,1.52,5.44,16.43,East,1024,Zaid,Sprinkler,65.04,3.74,22.9
rice,61,27,79,7.74,22.54,946.2,47.07,17.48,Sandy,1.58,6.9,14.6,West,589,Rabi,Canal,222.36,2.75,9.09
maize,80,95,22,4.82,25.32,1347.21,71.39,58.26,Loamy,0.89,7.87,5.53,South,816,Rabi,Canal,166.81,17.72,8.36
maize,73,18,34,5.03,24.78,394.19,42.74,40.5,Loamy,0.34,7.81,15.2,East,665,Kharif,Canal,340.63,3.69,8.34
sugarcane,111,28,121,4.88,17.01,1227.45,41.36,56.92,Loamy,1.51,5.49,4.09,East,920,Rabi,Rainfed,154.72,2.5,74.41
maize,175,34,42,7.43,24.25,658.9,42.35,42.72,Clay,0.33,5.62,12.77,Central,718,Kharif,Canal,90.01,11.32,6.89
maize,179,27,36,5.07,31.54,2367.85,58.76,30.69,Loamy,0.73,8.98,5.72,South,924,Kharif,Sprinkler,101.95,10.22,9.2
maize,66,17,133,4.86,19.34,2255.55,45.01,21.49,Silt,0.42,6.39,17.44,East,1587,Kharif,Drip,260.31,16.33,10.36
rice,125,96,77,5.3,29.02,737.8,55.99,36.86,Clay,0.97,5.33,16.87,South,1534,Rabi,Canal,179.6,23.74,7.53
cotton,85,92,129,5.84,14.6,1011.68,52.61,16.33,Loamy,0.35,7.17,6.13,Central,504,Kharif,Sprinkler,174.99,2.34,4.57
rice,134,61,97,6.38,18.34,1724.87,79.86,45.12,Silt,0.59,7.45,1.5,South,166,Kharif,Canal,170.16,23.46,11.18
sugarcane,88,17,63,5.02,36.52,923.44,43.14,36.38,Silt,0.9,5.4,12.0,Central,1775,Kharif,Drip,338.26,18.46,73.85
wheat,160,15,31,6.5,28.8,438.86,48.37,22.08,Sandy,0.4,7.27,3.77,West,1245,Kharif,Canal,101.87,6.87,9.16
wheat,64,38,27,5.64,12.58,2213.35,87.14,41.51,Sandy,0.92,9.24,3.0,South,1774,Kharif,Sprinkler,304.56,22.35,11.59
sugarcane,122,49,99,5.73,17.94,527.81,44.68,55.05,Silt,0.64,5.2,16.42,South,316,Zaid,Drip,308.1,1.21,74.86
maize,126,28,60,7.59,39.82,1994.43,77.81,63.74,Sandy,0.65,6.51,10.58,East,393,Rabi,Canal,251.02,24.59,11.79
rice,164,81,65,8.16,18.1,674.63,38.49,41.37,Sandy,1.52,4.71,16.88,West,463,Kharif,Sprinkler,136.65,19.44,6.27
potato,105,27,48,6.38,27.42,319.19,65.2,21.48,Clay,1.2,5.51,5.5,South,765,Rabi,Rainfed,240.03,8.24,24.84
cotton,78,61,35,5.89,26.51,1706.25,35.52,55.54,Loamy,1.51,7.03,6.65,East,250,Zaid,Drip,80.09,17.12,7.16
sugarcane,123,64,24,7.97,22.07,1011.69,54.6,49.79,Clay,1.05,10.82,16.93,East,1842,Kharif,Canal,330.53,24.34,76.05
potato,53,92,49,6.5,11.01,625.18,87.34,62.7,Clay,1.48,8.89,8.57,Central,1629,Kharif,Rainfed,253.57,8.64,24.48
rice,177,99,136,7.28,18.53,2012.43,68.56,41.76,Sandy,1.39,10.52,4.98,East,2060,Zaid,Drip,101.5,11.08,9.75
rice,66,40,24,6.21,38.6,1910.34,42.46,32.86,Loamy,1.6,4.73,8.06,North,1786,Kharif,Drip,285.96,21.08,12.18
potato,33,17,68,5.49,10.58,1328.46,78.53,63.14,Clay,0.95,10.59,6.97,Central,1577,Rabi,Canal,150.74,11.23,25.93
rice,137,65,108,7.03,31.47,521.49,69.27,41.92,Clay,1.2,7.58,14.39,Central,1817,Kharif,Rainfed,71.66,3.05,6.89
rice,155,54,69,7.06,36.78,1464.61,85.66,15.8,Clay,0.51,5.98,7.99,Central,1306,Zaid,Rainfed,127.1,16.26,6.95
rice,49,82,33,6.36,32.87,560.42,43.73,38.68,Clay,1.52,9.91,2.31,West,189,Zaid,Rainfed,248.44,8.67,9.17
potato,79,50,127,5.72,19.7,2785.85,37.28,15.12,Loamy,0.82,8.21,11.3,South,1587,Rabi,Rainfed,249.02,23.57,25.3
wheat,125,65,65,7.63,25.61,886.79,68.09,51.89,Sandy,1.49,4.64,16.11,East,866,Zaid,Sprinkler,336.99,2.67,9.73
maize,134,15,101,5.74,36.03,307.76,84.82,43.3,Silt,0.43,7.75,16.52,East,1551,Rabi,Rainfed,169.26,12.33,8.9
sugarcane,146,47,145,7.04,39.26,850.07,76.67,20.49,Sandy,0.97,8.49,9.2,South,1507,Kharif,Rainfed,286.36,18.5,74.35
maize,127,21,103,6.11,12.91,1849.1,54.67,55.65,Silt,0.3,4.12,1.22,Central,21,Zaid,Rainfed,200.2,22.4,10.86
maize,95,66,53,6.41,13.73,2741.12,55.9,41.82,Clay,0.84,7.85,11.21,Central,2178,Kharif,Canal,276.81,18.73,11.66
maize,108,25,90,5.52,38.67,1613.56,49.96,20.7,Silt,0.41,6.54,8.95,North,1400,Rabi,Drip,205.69,23.39,8.96
potato,35,41,79,7.01,36.18,1412.68,85.04,23.0,Loamy,0.88,7.2,17.01,North,565,Kharif,Drip,195.66,18.71,23.74
sugarcane,68,28,93,5.57,16.33,2780.64,78.7,56.11,Loamy,1.02,4.76,16.06,East,1959,Rabi,Drip,171.28,7.54,75.25
maize,144,94,100,6.45,39.1,712.42,46.04,32.77,Clay,1.41,7.52,16.29,Central,1321,Kharif,Sprinkler,70.24,20.96,6.97
rice,154,60,117,5.92,16.27,794.44,49.24,56.05,Loamy,0.68,10.89,14.31,West,1721,Zaid,Canal,304.67,13.51,11.4
maize,41,90,110,8.08,12.66,1251.74,74.39,18.48,Clay,1.04,9.17,5.25,South,1690,Kharif,Rainfed,243.09,17.71,7.76
cotton,160,24,114,8.14,30.46,2168.76,55.45,27.19,Silt,0.39,10.49,10.8,Central,1043,Zaid,Rainfed,199.28,7.37,6.93
potato,47,38,79,7.36,26.19,1056.29,66.58,53.23,Sandy,1.49,5.94,15.38,East,1628,Kharif,Sprinkler,219.09,24.54,23.42
cotton,69,75,132,8.15,17.19,1474.79,39.33,47.09,Sandy,0.89,6.68,14.37,South,2069,Rabi,Rainfed,117.36,15.35,6.97
rice,50,32,100,5.19,37.85,2648.37,79.6,30.34,Silt,0.63,8.54,15.0,East,854,Kharif,Drip,336.01,21.49,11.26
cotton,172,23,103,8.17,22.13,2481.98,63.38,61.8,Sandy,0.9,9.18,9.12,East,1575,Kharif,Drip,138.1,22.87,7.57
cotton,128,31,44,5.15,22.09,2667.56,79.54,25.55,Clay,0.93,6.13,5.52,South,1050,Kharif,Canal,60.19,13.24,7.64
wheat,55,72,52,6.21,28.95,717.04,72.89,57.49,Silt,1.27,6.43,2.07,North,1934,Rabi,Rainfed,233.4,18.99,10.26
maize,37,27,38,5.61,16.92,1505.35,55.74,49.79,Clay,1.57,4.92,5.73,West,1882,Rabi,Rainfed,298.69,23.23,9.52
rice,129,64,76,8.04,27.61,2082.77,70.83,21.06,Sandy,0.54,8.75,1.33,East,139,Kharif,Rainfed,242.72,6.42,10.01
potato,116,20,34,6.96,20.92,2132.24,33.59,42.76,Clay,0.37,6.44,6.55,Central,109,Rabi,Drip,141.71,7.68,24.79
wheat,71,99,60,6.83,30.85,1675.21,56.17,61.5,Loamy,1.15,4.97,17.19,West,1607,Kharif,Sprinkler,180.87,21.41,8.58
rice,43,65,79,8.19,17.43,2351.89,56.15,45.94,Sandy,1.45,8.44,5.55,Central,1202,Rabi,Sprinkler,265.07,8.07,9.08
wheat,107,50,128,6.88,15.56,406.79,55.24,41.44,Loamy,1.03,4.09,16.82,East,97,Zaid,Drip,258.13,5.87,9.17
potato,31,85,115,7.0,17.49,792.27,37.05,33.32,Loamy,0.4,10.65,17.54,North,1138,Rabi,Rainfed,192.94,1.28,24.23
rice,148,39,41,4.95,38.08,1119.87,59.22,54.44,Silt,0.85,8.49,2.75,East,280,Kharif,Drip,61.55,9.77,7.2
rice,66,25,45,7.72,35.48,2122.26,75.7,60.65,Silt,1.15,8.25,14.8,East,877,Zaid,Rainfed,222.17,21.93,8.95
cotton,98,58,144,8.1,34.87,2554.33,49.38,52.67,Clay,0.73,8.53,17.13,Central,2192,Rabi,Canal,187.48,6.67,7.38
sugarcane,70,28,116,8.07,33.42,1622.15,79.12,51.26,Clay,1.4,6.22,4.57,North,485,Rabi,Drip,150.77,24.77,73.59
cotton,91,43,90,5.55,29.11,2070.42,65.13,24.62,Sandy,0.59,5.63,7.55,South,765,Kharif,Rainfed,268.43,0.7,8.82
wheat,89,88,37,5.57,12.95,1786.02,73.45,56.7,Clay,0.77,7.76,15.25,North,620,Zaid,Drip,175.34,5.86,7.93
maize,154,64,114,6.04,19.74,2611.23,83.86,17.03,Clay,1.49,10.61,3.39,Central,1928,Zaid,Rainfed,218.52,14.38,11.88
maize,140,19,85,5.85,26.86,2550.23,58.93,52.87,Silt,1.05,5.97,10.52,East,557,Kharif,Sprinkler,110.71,19.9,9.66
wheat,43,86,146,5.84,13.17,2319.77,80.7,25.54,Silt,0.31,9.01,5.1,South,1313,Rabi,Canal,100.76,13.5,8.36
cotton,113,83,61,6.86,10.9,998.96,38.42,39.36,Loamy,0.62,10.81,14.01,West,867,Zaid,Canal,195.97,1.5,5.19
maize,159,71,136,7.54,12.8,1232.8,76.7,49.76,Clay,1.28,7.85,11.52,North,140,Kharif,Sprinkler,102.31,9.98,10.36
cotton,99,40,30,7.99,13.24,1341.08,80.02,52.95,Silt,0.37,7.21,11.5,Central,253,Zaid,Rainfed,328.15,21.53,6.64
sugarcane,174,20,45,5.03,13.29,310.85,84.2,59.4,Sandy,1.59,9.24,16.58,West,392,Zaid,Rainfed,214.41,2.22,72.08
wheat,152,30,75,5.75,15.71,877.75,34.86,29.13,Clay,1.47,4.99,12.43,Central,135,Kharif,Canal,220.13,12.88,8.67
cotton,118,74,137,5.67,24.97,2084.52,37.02,26.22,Sandy,0.59,4.23,3.5,North,945,Kharif,Sprinkler,261.14,16.14,7.74
rice,57,26,76,6.02,18.56,1660.98,31.36,64.81,Loamy,1.46,6.46,3.96,East,2144,Kharif,Rainfed,208.15,24.9,10.63
maize,95,89,24,6.24,35.8,2694.37,60.35,25.38,Loamy,1.21,9.86,5.67,East,592,Rabi,Sprinkler,243.04,5.42,12.35
rice,34,17,33,6.12,36.28,372.89,41.57,48.27,Silt,0.85,4.54,1.65,Central,501,Zaid,Drip,132.2,23.59,7.64
maize,74,77,43,8.04,37.61,1245.72,64.07,62.64,Silt,0.55,8.14,7.21,West,1431,Zaid,Canal,123.62,11.5,8.9
wheat,76,78,87,6.29,24.13,2068.18,83.54,59.83,Loamy,0.56,4.36,7.51,East,620,Kharif,Sprinkler,78.77,1.42,8.49
wheat,60,76,67,6.68,33.22,634.25,49.62,37.16,Sandy,1.07,7.51,13.06,North,1045,Rabi,Sprinkler,192.24,21.32,7.5
cotton,168,20,79,7.35,27.73,1549.06,30.32,46.88,Loamy,0.84,4.91,6.58,Central,1224,Zaid,Rainfed,185.22,2.24,8.94
wheat,39,33,22,7.27,14.33,339.63,83.39,41.45,Loamy,1.07,8.25,15.56,West,627,Zaid,Canal,322.13,2.42,6.97
wheat,147,32,138,6.78,29.07,750.38,67.31,32.33,Silt,0.73,6.17,7.53,West,1986,Kharif,Drip,98.95,0.09,6.93
wheat,43,94,119,7.73,35.11,2645.47,42.09,22.22,Clay,0.6,6.59,17.99,South,564,Kharif,Drip,240.31,9.91,7.97
potato,109,57,102,6.92,20.44,1798.33,71.54,55.17,Silt,1.39,4.44,9.08,East,687,Rabi,Canal,131.66,5.14,27.36
potato,122,87,43,7.77,32.4,2198.08,67.97,19.52,Silt,1.5,9.43,16.09,South,186,Kharif,Canal,293.63,4.06,24.26
potato,39,17,20,5.83,33.24,555.45,52.81,45.48,Sandy,1.22,8.22,4.75,West,1798,Rabi,Canal,104.51,21.48,22.23
rice,105,86,135,5.25,29.31,886.48,42.73,44.72,Loamy,0.51,8.07,1.06,South,1491,Rabi,Canal,81.31,12.02,6.34
rice,123,52,29,7.59,36.5,779.8,89.55,31.74,Clay,0.42,8.61,9.72,East,300,Rabi,Sprinkler,161.22,11.25,8.17
wheat,134,82,148,6.1,14.34,986.9,68.58,21.77,Clay,1.0,8.65,9.75,East,2129,Zaid,Canal,288.32,20.08,11.38
maize,30,90,98,7.01,35.3,945.79,30.1,54.98,Silt,1.02,6.47,17.23,South,1117,Zaid,Sprinkler,119.62,10.66,8.12
wheat,162,58,118,7.31,28.32,1708.82,37.54,38.1,Silt,1.13,5.92,4.32,East,1242,Rabi,Canal,142.78,3.34,7.35
maize,49,94,64,5.91,35.67,2064.22,44.84,51.26,Loamy,1.48,6.08,4.35,West,568,Rabi,Canal,248.07,2.56,10.14
potato,37,77,137,6.52,25.98,1671.09,78.79,15.82,Sandy,1.14,9.68,8.13,Central,524,Zaid,Drip,162.66,8.32,26.33
cotton,30,56,71,7.84,19.84,1047.63,58.48,18.73,Loamy,1.49,5.19,9.8,South,511,Zaid,Rainfed,246.76,18.39,3.44
sugarcane,86,78,131,7.79,36.92,2037.04,33.61,23.79,Clay,0.45,7.41,11.91,North,95,Kharif,Canal,272.07,15.05,73.72
rice,93,68,131,7.35,36.32,1679.69,45.91,20.69,Sandy,1.22,8.38,6.01,East,1917,Kharif,Drip,130.58,21.84,10.41
rice,147,92,32,7.39,18.03,1896.35,88.84,24.59,Silt,1.51,7.61,5.5,North,1995,Zaid,Drip,189.58,3.84,10.41
cotton,57,91,36,7.85,32.32,828.94,76.07,49.32,Silt,0.9,7.87,15.29,South,1105,Rabi,Canal,135.0,11.98,4.13
potato,150,85,63,7.3,12.74,2699.09,30.28,17.35,Clay,1.56,9.87,9.42,South,124,Zaid,Drip,270.11,20.76,26.16
potato,136,90,92,5.95,12.58,1119.36,80.32,16.89,Loamy,1.02,6.31,16.84,North,1592,Rabi,Drip,207.88,18.14,25.74
cotton,78,51,24,5.21,25.34,1224.23,41.54,16.58,Sandy,1.53,6.42,12.62,West,1022,Kharif,Rainfed,80.35,7.15,3.39
maize,149,18,52,6.23,11.07,1651.27,49.85,49.88,Loamy,1.27,5.16,2.06,Central,1709,Kharif,Sprinkler,277.36,6.84,12.57
rice,73,16,87,5.1,23.01,424.23,37.1,41.81,Loamy,0.9,9.25,2.82,East,13,Rabi,Sprinkler,289.09,10.25,8.83
sugarcane,85,58,35,5.19,33.72,777.92,30.63,33.51,Loamy,0.34,5.45,15.78,East,55,Zaid,Rainfed,141.63,0.46,69.69
wheat,140,81,55,8.03,36.68,2331.73,60.24,48.78,Silt,1.15,7.64,4.58,South,401,Rabi,Canal,241.9,4.0,11.55
potato,163,82,121,7.1,17.64,2284.69,47.16,42.68,Clay,0.63,9.98,3.86,North,1914,Zaid,Rainfed,334.9,9.11,27.82
wheat,137,90,44,7.7,12.31,654.55,51.61,15.37,Sandy,0.68,4.69,16.09,Central,2004,Zaid,Rainfed,161.0,18.17,4.7
sugarcane,177,97,91,6.99,28.92,1774.22,40.14,56.93,Sandy,0.33,5.18,17.23,East,96,Zaid,Rainfed,312.21,15.78,78.37
wheat,143,88,100,6.22,17.94,465.65,78.39,32.51,Clay,1.02,5.28,12.09,North,750,Rabi,Drip,337.95,24.84,7.74
rice,107,76,80,4.89,10.7,486.55,40.41,34.98,Sandy,0.68,4.94,2.73,South,1332,Kharif,Canal,201.75,8.57,7.92
sugarcane,159,15,37,8.05,13.94,2299.01,61.04,54.11,Sandy,1.58,10.61,1.38,Central,938,Rabi,Drip,128.66,21.4,74.01
maize,66,31,77,5.04,38.15,1476.33,58.16,24.35,Loamy,1.27,9.18,11.18,South,1117,Kharif,Drip,104.46,8.64,7.78
cotton,49,30,95,6.87,36.25,2616.35,85.18,15.5,Loamy,0.76,7.18,2.0,North,1041,Zaid,Sprinkler,205.46,6.31,8.25
maize,55,23,140,5.15,34.89,1495.31,89.26,60.44,Clay,0.68,6.08,10.32,South,386,Rabi,Canal,321.39,12.38,10.94
rice,58,67,76,5.77,20.18,2317.4,84.35,40.27,Sandy,1.23,4.81,7.83,East,385,Kharif,Canal,250.22,12.15,11.27
cotton,30,87,116,5.43,31.44,1896.91,74.01,32.48,Clay,0.63,4.17,1.56,South,371,Zaid,Drip,283.74,7.79,10.09
cotton,148,73,82,6.68,38.71,1376.5,55.84,55.95,Clay,0.88,8.55,17.22,West,2186,Kharif,Canal,188.16,22.23,7.09
rice,64,23,31,7.82,27.03,1687.18,37.83,16.31,Clay,0.51,7.54,1.15,West,513,Rabi,Canal,151.73,23.21,7.16
potato,88,26,30,6.96,19.99,2635.57,82.19,25.11,Clay,0.63,8.15,7.02,West,862,Zaid,Drip,342.87,13.4,25.84
wheat,98,55,46,7.06,33.98,489.64,72.97,22.76,Loamy,0.43,5.17,14.7,East,482,Kharif,Rainfed,120.43,16.32,5.86
rice,41,29,123,7.89,22.91,1623.68,37.91,51.89,Silt,0.86,8.12,17.57,South,96,Rabi,Canal,331.33,17.07,10.44
potato,49,80,86,7.35,27.32,429.62,35.28,30.6,Clay,1.5,5.43,1.77,East,898,Kharif,Sprinkler,316.98,7.34,26.98
maize,72,89,108,7.74,26.24,1688.6,70.46,53.65,Sandy,0.43,4.29,17.16,West,315,Kharif,Canal,94.52,16.89,8.49
sugarcane,155,25,64,6.22,16.52,1817.33,84.36,17.07,Silt,0.87,10.11,6.72,Central,1847,Kharif,Drip,144.8,10.09,74.38
sugarcane,79,22,100,7.74,10.02,2318.74,42.83,45.41,Loamy,0.69,9.79,3.69,West,1152,Zaid,Canal,302.64,10.52,77.24
rice,58,69,86,7.0,39.97,2295.45,54.72,30.91,Silt,0.77,8.12,15.0,North,761,Rabi,Canal,148.96,21.91,9.5
wheat,68,20,121,5.26,22.5,325.23,87.87,24.35,Silt,1.3,10.4,11.92,Central,111,Zaid,Drip,221.68,13.94,6.92
maize,67,67,110,4.93,18.51,477.98,86.76,55.84,Loamy,0.87,9.41,2.69,West,132,Zaid,Rainfed,224.87,23.36,11.3
sugarcane,113,34,61,5.63,32.98,2011.34,71.92,35.61,Clay,1.15,5.92,11.51,South,749,Zaid,Drip,271.02,18.26,76.41
rice,157,53,39,6.09,27.78,757.17,58.44,43.58,Silt,1.56,10.4,14.88,Central,1203,Zaid,Drip,333.44,13.82,10.97
rice,155,86,67,7.65,36.41,1620.33,52.37,16.65,Loamy,1.1,6.72,10.33,East,2030,Zaid,Canal,65.13,17.64,6.53
wheat,74,48,37,7.32,33.43,879.3,53.46,54.58,Loamy,0.74,10.88,6.82,Central,1862,Zaid,Sprinkler,330.63,8.29,10.15
wheat,81,71,147,8.05,18.45,2386.48,60.29,29.34,Silt,0.82,8.88,4.63,South,740,Zaid,Canal,301.65,11.57,8.75
maize,109,33,96,6.7,27.77,2002.26,71.26,49.67,Loamy,1.2,5.46,13.76,East,313,Rabi,Canal,94.56,11.2,10.0
wheat,153,85,25,7.34,25.08,1388.85,60.65,53.02,Silt,1.2,6.77,7.79,West,1572,Rabi,Drip,256.25,20.69,8.85
potato,148,45,58,5.74,38.65,861.61,43.78,20.86,Silt,0.78,8.66,15.14,South,841,Kharif,Sprinkler,254.89,7.97,23.79
potato,37,96,30,7.11,17.19,1948.41,75.19,29.8,Loamy,1.24,9.52,13.99,Central,1335,Rabi,Drip,140.55,13.83,24.46
wheat,114,54,131,7.2,18.52,1178.21,57.17,51.17,Loamy,1.02,8.04,13.79,North,571,Kharif,Rainfed,283.85,10.72,8.86
wheat,158,28,127,7.68,37.61,1772.78,64.39,26.61,Loamy,1.57,9.18,14.5,Central,1582,Rabi,Drip,312.93,23.57,8.25
wheat,37,95,113,6.62,23.73,1970.26,76.56,57.41,Silt,1.48,7.37,10.45,East,148,Kharif,Rainfed,131.79,21.36,9.71
cotton,125,51,74,7.01,23.72,644.17,53.04,30.6,Sandy,1.37,6.0,14.25,West,1181,Zaid,Rainfed,301.02,23.28,8.4
maize,131,58,103,5.49,36.05,423.15,85.79,35.12,Loamy,0.34,8.93,15.94,Central,2105,Kharif,Canal,280.46,10.96,11.58
wheat,34,23,77,7.3,18.88,1533.3,60.61,19.99,Loamy,0.79,9.77,6.12,South,189,Zaid,Drip,82.29,9.93,6.9
cotton,115,72,56,7.65,30.91,695.75,72.22,22.38,Clay,1.05,6.22,5.28,West,1611,Zaid,Drip,258.69,6.83,6.64
wheat,63,34,35,6.82,31.65,524.18,75.31,28.77,Loamy,0.98,6.99,8.8,South,1911,Zaid,Sprinkler,106.12,5.95,5.31
rice,84,64,89,5.19,23.27,522.62,51.85,17.45,Silt,1.29,6.36,10.4,Central,401,Zaid,Drip,118.16,11.08,5.14
potato,148,34,112,5.86,20.02,2055.25,45.49,24.65,Loamy,1.48,5.02,1.48,North,1582,Kharif,Rainfed,92.87,4.16,26.16
wheat,143,50,37,6.42,32.4,2563.17,85.4,35.45,Clay,1.32,9.37,4.09,Central,405,Zaid,Rainfed,271.19,24.9,10.86
potato,174,41,149,7.1,17.68,2629.6,48.81,34.0,Sandy,0.59,7.57,1.38,South,2102,Kharif,Sprinkler,332.19,4.36,28.07
potato,55,86,65,5.89,34.58,2639.78,36.57,24.93,Sandy,0.93,5.13,10.55,South,422,Kharif,Sprinkler,143.96,18.79,26.68
sugarcane,165,46,38,7.66,22.49,1977.49,59.75,19.02,Loamy,0.81,6.42,14.11,South,2155,Zaid,Rainfed,206.42,20.85,74.66
wheat,76,15,57,6.06,10.55,2614.66,79.48,30.91,Sandy,1.3,9.19,15.05,North,1987,Rabi,Rainfed,203.88,23.98,10.21
cotton,142,31,56,4.95,27.08,629.62,46.92,52.27,Silt,1.46,6.65,10.49,North,2041,Rabi,Drip,62.04,7.54,4.64
maize,105,23,131,7.5,15.83,1803.77,59.63,40.5,Sandy,0.67,4.5,1.7,Central,1481,Kharif,Rainfed,150.1,21.92,10.83
wheat,101,98,64,6.99,24.0,2199.99,51.69,62.34,Silt,0.94,4.74,11.04,South,1500,Kharif,Canal,122.77,7.26,10.05
potato,118,59,136,7.53,34.25,2657.66,31.48,21.99,Sandy,1.25,10.99,7.79,West,1898,Rabi,Drip,62.05,12.62,24.04
maize,75,80,149,5.99,15.7,1120.9,38.25,25.37,Sandy,0.36,7.0,15.43,West,2063,Rabi,Drip,99.89,14.45,9.06
potato,62,46,63,4.86,16.24,1761.94,77.82,29.01,Silt,1.55,8.45,7.91,Central,1377,Rabi,Rainfed,223.25,12.79,24.04
sugarcane,30,59,116,5.05,24.22,1308.89,86.07,15.65,Silt,1.34,8.34,13.21,West,1490,Kharif,Rainfed,261.25,4.02,73.58
rice,176,23,102,5.18,24.3,1645.67,30.26,62.17,Loamy,1.01,5.16,4.31,Central,203,Rabi,Drip,349.66,24.73,11.53
rice,60,44,143,7.54,23.61,1558.92,81.67,37.27,Silt,1.31,6.79,16.7,Central,1998,Zaid,Canal,265.18,4.29,8.49
cotton,171,98,143,5.82,30.83,2424.22,73.43,39.08,Loamy,1.39,9.0,6.02,East,418,Zaid,Drip,86.19,1.64,9.37
sugarcane,82,52,46,8.19,18.07,2360.17,71.09,22.89,Clay,0.94,6.97,1.1,Central,1439,Kharif,Canal,188.69,0.11,73.17
wheat,77,74,67,7.38,17.82,1287.28,55.8,58.63,Silt,0.87,8.12,2.39,Central,600,Rabi,Sprinkler,252.94,18.69,9.51
potato,98,15,113,6.84,10.67,1002.52,49.89,49.63,Loamy,1.39,6.6,4.9,North,1615,Zaid,Rainfed,203.31,1.27,25.43
maize,134,19,26,8.14,21.45,2427.2,54.64,36.57,Loamy,1.42,5.86,3.81,East,232,Kharif,Canal,150.58,5.61,6.81
sugarcane,119,77,104,5.88,15.87,2686.65,66.09,58.9,Sandy,0.46,4.13,4.24,South,2033,Kharif,Drip,75.96,13.08,75.13
rice,92,50,131,5.36,27.75,346.54,86.8,60.27,Silt,1.48,6.97,10.85,West,1018,Kharif,Canal,177.53,5.49,10.66
cotton,102,79,108,7.31,15.44,1552.51,42.42,17.47,Sandy,0.66,6.78,9.05,Central,1772,Zaid,Sprinkler,158.39,20.73,7.15
cotton,118,92,147,5.75,36.84,2228.79,88.42,20.97,Loamy,1.17,7.22,13.11,Central,1079,Zaid,Sprinkler,309.41,11.91,9.55
potato,42,87,37,8.07,35.47,2764.93,43.97,16.38,Silt,1.22,4.05,14.44,South,850,Kharif,Rainfed,109.67,22.24,24.24
cotton,102,38,52,8.16,32.96,1626.3,80.75,44.09,Loamy,0.66,7.62,9.78,Central,862,Rabi,Sprinkler,340.23,22.19,8.41
rice,106,18,115,7.95,34.26,2097.52,69.6,25.9,Sandy,0.7,4.83,11.08,North,647,Zaid,Rainfed,302.5,11.78,11.15
maize,97,92,141,8.01,38.79,2633.37,74.7,57.25,Loamy,1.22,7.47,14.19,West,1115,Zaid,Rainfed,135.08,5.42,10.99
potato,127,82,44,6.89,19.59,1238.05,79.89,38.3,Loamy,0.53,6.39,2.53,Central,1194,Kharif,Canal,70.09,9.12,22.97
maize,154,39,23,7.15,39.4,2512.05,30.71,56.89,Sandy,1.42,4.31,8.38,East,368,Kharif,Rainfed,196.1,22.13,12.87
sugarcane,131,88,127,5.12,36.72,965.38,73.45,42.78,Silt,0.59,5.16,9.98,East,576,Rabi,Sprinkler,247.36,20.61,73.95
maize,161,21,101,7.39,20.86,2113.65,89.74,54.81,Sandy,0.76,5.81,11.16,South,476,Rabi,Drip,148.78,5.98,10.18
rice,131,27,29,5.49,35.92,2689.78,59.68,33.59,Silt,0.65,5.63,10.22,East,296,Zaid,Canal,63.9,12.32,8.38
sugarcane,48,82,54,7.66,36.92,1920.76,62.51,62.27,Silt,0.62,8.22,6.96,South,984,Kharif,Canal,336.76,18.37,76.07
maize,111,57,118,8.07,11.08,1240.52,36.36,48.36,Clay,1.57,4.31,5.89,Central,1417,Zaid,Canal,158.7,7.7,8.48
rice,170,71,123,5.52,36.28,494.85,50.45,44.77,Loamy,0.63,7.11,8.49,East,883,Rabi,Drip,330.35,17.57,10.11
maize,52,50,42,5.07,23.0,801.68,66.75,32.62,Silt,1.05,9.71,2.13,North,2061,Rabi,Rainfed,153.12,2.4,7.04
cotton,112,28,84,6.45,34.34,2123.14,37.2,61.86,Silt,1.27,6.0,9.01,South,1923,Rabi,Canal,245.59,13.26,10.05
wheat,138,96,101,7.49,13.33,2774.19,50.0,31.89,Sandy,0.35,8.23,17.42,East,17,Kharif,Sprinkler,230.97,9.89,9.52
wheat,104,86,36,7.42,15.17,2424.38,50.87,56.79,Silt,1.45,10.46,1.92,West,1446,Kharif,Canal,295.68,1.55,10.15
maize,158,41,147,7.17,39.36,2278.7,78.77,35.22,Silt,0.5,9.52,3.6,North,2051,Kharif,Drip,323.96,20.92,13.12
potato,117,51,50,7.59,22.49,346.82,62.26,53.36,Sandy,1.06,9.82,11.72,North,2101,Zaid,Rainfed,193.56,7.13,23.27
wheat,83,85,84,5.39,33.95,2134.23,63.27,60.59,Silt,1.13,7.07,13.03,South,1300,Zaid,Canal,183.43,4.77,10.06
sugarcane,118,90,99,7.02,32.51,2368.9,46.94,38.28,Loamy,1.12,4.59,9.08,East,1876,Zaid,Drip,292.7,14.41,77.9
cotton,172,39,111,6.86,33.58,1112.49,48.81,41.31,Loamy,1.25,7.41,16.59,West,798,Kharif,Drip,98.76,22.21,6.45
cotton,94,81,49,5.32,32.94,2799.26,57.07,31.52,Sandy,1.51,4.51,9.19,East,2043,Kharif,Drip,135.35,20.65,10.51
potato,105,18,142,6.21,37.42,389.66,79.01,17.73,Silt,1.5,7.48,2.86,East,1068,Kharif,Canal,94.45,3.16,23.6
wheat,172,93,89,7.7,27.78,1277.7,49.02,47.62,Loamy,1.05,7.48,9.14,East,1416,Zaid,Canal,146.93,10.36,9.13
wheat,178,88,48,8.1,22.76,831.58,49.29,20.98,Clay,0.78,9.72,9.75,South,2184,Kharif,Sprinkler,217.65,23.75,6.09
potato,176,99,22,7.06,37.76,2731.35,64.14,32.7,Sandy,0.72,7.83,8.29,South,205,Kharif,Sprinkler,259.47,4.61,26.01
rice,89,30,94,7.93,20.71,1980.19,80.39,32.47,Sandy,1.45,4.7,16.55,South,2069,Rabi,Drip,139.35,13.5,8.59
sugarcane,122,33,64,5.25,28.92,1341.81,60.23,22.55,Loamy,1.41,7.2,9.15,East,1975,Rabi,Rainfed,263.16,0.15,73.79
cotton,78,43,88,8.12,35.66,2731.52,37.7,48.34,Sandy,0.68,9.13,12.77,East,515,Rabi,Canal,180.89,2.37,9.0
rice,64,65,130,4.91,37.48,453.75,84.92,23.73,Silt,0.5,4.73,9.65,West,938,Kharif,Drip,275.81,6.71,7.19
cotton,131,32,103,6.59,38.48,848.7,58.27,53.92,Loamy,1.42,7.43,13.35,North,1693,Kharif,Sprinkler,215.66,6.02,6.13
rice,40,72,71,5.79,29.8,1356.4,76.43,27.46,Clay,1.09,7.53,2.85,North,1483,Rabi,Canal,311.64,13.97,8.2
rice,128,58,135,7.57,31.61,610.71,32.6,29.36,Silt,0.71,10.52,17.06,East,1167,Kharif,Sprinkler,306.09,4.97,10.59
wheat,139,30,122,5.54,24.93,2792.36,80.17,32.19,Clay,1.09,9.44,11.4,North,14,Rabi,Drip,183.59,15.55,10.08
potato,103,79,99,4.84,18.55,1733.52,33.5,22.64,Clay,0.39,5.71,6.23,East,775,Rabi,Drip,293.86,21.89,25.81
cotton,38,16,48,6.21,10.49,705.35,88.05,36.71,Sandy,0.55,9.65,4.97,Central,1294,Zaid,Sprinkler,227.59,20.39,6.19
sugarcane,32,70,121,5.02,16.66,921.24,83.43,19.02,Clay,1.01,7.0,13.54,North,1133,Zaid,Canal,129.8,18.09,70.12
rice,114,93,78,5.79,39.4,1290.55,46.0,36.36,Silt,1.0,7.49,5.54,South,1952,Kharif,Canal,93.78,2.75,7.48
rice,55,42,31,6.99,34.19,2115.94,43.41,32.0,Loamy,0.62,6.59,8.63,South,455,Zaid,Rainfed,73.71,6.01,7.28
rice,101,79,29,5.8,24.37,1060.27,77.0,31.91,Loamy,1.58,4.64,11.48,South,859,Kharif,Drip,132.09,8.31,6.62
maize,77,19,50,5.64,20.31,1044.74,39.1,48.03,Clay,0.84,10.93,15.58,Central,1996,Rabi,Drip,84.08,16.51,7.4
potato,146,36,110,5.33,11.93,1864.73,82.1,53.45,Clay,1.22,4.61,15.1,South,1784,Zaid,Rainfed,114.61,7.54,23.37
rice,41,27,22,5.26,10.3,414.53,31.91,32.8,Loamy,0.64,4.58,12.34,Central,332,Zaid,Sprinkler,182.35,0.59,6.88
rice,162,79,123,6.59,32.65,2079.92,69.1,28.1,Clay,0.85,4.84,5.5,East,213,Kharif,Canal,105.81,19.35,8.78
sugarcane,77,30,145,7.12,39.57,1669.17,45.6,39.72,Silt,1.38,5.94,3.75,West,1705,Rabi,Sprinkler,271.45,22.41,75.57
rice,66,78,20,6.34,17.61,1384.98,80.55,54.39,Clay,1.4,7.82,10.27,Central,1294,Zaid,Rainfed,63.89,17.39,8.79
potato,73,46,34,5.22,18.24,1282.45,52.62,47.23,Clay,0.48,9.42,15.99,South,459,Rabi,Sprinkler,328.71,8.35,25.17
rice,44,94,108,7.0,38.04,852.69,55.96,16.9,Silt,0.76,9.35,7.94,South,623,Kharif,Drip,171.62,16.15,7.94
cotton,72,65,141,6.69,28.06,900.74,38.73,39.0,Loamy,0.56,7.51,13.53,Central,756,Kharif,Sprinkler,90.92,17.94,5.17
rice,116,93,135,6.1,15.21,1549.62,67.58,64.55,Loamy,1.46,9.92,15.14,North,1242,Kharif,Rainfed,62.57,3.99,8.39
rice,99,72,55,5.92,11.37,795.63,58.24,32.66,Clay,1.28,4.15,5.46,South,1948,Kharif,Drip,326.21,21.01,9.48
potato,75,60,86,5.42,26.91,1719.23,30.52,37.04,Loamy,1.03,4.28,17.39,North,477,Rabi,Sprinkler,193.26,18.52,23.37
sugarcane,137,66,44,5.3,23.58,1924.24,73.85,29.37,Silt,1.15,8.52,5.34,North,1492,Rabi,Canal,312.61,13.05,76.65
cotton,152,77,30,5.95,22.96,1444.62,37.68,39.88,Clay,1.49,7.25,11.02,West,1801,Rabi,Drip,217.64,3.27,9.05
rice,50,90,85,4.94,39.08,567.43,61.57,23.05,Clay,0.69,7.53,12.36,West,1596,Rabi,Rainfed,94.43,20.61,6.16
rice,136,74,79,6.28,17.89,2643.94,62.34,27.35,Clay,0.32,5.53,10.4,West,385,Kharif,Drip,248.95,8.79,10.06
wheat,109,79,69,6.85,24.64,2383.12,47.96,50.59,Sandy,0.33,9.86,11.57,East,1447,Zaid,Canal,273.63,4.51,11.65
rice,76,95,82,8.0,16.4,2683.84,43.72,21.91,Sandy,0.36,7.52,4.59,Central,806,Kharif,Canal,212.47,24.8,10.24
maize,146,69,111,6.93,19.65,1220.56,48.68,61.31,Silt,0.47,5.48,3.45,North,49,Zaid,Canal,141.17,15.26,10.48
maize,153,71,57,6.92,32.98,380.47,53.88,30.4,Clay,1.04,4.97,1.26,South,1419,Kharif,Rainfed,301.94,19.82,11.13
cotton,172,85,139,6.07,15.92,1390.86,86.06,43.75,Silt,1.58,10.97,11.35,East,225,Zaid,Drip,87.52,3.41,8.12
cotton,54,87,52,5.25,30.29,1462.67,70.15,31.09,Sandy,0.85,9.09,16.71,West,303,Rabi,Rainfed,215.57,15.46,7.97
rice,65,40,94,6.32,13.89,2066.31,87.93,38.9,Clay,1.23,7.73,12.57,Central,311,Kharif,Canal,302.3,18.35,9.82
wheat,80,26,64,6.84,15.72,2136.76,35.1,60.19,Sandy,1.33,7.97,12.07,East,209,Kharif,Rainfed,175.27,6.9,8.78
potato,44,85,148,7.26,10.69,1361.91,32.73,18.43,Clay,1.34,4.77,10.05,South,672,Kharif,Sprinkler,175.96,3.74,24.15
wheat,97,60,72,7.61,28.91,2743.03,33.51,57.82,Silt,0.88,9.05,11.51,East,648,Kharif,Rainfed,143.6,18.94,9.29
cotton,50,61,86,5.67,39.71,580.65,81.55,42.88,Silt,1.01,10.43,13.29,North,149,Zaid,Canal,165.32,6.78,6.53
wheat,170,93,124,5.62,29.69,2556.1,80.06,48.25,Silt,0.73,10.28,3.57,West,1200,Rabi,Rainfed,158.58,14.73,8.92
potato,48,52,33,6.72,37.7,2224.77,56.28,17.79,Sandy,1.19,9.52,13.42,East,887,Kharif,Drip,165.44,19.48,24.76
potato,63,35,143,6.72,25.79,1632.94,56.13,53.07,Silt,0.8,8.57,3.64,North,1231,Rabi,Canal,82.28,3.02,25.28
maize,107,28,139,5.54,30.41,2206.42,55.65,21.39,Loamy,0.7,5.87,6.0,East,60,Zaid,Rainfed,152.68,13.25,9.65
wheat,154,16,55,6.8,37.77,2185.42,86.67,63.24,Loamy,1.12,6.41,6.77,South,496,Zaid,Rainfed,333.28,19.11,11.58
cotton,146,86,147,5.98,12.59,716.81,45.71,54.96,Silt,0.74,9.82,5.86,West,2078,Rabi,Drip,169.95,3.7,10.08
sugarcane,81,84,116,6.97,27.92,1631.18,73.1,39.64,Silt,0.83,9.02,9.92,West,624,Zaid,Canal,330.86,1.49,76.18
rice,56,47,100,5.79,27.27,1477.33,36.59,61.21,Sandy,1.22,10.93,10.44,East,1245,Kharif,Sprinkler,70.56,8.39,7.31
sugarcane,64,20,92,6.81,10.99,1535.37,45.69,23.45,Clay,1.41,4.6,14.93,Central,1270,Kharif,Sprinkler,244.32,20.8,74.18
maize,165,51,90,7.41,14.69,720.7,65.9,64.58,Sandy,0.87,6.43,10.81,South,20,Kharif,Drip,174.08,5.58,10.28
potato,173,28,65,8.13,26.57,1262.47,65.86,50.84,Sandy,0.98,10.16,17.94,South,1530,Rabi,Drip,160.43,6.51,24.87
cotton,135,51,79,7.9,24.93,1596.98,63.22,19.92,Silt,1.27,4.18,12.81,South,1884,Kharif,Drip,226.07,1.37,7.18
potato,175,22,79,6.51,20.31,2010.63,37.41,41.83,Loamy,0.59,6.35,13.4,Central,1856,Rabi,Sprinkler,92.64,6.44,25.48
potato,31,91,24,6.46,30.93,1357.91,75.28,50.54,Loamy,0.84,10.82,17.96,Central,2132,Kharif,Sprinkler,271.73,13.5,24.7
potato,106,27,78,6.29,20.81,1917.23,72.67,45.65,Loamy,1.35,7.83,4.98,South,144,Rabi,Rainfed,298.72,20.31,27.46
sugarcane,161,54,28,4.89,33.07,1843.86,70.86,36.2,Sandy,1.46,6.16,11.99,West,2198,Zaid,Drip,71.26,4.49,73.08
maize,119,72,64,5.36,34.28,2332.43,37.76,27.41,Loamy,1.14,10.51,16.1,North,49,Kharif,Canal,104.84,7.19,10.19
wheat,118,32,99,5.0,29.34,1337.19,43.25,26.91,Loamy,0.81,6.43,17.45,East,1343,Kharif,Canal,93.77,6.91,6.25
potato,123,71,32,7.17,18.37,2481.67,84.65,61.35,Silt,1.09,4.93,8.59,East,1071,Rabi,Rainfed,332.33,14.29,28.78
wheat,36,97,102,6.2,34.08,365.71,58.96,26.74,Loamy,0.53,8.05,8.33,Central,12,Kharif,Rainfed,260.52,13.56,9.33
maize,124,52,31,5.02,17.55,2551.94,55.08,63.12,Clay,0.34,9.0,2.61,South,2192,Zaid,Sprinkler,143.27,9.26,12.04
wheat,137,46,29,7.15,19.09,2678.23,82.35,25.51,Silt,0.4,4.56,16.37,South,959,Rabi,Sprinkler,88.21,22.26,7.56
sugarcane,103,80,35,6.99,28.26,1331.23,47.69,34.21,Clay,0.44,8.35,16.92,West,585,Rabi,Canal,253.43,19.01,75.28
cotton,68,91,111,7.25,30.67,2673.32,79.57,15.62,Sandy,0.59,6.6,16.04,East,1970,Rabi,Sprinkler,85.67,13.05,5.84
wheat,170,39,38,6.84,21.14,2461.17,56.49,60.16,Loamy,0.9,4.87,4.83,South,1875,Zaid,Sprinkler,327.32,15.0,11.85
wheat,100,72,123,5.35,27.74,442.6,67.29,20.22,Sandy,0.6,8.45,6.13,East,1374,Rabi,Rainfed,136.83,7.43,4.14
sugarcane,85,89,122,5.01,17.44,1928.54,51.89,32.87,Sandy,1.06,5.88,17.12,East,2072,Kharif,Drip,137.16,24.37,74.45
rice,71,47,114,7.58,33.84,2594.15,84.98,57.13,Loamy,1.6,5.19,11.44,South,787,Zaid,Canal,193.17,7.41,11.13
potato,65,80,46,5.53,39.76,815.19,36.37,54.59,Silt,0.95,4.66,11.75,East,570,Rabi,Rainfed,333.82,15.77,25.51
rice,113,44,56,6.64,30.95,2601.59,43.03,57.08,Sandy,1.28,6.81,8.09,East,1406,Kharif,Rainfed,173.1,20.7,11.53
potato,147,95,80,6.45,19.58,817.32,42.16,60.71,Loamy,0.68,8.34,11.46,West,1107,Rabi,Rainfed,159.83,24.53,23.93
wheat,36,48,54,7.93,20.46,1878.19,45.62,60.55,Loamy,1.55,10.83,3.73,Central,973,Rabi,Canal,229.54,18.65,8.65
wheat,83,83,125,6.68,10.92,1251.52,57.26,53.52,Clay,0.62,6.37,17.14,Central,1035,Rabi,Drip,343.38,1.33,9.74
cotton,158,62,66,6.77,29.41,1670.21,37.01,44.12,Sandy,1.08,8.29,17.07,West,1208,Kharif,Drip,130.93,4.88,5.43
wheat,149,54,74,5.89,28.0,1003.64,32.33,43.08,Sandy,1.58,4.82,15.57,South,979,Zaid,Rainfed,311.66,15.79,10.69
rice,135,65,107,8.06,38.64,1318.56,63.96,15.65,Loamy,1.35,10.55,5.35,East,1740,Rabi,Sprinkler,203.78,4.12,9.26
wheat,76,94,114,6.88,22.06,1558.62,60.13,51.13,Clay,1.59,9.18,15.89,South,354,Rabi,Sprinkler,288.51,13.87,9.71
maize,152,27,25,4.82,37.99,1554.73,50.44,26.33,Silt,0.79,8.98,12.9,North,963,Zaid,Rainfed,166.86,18.04,8.4
sugarcane,170,45,140,6.69,32.81,2785.3,40.24,56.43,Clay,0.4,7.83,5.19,East,74,Zaid,Drip,190.69,18.63,78.81
maize,148,53,69,6.04,18.64,2436.81,37.04,42.69,Sandy,0.62,7.94,15.2,North,1713,Rabi,Rainfed,172.81,11.62,10.84
potato,179,77,32,4.91,10.49,668.06,83.34,64.36,Clay,1.54,7.13,2.55,West,1178,Rabi,Canal,208.73,2.15,25.78
wheat,147,62,44,6.27,31.8,2701.49,56.07,25.51,Sandy,0.78,4.32,13.19,North,1596,Zaid,Drip,106.59,9.91,7.68
rice,50,62,142,7.43,24.89,1720.39,87.15,51.17,Silt,0.46,4.49,17.96,Central,772,Rabi,Sprinkler,300.13,6.18,10.1
potato,166,75,148,6.51,38.86,1824.52,49.52,42.38,Sandy,1.07,5.34,8.33,East,464,Rabi,Drip,172.93,21.05,26.16
maize,55,26,68,6.97,10.66,990.21,66.76,61.59,Silt,0.95,5.32,11.57,East,2000,Kharif,Canal,155.79,23.18,8.59
potato,38,92,141,6.98,25.66,1057.51,64.05,28.3,Silt,0.38,4.4,4.68,West,1876,Zaid,Canal,303.11,22.43,26.86
cotton,44,70,54,7.08,33.66,644.74,39.75,17.97,Silt,0.89,7.48,8.93,East,194,Zaid,Rainfed,122.65,11.68,4.06
rice,39,32,102,6.12,33.69,2374.02,59.63,42.19,Clay,1.12,7.56,2.84,West,2179,Zaid,Rainfed,270.97,7.97,10.44
cotton,151,41,72,6.06,30.16,1508.42,59.08,41.08,Silt,0.6,8.2,12.82,East,594,Kharif,Canal,158.75,20.44,5.36
wheat,150,42,95,4.82,21.83,543.93,60.38,30.59,Loamy,0.46,9.51,14.14,North,356,Rabi,Rainfed,225.68,11.7,7.01
rice,154,96,123,5.32,12.02,1410.76,48.12,64.33,Sandy,1.42,10.55,11.0,East,514,Rabi,Drip,209.82,18.64,10.33
rice,101,94,66,8.03,19.05,1151.25,44.57,18.49,Sandy,1.11,10.64,13.6,West,996,Kharif,Canal,228.14,8.08,6.37
maize,78,66,62,7.66,29.53,2025.11,54.63,43.48,Sandy,0.5,10.3,12.73,North,240,Zaid,Canal,229.05,22.65,11.62
maize,120,30,112,5.74,33.13,766.45,85.37,28.01,Sandy,1.12,9.19,16.69,West,1938,Zaid,Sprinkler,259.49,23.35,8.22
potato,66,91,97,6.16,34.52,2638.24,64.16,15.1,Silt,1.26,8.69,9.14,Central,106,Kharif,Drip,195.68,5.44,26.35
sugarcane,97,72,26,8.0,33.22,2252.9,58.12,64.39,Clay,1.08,4.82,10.15,North,1967,Kharif,Drip,202.68,13.41,75.51
maize,79,23,89,5.65,19.71,1278.78,41.73,39.08,Clay,0.45,8.59,7.33,Central,1232,Rabi,Rainfed,279.97,17.2,10.51
maize,48,40,55,6.61,30.82,770.38,85.57,57.86,Clay,0.46,5.1,7.0,West,1205,Kharif,Sprinkler,120.61,6.62,10.8
cotton,129,42,123,4.88,39.07,2218.77,69.58,57.0,Clay,0.36,9.22,14.9,Central,310,Kharif,Canal,285.88,4.33,10.02
potato,89,91,73,6.91,14.1,596.44,89.31,55.61,Sandy,0.6,5.13,16.79,East,1104,Kharif,Drip,62.44,5.5,23.44
maize,118,50,44,7.96,31.94,518.43,40.13,37.95,Loamy,0.38,8.77,6.27,North,1621,Kharif,Canal,227.39,20.94,9.58
maize,175,23,86,7.81,22.3,1999.67,53.42,59.8,Loamy,1.35,4.51,8.13,North,1759,Rabi,Sprinkler,186.33,7.91,11.6
cotton,176,61,128,6.51,16.75,800.72,49.96,33.36,Clay,0.32,6.19,6.99,Central,446,Rabi,Rainfed,243.45,12.5,8.05
potato,98,92,67,7.01,19.6,1907.7,49.93,35.42,Sandy,1.06,6.62,15.53,Central,1186,Rabi,Drip,201.77,0.47,24.51
wheat,78,65,110,6.74,14.99,1188.28,31.97,27.79,Silt,1.35,6.2,17.11,North,1310,Kharif,Canal,289.06,6.19,7.05
cotton,137,90,21,5.03,34.46,539.66,62.28,37.4,Clay,1.46,6.18,16.33,West,1554,Rabi,Canal,117.42,13.1,3.91
wheat,148,71,146,5.34,21.62,1861.19,66.53,64.33,Silt,0.83,7.73,1.22,Central,351,Rabi,Canal,138.35,8.67,9.77
sugarcane,178,46,65,8.08,38.13,1915.99,32.83,43.66,Silt,1.11,9.77,3.94,Central,1395,Zaid,Sprinkler,227.58,21.99,73.35
potato,179,81,125,5.67,38.99,1650.37,82.79,56.55,Silt,1.54,10.11,16.22,West,595,Rabi,Rainfed,128.39,13.47,24.23
sugarcane,66,71,59,6.11,38.97,1172.18,42.08,28.17,Loamy,1.17,4.51,9.93,West,1977,Kharif,Canal,334.02,18.51,75.01
cotton,172,68,77,6.53,14.67,2584.67,38.86,62.8,Clay,1.47,5.35,7.42,North,195,Zaid,Canal,309.4,15.4,10.87
potato,40,30,97,8.13,20.39,2000.59,40.81,15.66,Sandy,1.19,6.17,7.92,Central,1929,Rabi,Canal,280.47,24.32,26.63
sugarcane,167,76,52,7.15,19.31,1685.94,55.3,61.51,Sandy,0.39,8.79,15.01,North,1630,Zaid,Canal,278.09,11.79,78.51
maize,107,98,81,6.94,37.68,1502.59,34.94,59.9,Sandy,0.56,6.82,14.81,South,1123,Zaid,Rainfed,247.5,6.4,12.31
cotton,106,70,31,6.58,12.59,2407.55,79.43,18.37,Clay,1.52,7.34,15.08,North,844,Zaid,Drip,273.03,2.79,10.07
wheat,31,37,145,7.18,27.66,2703.15,70.8,45.24,Loamy,1.4,9.49,15.41,North,1560,Kharif,Drip,69.74,23.82,8.6
cotton,93,31,68,7.06,24.56,1693.12,58.33,54.26,Silt,0.85,8.49,2.18,West,184,Zaid,Drip,228.43,1.59,9.69
rice,64,94,107,7.87,39.29,423.55,60.04,35.19,Sandy,0.51,8.11,13.86,North,537,Zaid,Sprinkler,136.11,9.22,7.37
sugarcane,36,52,97,6.64,38.9,1528.09,54.36,19.59,Loamy,0.5,8.06,11.39,East,543,Rabi,Canal,88.32,1.46,72.95
sugarcane,114,86,24,6.23,22.72,1913.79,72.94,56.47,Silt,1.48,5.4,5.31,North,410,Rabi,Canal,341.83,12.39,77.4
sugarcane,175,97,88,7.54,23.24,2343.83,87.19,38.32,Silt,0.52,4.77,11.07,West,462,Zaid,Canal,334.31,2.52,77.71
potato,96,44,130,7.52,21.54,1076.29,63.21,28.16,Loamy,0.8,6.29,12.63,South,1405,Zaid,Drip,322.73,4.4,24.91
cotton,71,72,79,5.38,33.68,1991.24,63.8,18.54,Clay,1.47,9.38,10.71,West,1953,Kharif,Canal,247.63,18.42,6.1
wheat,147,92,65,5.61,13.01,415.67,61.34,47.01,Clay,0.34,9.97,6.99,West,1112,Kharif,Drip,60.77,1.7,6.0
sugarcane,154,36,32,8.06,13.48,1178.61,84.61,17.12,Loamy,1.12,9.58,5.16,East,1309,Rabi,Rainfed,146.27,16.07,73.69
cotton,53,31,127,6.31,31.14,1047.39,68.15,54.55,Silt,0.76,5.1,2.47,South,672,Rabi,Drip,65.15,23.24,7.37
cotton,75,29,131,6.57,10.5,513.99,82.47,53.54,Sandy,0.44,10.43,1.97,East,2041,Kharif,Sprinkler,155.67,20.84,6.09
potato,48,62,119,5.85,30.13,2054.86,65.07,31.15,Sandy,1.04,6.71,6.99,South,391,Zaid,Drip,146.04,13.71,25.85
potato,97,46,132,6.44,13.86,1221.16,71.89,38.61,Clay,0.93,9.86,5.02,East,13,Zaid,Drip,225.9,0.53,26.3
potato,131,91,116,7.33,33.59,844.72,69.34,48.46,Sandy,0.43,8.38,9.41,North,224,Kharif,Canal,101.31,23.78,23.87
potato,71,99,70,6.44,32.19,667.81,56.44,62.96,Silt,0.65,9.55,10.58,South,1852,Kharif,Drip,153.83,5.12,25.9
cotton,61,54,137,5.87,15.47,2559.23,38.23,41.01,Loamy,1.26,4.21,7.45,North,1392,Zaid,Drip,320.5,19.71,9.31
wheat,138,71,55,5.13,32.71,646.93,55.31,64.83,Silt,1.28,7.04,7.46,East,1044,Zaid,Canal,127.05,7.64,8.81
wheat,65,72,100,7.96,33.71,2464.21,82.32,31.26,Sandy,1.08,8.24,13.72,Central,736,Rabi,Rainfed,203.08,11.57,6.45
wheat,126,30,122,7.76,37.77,1599.25,69.35,41.32,Silt,0.44,6.59,1.1,North,361,Zaid,Sprinkler,94.42,10.36,7.49
sugarcane,160,42,53,7.49,31.73,377.85,86.61,20.78,Clay,1.41,9.53,17.96,Central,989,Kharif,Drip,278.25,20.28,73.26
sugarcane,102,15,67,7.16,36.03,2695.6,46.72,42.82,Loamy,0.52,9.07,8.5,Central,1609,Kharif,Sprinkler,83.36,7.6,74.31
maize,165,55,123,6.55,29.12,1682.65,58.31,41.82,Loamy,1.24,6.73,10.98,West,445,Rabi,Drip,108.73,4.19,9.77
maize,126,62,110,7.85,28.77,1094.04,74.6,57.44,Sandy,0.36,7.07,5.14,South,27,Zaid,Canal,345.97,0.07,12.5
maize,152,45,143,7.49,30.26,970.57,37.95,64.83,Sandy,0.73,7.44,4.57,East,28,Zaid,Sprinkler,146.05,1.48,11.57
cotton,99,50,59,7.57,22.19,1093.06,35.9,64.31,Silt,0.92,7.82,12.44,Central,234,Zaid,Rainfed,63.05,14.88,5.54
rice,42,47,45,5.85,16.86,837.13,75.17,26.82,Silt,0.34,6.09,17.54,North,1002,Kharif,Drip,128.96,23.26,6.51
potato,78,47,115,6.24,22.4,913.77,69.92,31.92,Loamy,0.52,5.6,16.44,North,1968,Zaid,Drip,184.91,9.03,25.43
potato,89,96,99,7.2,27.8,1247.75,58.85,28.73,Clay,0.71,4.79,16.84,West,1753,Rabi,Drip,196.47,9.33,24.1
potato,159,37,76,6.06,30.7,1601.61,34.0,24.98,Clay,1.58,4.98,9.64,West,1832,Zaid,Rainfed,178.08,9.21,24.46
maize,34,74,130,6.48,23.7,2114.23,67.66,22.51,Sandy,1.31,7.27,7.1,East,1554,Zaid,Canal,99.3,18.31,8.59
wheat,56,93,95,7.0,19.9,1057.77,70.11,40.59,Clay,1.39,8.65,14.02,East,790,Zaid,Drip,114.19,21.47,7.38
sugarcane,178,44,48,6.29,17.41,638.02,48.03,58.62,Loamy,1.17,8.66,10.22,North,1563,Rabi,Drip,253.44,5.75,76.69
wheat,37,59,149,7.5,15.5,351.45,35.39,44.49,Clay,0.68,7.2,14.82,Central,841,Rabi,Canal,342.17,8.61,8.8
potato,79,94,21,5.2,24.29,1230.29,60.25,58.63,Loamy,1.22,8.33,12.88,North,630,Zaid,Rainfed,277.27,6.05,25.27
potato,96,53,22,7.24,31.19,2277.3,59.18,62.97,Sandy,1.18,10.71,7.18,Central,479,Kharif,Rainfed,283.43,18.29,27.73
potato,73,59,91,5.29,34.9,1122.15,47.7,34.16,Silt,1.09,10.88,2.16,North,1569,Kharif,Canal,186.81,7.61,24.7
potato,154,92,30,7.99,20.36,842.9,63.83,56.78,Clay,0.69,9.91,6.01,East,913,Zaid,Drip,163.94,8.81,22.44
maize,87,95,23,5.87,28.33,2579.06,66.51,17.62,Loamy,0.64,10.4,15.12,Central,1334,Kharif,Drip,292.32,24.39,10.87
wheat,32,26,107,7.5,24.33,1955.73,85.36,39.05,Sandy,0.74,4.95,8.84,East,1361,Zaid,Rainfed,261.13,14.66,11.66
wheat,115,46,132,6.57,38.99,2739.15,76.43,33.41,Loamy,0.71,5.95,14.96,East,285,Kharif,Rainfed,190.01,11.8,10.41
potato,99,70,35,5.11,36.47,1702.09,78.55,25.24,Clay,0.4,10.68,12.86,North,1026,Zaid,Sprinkler,279.79,6.41,25.26
rice,159,38,105,6.78,36.47,1652.22,41.14,36.92,Loamy,1.34,4.91,6.25,North,1173,Kharif,Drip,80.76,9.12,7.79
cotton,31,27,29,7.9,27.38,2729.91,57.49,37.19,Sandy,0.78,10.12,8.5,West,1521,Zaid,Canal,78.99,4.71,4.58
potato,131,34,43,5.33,23.1,1826.66,42.47,55.43,Sandy,1.22,7.07,12.17,East,911,Kharif,Rainfed,265.72,5.05,25.2
sugarcane,64,93,83,5.89,29.56,1586.83,41.23,58.45,Silt,0.66,10.82,15.91,West,1504,Rabi,Rainfed,344.36,22.44,75.54
sugarcane,127,70,75,6.29,14.79,896.8,60.33,47.85,Silt,1.08,9.02,1.67,South,1871,Zaid,Canal,106.29,23.01,72.66
rice,59,67,108,5.74,36.49,1257.34,46.81,46.67,Clay,0.35,6.36,17.87,East,1062,Rabi,Rainfed,335.35,22.48,9.12
sugarcane,145,82,41,8.01,18.14,1705.19,42.88,20.51,Sandy,0.44,4.83,7.93,West,1149,Rabi,Drip,341.51,10.12,74.97
maize,37,68,69,6.08,34.81,1710.71,73.54,43.76,Clay,0.77,5.67,3.21,South,1251,Zaid,Rainfed,88.11,14.59,9.32
cotton,179,48,66,7.04,18.96,1438.65,32.03,28.72,Sandy,0.65,8.93,6.63,East,2110,Rabi,Sprinkler,191.88,15.0,4.64
wheat,73,42,42,5.56,25.66,2023.58,75.13,29.74,Clay,0.76,6.25,14.53,East,868,Rabi,Sprinkler,186.19,12.63,8.28
sugarcane,65,64,102,5.55,33.17,692.29,83.92,19.74,Sandy,1.51,10.64,10.76,South,2172,Rabi,Rainfed,122.21,8.1,73.73
potato,106,16,38,5.4,21.81,2468.7,72.29,46.79,Clay,0.4,7.74,2.88,North,2170,Rabi,Drip,187.83,8.54,27.07
potato,60,40,48,6.28,20.74,2143.46,41.59,44.19,Loamy,0.9,7.67,7.6,South,1512,Rabi,Canal,302.59,24.16,25.1
rice,76,65,80,6.61,36.64,2360.19,74.16,26.01,Silt,0.56,9.65,1.94,Central,1658,Zaid,Sprinkler,325.73,20.66,10.13
sugarcane,84,61,104,4.84,12.07,388.42,60.12,28.15,Loamy,0.76,9.58,2.13,East,280,Zaid,Drip,156.3,14.54,73.61
wheat,135,40,54,7.63,35.25,2255.43,68.28,53.65,Silt,1.18,8.81,4.75,Central,1054,Kharif,Rainfed,124.22,2.28,9.97
maize,150,98,24,6.54,37.85,2149.13,53.56,54.65,Clay,1.56,10.66,6.97,South,1851,Rabi,Sprinkler,211.4,11.07,12.74
sugarcane,84,98,95,5.33,26.89,350.71,41.42,39.65,Sandy,1.2,8.06,12.78,North,1195,Rabi,Canal,145.59,10.66,70.36
cotton,173,89,26,5.03,30.88,1427.09,31.37,22.45,Sandy,1.45,10.3,1.29,Central,49,Zaid,Drip,215.4,12.53,6.78
cotton,41,88,149,5.01,35.84,1061.82,74.47,17.78,Clay,0.49,7.29,6.36,West,1001,Kharif,Drip,241.07,8.82,5.04
rice,174,75,121,5.68,23.07,939.13,55.6,28.57,Sandy,0.54,9.33,7.08,West,1278,Rabi,Rainfed,290.73,20.56,9.56
cotton,173,37,63,6.5,36.36,692.58,44.53,51.56,Clay,1.44,5.64,6.26,East,1935,Rabi,Drip,249.29,12.76,8.47
potato,169,51,89,7.72,21.17,933.35,67.37,45.04,Loamy,1.09,9.95,3.42,East,1221,Kharif,Drip,214.82,22.72,23.75
wheat,165,55,110,7.87,19.19,2205.31,77.55,50.91,Clay,1.33,6.47,15.63,North,433,Zaid,Canal,255.46,23.59,9.06
sugarcane,32,66,81,7.63,39.5,2569.55,61.73,38.59,Sandy,0.59,9.08,6.46,North,1408,Rabi,Rainfed,125.0,10.82,75.22
potato,173,97,39,5.92,10.93,1177.72,75.68,52.74,Sandy,0.75,6.26,15.36,West,1647,Kharif,Sprinkler,330.78,6.26,27.71
sugarcane,59,96,91,5.84,19.59,1013.48,50.31,39.04,Clay,0.41,10.67,4.23,North,1727,Rabi,Canal,248.08,19.81,76.99
rice,52,63,139,8.16,23.76,1032.92,69.18,19.2,Clay,1.46,5.33,13.29,West,2036,Kharif,Sprinkler,305.36,21.99,9.32
wheat,121,41,114,7.12,19.33,1635.78,66.96,18.99,Clay,1.54,7.69,4.41,Central,1653,Kharif,Sprinkler,122.99,3.88,8.83
wheat,144,20,146,5.84,18.46,414.05,40.4,56.58,Clay,1.41,6.76,6.82,West,2093,Zaid,Drip,257.76,13.42,9.73
potato,133,88,132,5.92,21.12,1736.59,74.31,46.48,Silt,0.87,7.74,12.52,North,1297,Rabi,Rainfed,66.97,0.35,24.27
cotton,147,80,126,6.28,21.94,2600.41,75.61,28.96,Silt,0.74,5.61,10.32,North,2149,Zaid,Sprinkler,102.6,6.44,7.47
rice,34,38,99,6.91,12.15,1531.14,69.4,52.86,Loamy,0.9,7.53,5.53,West,191,Zaid,Drip,99.34,21.33,9.31
cotton,133,52,47,7.85,33.26,1296.2,52.77,21.79,Silt,1.13,4.92,15.98,South,1389,Zaid,Rainfed,316.93,15.01,8.85
maize,137,42,49,5.47,15.05,399.29,62.77,47.26,Sandy,0.86,5.62,9.03,South,391,Kharif,Drip,194.58,11.62,8.53
wheat,94,42,28,5.09,11.23,1669.27,56.29,64.47,Silt,0.85,8.7,14.4,North,1940,Rabi,Rainfed,257.07,9.83,9.3
sugarcane,150,80,78,6.18,27.71,640.99,30.18,22.5,Silt,0.86,7.28,15.66,West,675,Zaid,Rainfed,342.68,1.62,75.92
wheat,59,75,98,5.63,30.06,1453.95,30.68,22.1,Sandy,1.27,7.48,8.65,South,934,Rabi,Drip,313.66,12.95,8.1
rice,178,60,122,6.76,32.81,1072.34,41.82,38.39,Silt,1.32,10.52,6.66,East,206,Rabi,Drip,236.97,23.02,10.24
sugarcane,113,83,133,7.18,12.63,952.11,84.78,47.13,Clay,1.43,5.51,10.41,Central,1955,Kharif,Sprinkler,134.58,16.12,74.61
rice,179,89,66,5.86,15.15,2693.81,67.88,16.33,Silt,0.62,7.86,2.4,Central,1339,Zaid,Rainfed,105.5,9.13,11.34
wheat,61,88,117,7.13,15.47,2269.23,53.39,39.98,Silt,0.5,7.72,12.62,West,281,Rabi,Rainfed,257.79,17.92,10.05
wheat,45,57,61,5.97,27.81,598.81,66.43,19.16,Silt,0.75,7.12,13.82,South,1643,Kharif,Sprinkler,158.55,15.02,6.78
sugarcane,67,73,66,6.96,36.69,1090.63,33.83,27.07,Clay,0.85,9.81,2.8,West,1791,Kharif,Rainfed,183.21,9.71,73.39
cotton,171,16,93,6.95,31.19,2058.4,36.26,50.62,Clay,1.21,7.97,6.04,North,494,Kharif,Rainfed,256.01,5.65,8.6
cotton,65,29,70,5.75,19.44,2358.9,34.86,51.94,Loamy,1.29,9.74,14.04,North,960,Kharif,Canal,292.98,9.15,9.76
maize,143,51,113,6.96,35.59,1616.27,79.02,51.49,Loamy,1.58,10.02,6.38,East,876,Zaid,Canal,221.61,14.85,12.87
cotton,95,85,139,6.1,30.09,2550.75,89.99,18.26,Clay,0.79,4.5,11.44,North,957,Zaid,Sprinkler,308.65,15.65,9.73
rice,134,34,94,5.94,30.65,1203.95,43.41,54.34,Sandy,0.82,10.56,11.22,West,1294,Rabi,Drip,304.24,10.99,10.17
potato,114,49,142,5.78,38.72,490.32,58.96,36.61,Loamy,1.0,9.34,5.41,Central,162,Rabi,Drip,220.34,12.19,23.74
sugarcane,31,48,141,5.98,38.51,2653.79,37.96,38.77,Silt,1.37,7.39,14.02,Central,5,Zaid,Drip,84.07,24.92,75.47
cotton,104,45,40,7.47,21.57,1334.38,82.91,35.98,Silt,1.16,9.74,9.4,South,646,Kharif,Sprinkler,259.33,18.38,7.37
wheat,96,33,20,5.63,29.08,357.7,39.35,57.85,Silt,1.04,5.61,3.04,North,1691,Rabi,Sprinkler,169.42,9.05,5.44
maize,84,82,88,7.12,16.06,2098.0,61.49,49.0,Sandy,1.14,9.74,2.73,South,1489,Kharif,Rainfed,286.11,14.04,11.06
cotton,35,38,105,7.86,22.36,929.45,64.88,40.0,Loamy,0.9,7.89,16.6,North,484,Zaid,Sprinkler,81.41,22.82,4.14
potato,179,98,90,5.99,18.2,527.54,58.84,56.71,Clay,1.29,7.11,7.5,Central,6,Zaid,Rainfed,192.13,9.8,26.35
wheat,172,53,32,4.9,21.02,2410.16,33.66,55.27,Clay,0.4,8.0,10.42,Central,1844,Rabi,Sprinkler,180.9,15.43,9.19
maize,115,68,42,4.88,30.26,906.43,71.12,15.25,Sandy,0.96,9.02,11.89,East,933,Kharif,Drip,114.43,2.68,5.89
potato,89,53,25,5.27,16.31,1658.43,83.14,38.94,Clay,1.35,5.94,13.31,Central,232,Zaid,Canal,220.13,16.93,21.9
wheat,130,31,95,5.17,15.41,1830.66,35.4,17.11,Sandy,0.69,4.68,8.03,North,1192,Zaid,Sprinkler,213.52,12.76,8.53
rice,41,33,28,7.34,21.38,2662.53,73.68,30.36,Clay,1.4,10.35,9.3,Central,238,Kharif,Sprinkler,198.7,15.73,8.8
cotton,78,62,47,5.8,12.94,1291.22,79.27,55.19,Clay,1.32,10.65,13.42,Central,442,Kharif,Canal,155.83,1.34,7.2
cotton,71,49,135,7.02,34.42,1553.52,39.79,62.2,Sandy,1.05,8.37,12.19,Central,2059,Rabi,Sprinkler,326.14,2.42,8.55
potato,111,46,115,4.94,38.75,1054.22,89.65,27.1,Clay,0.63,7.57,11.5,West,1177,Zaid,Rainfed,288.11,11.28,24.99
maize,64,61,94,5.81,34.04,1466.04,47.88,16.07,Loamy,1.42,4.38,7.59,South,210,Kharif,Drip,305.01,5.87,11.92
rice,163,61,107,5.6,25.94,317.67,48.59,35.12,Clay,0.34,6.91,17.42,West,746,Kharif,Drip,141.89,16.64,9.06
wheat,96,78,75,5.74,30.22,2446.74,64.04,31.76,Silt,1.07,6.38,4.14,East,1271,Kharif,Rainfed,338.18,5.17,10.39
cotton,109,60,124,5.45,34.17,464.88,79.14,48.85,Sandy,1.32,6.68,2.98,North,429,Rabi,Canal,154.55,4.58,4.38
rice,36,49,54,6.9,12.05,915.22,57.52,39.75,Clay,0.93,9.04,5.86,West,478,Zaid,Canal,89.94,17.83,7.07
sugarcane,43,31,44,7.05,22.54,2097.76,62.75,34.94,Loamy,0.43,6.53,5.28,North,1649,Zaid,Drip,297.72,2.13,75.26
potato,102,56,132,5.3,14.31,1903.87,67.02,26.48,Clay,1.38,9.54,17.33,East,1132,Rabi,Canal,70.87,4.25,22.28
maize,172,43,118,7.32,12.72,2179.39,77.55,56.42,Clay,1.48,10.94,1.14,South,1463,Kharif,Drip,341.77,2.92,12.92
wheat,178,84,50,5.65,32.77,1563.11,68.81,27.42,Silt,1.03,7.82,15.96,North,336,Kharif,Rainfed,93.26,9.38,8.0
potato,95,31,100,5.76,35.74,2621.49,40.15,17.74,Loamy,1.32,5.94,7.91,South,1208,Kharif,Canal,100.41,2.35,23.03
sugarcane,120,95,69,7.62,12.51,2662.49,66.01,43.23,Clay,1.09,10.7,10.65,East,34,Kharif,Rainfed,67.4,15.58,75.23
potato,159,28,106,7.86,15.36,2194.78,42.77,30.87,Clay,1.05,9.12,12.79,South,528,Kharif,Canal,92.14,23.4,23.78
maize,49,38,66,7.6,16.62,1104.26,56.16,50.62,Silt,0.47,5.57,1.76,East,2102,Kharif,Rainfed,127.35,7.32,9.16
sugarcane,39,71,20,5.3,35.71,402.89,81.95,19.04,Sandy,0.87,10.96,9.8,Central,737,Rabi,Sprinkler,290.41,0.93,73.15
sugarcane,54,64,144,8.2,37.41,1673.33,37.43,63.32,Sandy,1.18,4.07,1.67,East,673,Zaid,Drip,63.26,16.0,74.3
rice,54,71,125,7.09,32.95,322.65,51.71,24.34,Sandy,0.89,8.03,2.67,East,1013,Zaid,Drip,307.77,8.34,11.13
cotton,83,75,144,6.54,33.89,2323.48,63.69,32.85,Silt,1.1,8.79,11.67,South,489,Zaid,Canal,147.79,13.23,7.73
wheat,62,53,38,8.05,20.28,1770.11,82.24,39.05,Sandy,1.46,5.28,5.67,North,1213,Zaid,Canal,317.96,2.09,8.82
cotton,124,69,91,7.58,22.25,1847.31,76.74,59.51,Loamy,0.78,4.36,3.42,Central,1533,Kharif,Rainfed,180.99,9.38,7.83
rice,43,50,148,7.15,18.41,451.07,55.44,51.13,Sandy,1.38,4.05,1.84,West,2149,Rabi,Rainfed,264.67,21.48,10.85
cotton,94,51,43,7.65,38.75,1764.63,59.96,22.24,Sandy,0.34,10.48,14.67,West,1653,Rabi,Drip,102.4,7.47,5.61
maize,139,28,103,6.11,31.83,749.34,80.77,36.93,Clay,1.41,8.08,11.76,North,1470,Zaid,Rainfed,217.54,16.43,7.83
rice,109,41,139,7.13,20.24,1306.56,82.62,42.15,Loamy,0.44,5.2,1.55,North,216,Zaid,Canal,155.3,18.49,9.3
maize,83,97,88,5.45,14.07,1097.93,61.71,50.11,Silt,0.72,8.31,11.77,Central,464,Kharif,Canal,135.82,7.17,9.5
potato,154,45,125,8.16,15.84,915.73,41.95,43.59,Loamy,0.97,4.02,2.75,East,2112,Kharif,Canal,256.58,19.0,23.63
rice,160,87,88,6.8,16.12,1417.68,59.89,37.87,Sandy,1.15,6.62,6.57,North,627,Kharif,Sprinkler,322.34,13.16,13.03
maize,163,95,30,7.57,28.44,2204.83,85.61,53.28,Clay,1.54,9.38,12.22,Central,465,Kharif,Canal,243.97,8.33,11.71
maize,54,97,122,6.18,37.09,883.05,66.64,33.9,Silt,0.7,4.7,5.84,North,443,Kharif,Rainfed,316.35,5.61,12.18
wheat,170,58,32,7.38,36.06,1576.2,76.39,64.36,Loamy,0.41,8.23,13.89,East,440,Rabi,Canal,168.91,6.52,9.05
sugarcane,146,82,20,6.12,12.09,1191.63,31.12,62.39,Loamy,0.9,6.21,9.82,North,1098,Zaid,Canal,252.78,6.99,74.89
rice,165,62,21,6.81,31.27,1935.43,68.06,50.37,Sandy,0.75,4.69,5.24,Central,526,Rabi,Drip,88.7,9.13,9.01
wheat,178,71,128,7.45,15.03,1717.64,65.91,59.13,Sandy,1.08,9.77,10.46,East,1841,Zaid,Sprinkler,335.74,20.34,10.29
wheat,54,89,23,5.2,19.31,1925.15,58.32,34.66,Silt,1.5,7.84,1.58,East,2196,Zaid,Rainfed,266.0,18.23,7.19
sugarcane,108,36,76,6.01,26.31,2755.72,70.74,44.07,Sandy,1.14,9.54,8.46,North,2095,Kharif,Canal,214.03,22.06,77.55
maize,97,18,132,6.65,35.23,1567.47,81.8,28.63,Clay,1.05,10.78,6.53,South,1210,Kharif,Canal,311.42,3.79,13.52
sugarcane,41,95,42,5.94,17.1,556.94,85.75,59.28,Silt,0.62,5.28,8.12,South,77,Zaid,Rainfed,266.68,15.43,76.52
potato,61,86,143,5.85,36.21,412.05,45.41,38.55,Sandy,0.64,4.96,11.39,South,549,Zaid,Drip,189.2,8.18,23.72
rice,157,60,136,5.76,32.04,425.94,60.29,41.81,Silt,0.87,10.87,8.2,North,722,Kharif,Rainfed,225.04,22.09,9.34
wheat,125,73,149,5.57,30.23,1180.44,48.09,58.23,Loamy,1.46,5.63,10.42,North,1519,Rabi,Rainfed,222.27,7.97,10.12
potato,121,48,106,7.69,13.99,2111.56,55.12,54.86,Silt,1.05,6.99,2.89,North,61,Kharif,Sprinkler,251.91,20.09,28.35
maize,170,25,144,7.94,24.23,2400.27,59.93,31.09,Loamy,0.94,9.85,6.27,West,1070,Zaid,Drip,281.21,24.0,12.07
rice,60,45,130,7.18,18.25,1785.12,77.12,19.37,Silt,1.01,5.61,8.19,West,2042,Zaid,Canal,171.55,22.41,6.98
rice,107,25,26,4.9,27.64,1499.96,84.96,23.1,Sandy,1.38,8.98,1.91,Central,639,Kharif,Rainfed,282.21,23.06,8.73
sugarcane,49,70,63,7.47,30.21,2416.59,65.24,31.95,Loamy,1.18,9.51,17.12,Central,735,Kharif,Sprinkler,141.3,16.24,72.51
potato,175,52,132,6.61,11.96,441.81,89.54,30.26,Silt,1.51,7.47,16.4,East,69,Kharif,Sprinkler,170.07,10.06,25.42
maize,89,35,23,7.38,29.33,1108.97,64.01,16.92,Clay,1.06,7.41,6.67,Central,510,Rabi,Canal,168.15,8.54,7.98
rice,163,24,137,6.29,24.94,443.42,78.38,36.6,Sandy,0.55,5.6,11.66,Central,1360,Zaid,Drip,83.58,3.49,7.51
potato,122,40,42,4.94,35.16,2627.76,38.33,20.29,Silt,0.32,8.38,9.05,West,2081,Kharif,Canal,116.1,4.44,22.46
sugarcane,72,22,109,7.12,33.8,522.98,30.46,26.04,Silt,0.71,5.41,10.56,South,46,Rabi,Sprinkler,344.77,3.68,74.34
potato,159,22,111,6.31,22.39,2698.88,31.62,54.37,Loamy,0.38,5.84,3.07,Central,1003,Rabi,Sprinkler,206.42,8.2,28.31
rice,89,74,70,7.77,39.29,2127.05,83.52,39.74,Loamy,0.83,8.17,10.22,Central,1740,Kharif,Sprinkler,124.04,13.6,7.94
rice,60,86,134,7.31,27.61,1536.35,34.48,33.65,Sandy,0.54,5.94,5.31,Central,36,Zaid,Sprinkler,171.25,20.37,9.33
potato,34,48,100,6.02,38.91,1081.51,66.77,24.27,Loamy,0.83,7.25,11.39,Central,130,Rabi,Rainfed,189.38,6.55,23.26
rice,39,30,122,7.26,31.58,1642.7,64.58,58.31,Silt,0.82,10.65,14.05,West,1801,Kharif,Drip,196.65,6.94,8.83
maize,118,27,99,6.48,22.23,1906.73,76.84,60.18,Silt,0.66,8.16,16.33,South,466,Rabi,Canal,187.06,10.76,10.88
maize,159,90,122,5.48,17.01,1503.26,48.81,40.93,Loamy,1.15,9.26,1.57,West,2005,Zaid,Canal,288.68,0.36,11.22
maize,155,36,28,6.23,23.96,2593.75,51.2,61.06,Sandy,0.86,8.92,9.9,West,71,Rabi,Canal,164.04,3.95,11.85
maize,40,41,52,5.56,38.08,648.24,51.2,38.24,Clay,1.46,10.67,7.94,South,1599,Rabi,Rainfed,231.84,18.2,7.87
maize,85,78,54,4.82,13.91,621.0,40.11,20.36,Silt,0.4,4.75,4.82,North,257,Zaid,Canal,191.54,8.36,8.49
cotton,112,16,69,5.64,23.81,2248.8,42.47,15.85,Silt,0.83,5.29,5.49,Central,1339,Rabi,Drip,194.45,3.75,5.71
wheat,166,40,43,5.51,20.41,1701.8,41.85,21.42,Loamy,1.31,8.8,15.0,Central,1040,Rabi,Rainfed,333.15,21.4,8.08
cotton,128,97,58,4.81,36.02,1315.22,38.75,46.13,Clay,0.94,9.92,13.54,West,1868,Zaid,Drip,154.52,16.75,6.06
potato,178,83,44,7.47,34.12,2351.13,76.26,31.05,Silt,1.56,9.23,16.35,East,1120,Zaid,Sprinkler,98.08,6.84,24.2
rice,102,98,51,5.06,26.56,2647.66,66.59,47.42,Clay,0.53,5.03,14.34,Central,2138,Rabi,Drip,170.31,23.02,9.96
wheat,144,44,127,6.33,22.45,1611.79,64.16,40.4,Clay,0.71,8.76,1.97,North,1337,Rabi,Drip,98.13,23.8,9.6
wheat,36,22,52,6.22,30.53,1721.53,70.59,31.65,Silt,0.45,8.4,2.9,West,1119,Zaid,Rainfed,297.86,5.4,9.97
rice,109,52,126,5.42,38.59,437.5,50.69,25.93,Clay,0.62,7.76,12.55,South,1029,Zaid,Rainfed,127.92,21.59,6.25
rice,173,75,130,8.09,13.03,1546.12,73.81,19.05,Clay,1.17,7.95,12.2,North,1586,Zaid,Drip,223.14,6.46,7.82
wheat,126,95,140,6.85,36.96,349.3,46.41,54.12,Loamy,0.93,8.25,16.17,East,945,Rabi,Drip,116.75,17.14,7.62
potato,33,79,35,7.57,18.83,1314.75,79.06,55.95,Loamy,0.51,5.27,9.96,East,706,Rabi,Rainfed,76.18,6.93,23.06
wheat,33,81,30,6.49,10.13,2715.92,66.93,42.07,Clay,0.92,6.33,10.79,East,1116,Rabi,Canal,153.43,20.98,10.36
rice,132,60,117,7.26,32.23,2206.4,79.3,22.85,Sandy,1.4,8.29,9.88,South,823,Zaid,Canal,347.75,5.52,11.9
sugarcane,69,86,135,8.1,33.65,2136.03,33.28,28.18,Clay,0.87,4.56,12.55,North,1162,Zaid,Sprinkler,342.67,0.71,76.12
rice,46,57,44,5.98,19.14,2262.15,80.59,62.76,Silt,0.32,8.97,7.72,East,217,Kharif,Drip,197.21,4.05,9.38
maize,130,73,112,6.51,33.35,2424.2,36.09,26.3,Sandy,0.37,9.22,11.43,East,867,Kharif,Sprinkler,170.56,11.49,11.28
potato,132,60,130,6.55,33.94,406.76,70.12,17.84,Loamy,0.87,5.01,9.34,West,1030,Kharif,Canal,342.85,4.42,25.1
sugarcane,153,86,115,8.17,30.26,2498.74,43.68,42.5,Sandy,1.07,5.99,17.08,South,1022,Zaid,Canal,185.58,10.48,75.77
cotton,81,49,31,5.59,11.16,2236.54,32.8,28.1,Loamy,1.45,5.62,8.13,East,697,Kharif,Drip,64.86,5.33,5.55
potato,81,53,40,7.1,30.02,2009.79,45.56,62.87,Sandy,1.58,5.47,3.18,South,2081,Kharif,Canal,337.35,7.96,26.43
maize,153,65,146,5.27,37.97,1314.33,54.2,43.74,Clay,1.57,6.57,14.98,East,129,Rabi,Sprinkler,304.73,23.81,10.08
maize,92,18,48,7.95,28.61,1051.35,38.64,63.29,Loamy,1.03,9.28,9.57,Central,674,Rabi,Rainfed,259.6,2.06,9.32
cotton,145,94,140,6.81,21.01,779.86,35.98,54.28,Silt,0.35,6.85,3.73,Central,1434,Zaid,Sprinkler,311.09,12.24,8.07
sugarcane,91,91,143,7.72,26.9,1154.02,89.63,51.15,Sandy,0.58,7.74,16.77,North,1807,Rabi,Drip,102.48,21.6,71.87
wheat,36,98,52,7.84,39.79,2495.7,34.76,56.52,Clay,0.86,4.86,3.07,North,2170,Rabi,Drip,126.41,9.68,10.06
cotton,121,65,96,6.69,24.18,441.15,41.43,45.24,Sandy,1.44,8.3,2.16,South,1024,Rabi,Canal,83.76,24.54,6.24
rice,43,19,60,7.12,35.25,2115.45,45.17,15.56,Sandy,0.33,10.99,5.55,South,1609,Kharif,Canal,328.17,4.53,9.42
wheat,115,69,93,7.18,14.16,512.88,49.03,34.62,Silt,0.96,9.1,12.13,West,597,Kharif,Rainfed,155.81,1.09,7.28
potato,162,34,82,6.37,11.69,592.04,37.88,25.95,Sandy,1.15,7.39,2.9,South,1511,Kharif,Rainfed,329.45,1.05,23.82
maize,159,38,33,6.28,21.7,799.35,80.38,36.72,Silt,0.67,7.3,17.45,North,31,Rabi,Sprinkler,199.86,15.68,8.1
rice,91,50,94,5.43,14.13,1984.63,85.48,38.53,Loamy,0.71,10.46,10.1,West,51,Kharif,Rainfed,269.64,9.51,8.66
sugarcane,178,48,86,6.11,19.92,2428.53,62.94,21.39,Silt,0.8,6.85,10.75,East,614,Rabi,Sprinkler,278.23,15.97,75.35
rice,108,68,112,8.17,31.46,654.44,64.02,16.17,Silt,0.66,9.08,17.16,North,1628,Zaid,Canal,148.26,23.29,6.38
sugarcane,178,48,72,5.72,23.36,884.7,89.63,21.91,Loamy,0.87,8.27,8.95,East,1685,Rabi,Sprinkler,192.0,17.53,73.56
maize,167,97,113,7.39,19.64,1886.65,83.03,57.87,Silt,0.51,8.39,12.83,North,233,Kharif,Sprinkler,321.28,20.24,12.26
maize,87,31,132,5.0,36.75,1440.42,54.45,52.79,Clay,0.56,4.59,1.61,Central,397,Kharif,Sprinkler,287.47,6.15,10.0
sugarcane,149,19,30,6.39,10.28,1883.69,75.53,54.94,Sandy,0.35,8.66,1.63,Central,2168,Kharif,Canal,224.23,7.21,76.01
wheat,162,32,44,5.0,34.42,695.78,45.92,28.82,Silt,0.83,8.49,13.63,West,2150,Rabi,Canal,178.79,11.49,7.1
sugarcane,94,69,102,6.42,28.64,1449.0,33.11,26.8,Sandy,1.22,9.19,16.94,South,156,Rabi,Sprinkler,343.31,0.64,75.5
wheat,42,67,112,4.89,11.39,1151.15,31.33,16.87,Silt,0.96,8.74,13.3,West,1512,Rabi,Rainfed,71.94,11.48,5.76
potato,111,64,74,6.89,11.02,1391.79,62.34,38.61,Loamy,0.99,10.16,3.63,South,2096,Zaid,Drip,282.65,18.6,26.3
rice,168,86,38,6.79,15.16,1040.9,59.98,34.12,Loamy,0.88,10.98,15.07,West,1443,Kharif,Drip,229.69,9.43,8.68
wheat,178,93,111,7.51,39.32,658.12,39.04,56.79,Sandy,1.06,5.34,11.06,East,551,Zaid,Sprinkler,328.18,16.11,9.45
sugarcane,81,59,109,6.78,12.57,1966.96,81.19,49.09,Sandy,0.6,10.22,2.11,West,2162,Rabi,Sprinkler,275.5,6.06,76.3
cotton,146,27,30,7.95,32.17,1972.55,64.97,22.21,Sandy,0.57,6.04,7.57,South,1429,Zaid,Canal,102.13,13.28,4.35
wheat,55,30,79,7.46,22.05,960.96,52.89,64.36,Loamy,1.52,5.83,14.17,East,577,Kharif,Sprinkler,288.51,13.09,8.35
wheat,63,98,60,5.25,17.1,1742.91,60.35,53.53,Sandy,0.89,5.57,4.51,East,43,Kharif,Drip,154.51,11.73,8.6
sugarcane,81,27,149,5.7,27.25,2704.24,35.84,51.01,Silt,1.38,7.82,15.0,West,1207,Rabi,Drip,158.9,16.49,75.58
potato,141,34,126,4.89,21.05,1642.82,83.99,25.83,Silt,1.49,7.69,10.77,North,979,Kharif,Canal,201.62,21.95,25.19
potato,111,80,79,6.11,19.31,1084.99,47.43,60.26,Sandy,1.1,9.95,8.66,Central,150,Zaid,Drip,244.08,21.52,26.46
cotton,71,61,41,6.53,17.19,1071.39,40.48,38.7,Loamy,0.69,7.07,1.04,Central,278,Zaid,Drip,63.5,0.97,5.86
potato,50,33,147,8.02,23.73,2378.12,55.56,29.88,Silt,1.18,9.48,5.41,West,1209,Zaid,Sprinkler,337.24,1.37,26.41
maize,71,59,145,6.58,15.09,1521.18,46.87,47.74,Loamy,0.86,10.82,14.92,North,495,Kharif,Canal,243.44,2.78,11.13
rice,170,51,122,7.46,35.56,958.18,48.46,25.59,Loamy,1.56,5.36,2.82,East,787,Kharif,Drip,179.47,22.56,7.44
sugarcane,142,68,129,5.71,27.75,1877.22,79.47,60.38,Loamy,1.35,4.59,9.65,East,987,Kharif,Drip,250.17,1.76,76.45
rice,134,20,77,5.32,11.89,2461.89,62.82,57.72,Sandy,1.36,6.45,1.53,South,987,Rabi,Sprinkler,257.54,14.67,11.7
cotton,46,28,84,7.56,23.71,2118.66,85.91,38.25,Loamy,1.07,10.71,5.41,South,1932,Kharif,Rainfed,65.68,15.91,6.72
potato,149,18,77,5.64,28.89,515.86,87.02,24.53,Loamy,0.31,9.48,3.81,North,622,Rabi,Rainfed,90.03,14.89,22.49
potato,166,69,95,7.76,35.85,1154.15,89.49,39.83,Sandy,1.38,7.18,8.09,West,195,Kharif,Sprinkler,222.09,18.34,25.15
maize,158,48,38,5.38,10.7,2331.78,37.89,22.46,Clay,0.33,4.65,11.12,West,687,Rabi,Canal,178.06,8.76,9.7
wheat,159,41,147,7.7,23.69,1345.64,83.81,28.49,Silt,0.46,6.07,8.46,South,465,Kharif,Canal,196.63,17.95,8.83
potato,89,21,123,7.43,31.18,2796.57,47.68,39.14,Sandy,1.39,10.21,14.95,Central,714,Zaid,Rainfed,121.42,16.78,24.23
maize,77,17,126,6.88,15.88,1154.85,67.76,16.06,Silt,0.58,5.08,3.89,North,871,Rabi,Rainfed,331.7,4.02,8.83
wheat,58,61,137,7.69,16.64,2568.74,82.67,53.29,Sandy,1.39,8.58,11.53,West,2032,Zaid,Canal,161.58,12.19,9.87
wheat,126,16,98,5.92,24.69,1448.62,35.57,24.85,Sandy,0.61,8.29,15.6,East,2160,Zaid,Sprinkler,77.1,20.41,7.66
wheat,39,94,103,5.36,36.53,2640.0,39.11,58.33,Sandy,1.3,6.17,11.21,East,515,Kharif,Rainfed,245.36,12.17,11.29
cotton,87,39,137,5.33,21.95,1353.26,73.99,16.11,Silt,1.0,8.13,8.65,West,358,Zaid,Drip,228.7,12.67,5.56
rice,50,74,29,5.72,24.53,1471.14,50.81,41.61,Sandy,1.17,9.16,13.52,North,967,Rabi,Sprinkler,228.75,24.19,9.22
potato,57,93,49,6.32,29.07,1652.01,69.3,53.83,Sandy,1.39,4.41,2.57,Central,1150,Rabi,Rainfed,81.08,6.05,22.56
maize,63,38,43,7.78,19.32,399.48,36.84,26.9,Sandy,1.58,9.58,17.41,Central,1543,Kharif,Canal,283.51,17.79,8.25
potato,37,29,74,5.1,36.01,510.13,88.34,50.38,Silt,0.41,7.22,6.75,West,1340,Zaid,Sprinkler,156.81,15.95,24.0
sugarcane,108,28,123,7.91,38.86,2436.45,60.08,51.04,Clay,1.19,5.55,4.41,North,561,Kharif,Canal,336.33,24.15,77.97
wheat,174,68,146,7.95,29.51,962.88,82.23,46.89,Sandy,1.55,7.77,17.3,Central,1912,Kharif,Canal,240.41,14.22,6.73
cotton,116,92,144,7.27,29.15,1868.16,70.5,33.21,Sandy,0.79,4.41,1.09,West,1166,Zaid,Rainfed,255.73,2.67,8.19
sugarcane,117,20,112,7.86,30.21,950.0,87.1,54.25,Sandy,0.73,9.89,14.39,South,1715,Zaid,Sprinkler,229.33,24.51,75.12
wheat,98,92,27,7.42,15.82,1180.21,64.23,46.42,Sandy,1.18,10.95,8.13,South,1834,Rabi,Canal,191.12,6.05,6.91
cotton,116,95,94,6.6,31.97,1810.79,48.38,44.52,Sandy,0.82,8.74,14.79,Central,1249,Zaid,Rainfed,158.38,7.22,9.34
maize,130,32,59,6.84,20.41,1146.57,66.81,55.96,Clay,0.58,6.23,15.61,North,1526,Zaid,Canal,106.07,9.88,9.89
rice,37,34,104,6.94,39.8,2114.53,89.81,27.23,Loamy,0.51,10.25,6.36,Central,849,Rabi,Rainfed,239.18,19.54,11.63
rice,106,76,35,5.23,32.57,1591.36,78.92,26.62,Loamy,0.55,6.18,16.12,North,630,Rabi,Drip,348.81,0.18,10.52
wheat,116,95,97,5.46,27.51,2191.87,57.3,34.32,Sandy,1.22,6.53,17.83,Central,1130,Kharif,Rainfed,179.13,21.09,9.01
wheat,72,94,67,6.58,37.37,834.85,78.99,18.66,Silt,1.49,10.46,17.13,East,1049,Kharif,Drip,131.31,24.08,7.08
maize,158,54,110,5.19,39.1,1912.42,72.17,31.87,Clay,1.35,8.34,9.98,South,707,Kharif,Canal,291.39,18.61,12.76
sugarcane,138,53,148,8.08,34.54,1083.36,86.32,35.31,Clay,0.88,6.66,4.4,South,2060,Zaid,Sprinkler,331.17,0.33,74.13
sugarcane,46,66,41,6.52,32.7,1182.85,51.89,39.75,Clay,0.99,7.09,14.73,North,1802,Kharif,Canal,345.86,23.9,75.23
maize,162,46,33,6.09,11.82,766.49,32.42,27.7,Loamy,1.11,8.76,17.01,Central,2157,Zaid,Drip,307.9,0.2,10.02
sugarcane,177,87,92,5.34,31.18,621.31,35.19,60.34,Silt,1.05,8.57,17.35,South,178,Rabi,Canal,207.65,16.89,74.7
maize,50,41,38,6.22,20.07,2503.42,76.04,29.25,Loamy,1.56,6.55,15.83,West,1431,Kharif,Rainfed,307.4,0.03,10.5
rice,87,66,59,5.83,37.9,2665.69,71.48,57.58,Clay,1.45,4.84,4.65,Central,1941,Rabi,Drip,81.37,7.6,10.35
wheat,139,77,117,5.1,28.35,1283.9,74.0,37.25,Loamy,0.36,6.95,11.98,North,345,Kharif,Drip,294.47,18.74,10.61
sugarcane,168,88,23,8.09,21.12,2208.82,70.06,50.91,Loamy,1.39,8.69,16.68,North,1394,Zaid,Canal,87.49,23.52,73.51
wheat,172,77,52,5.7,20.17,2308.77,57.43,20.55,Sandy,0.45,5.86,9.28,West,2004,Kharif,Drip,236.45,0.65,8.93
cotton,164,31,62,7.15,26.64,654.63,34.09,42.23,Sandy,1.2,10.19,14.88,East,1641,Zaid,Canal,157.13,20.65,6.77
maize,57,63,46,5.11,24.74,2647.71,80.13,63.04,Sandy,0.67,6.38,2.78,South,1138,Rabi,Rainfed,222.56,11.81,13.0
sugarcane,80,95,100,7.9,21.73,2320.53,40.85,48.31,Clay,1.31,5.43,14.12,East,810,Kharif,Rainfed,148.59,14.59,72.52
maize,34,96,132,6.81,16.25,2274.04,89.39,56.01,Sandy,0.31,6.94,2.1,North,1845,Rabi,Sprinkler,76.55,10.2,9.7
cotton,34,37,136,7.03,33.89,2611.23,42.32,28.05,Clay,0.8,5.66,10.38,North,465,Kharif,Drip,290.04,8.4,8.08
potato,123,86,143,7.46,23.0,1182.21,35.02,55.01,Sandy,0.33,7.18,8.28,Central,841,Zaid,Sprinkler,95.24,4.57,23.96
maize,125,27,114,6.86,12.97,2516.72,52.53,32.56,Clay,1.54,4.62,4.12,North,1889,Rabi,Rainfed,238.89,9.03,12.78
maize,37,37,82,5.04,12.56,2795.0,49.53,39.25,Loamy,0.32,7.06,8.43,South,1937,Zaid,Drip,147.64,22.2,11.07
maize,93,71,143,6.26,17.14,878.36,88.6,24.4,Silt,0.5,9.17,13.24,South,1648,Zaid,Drip,242.83,2.17,7.41
cotton,167,76,135,5.69,26.57,603.59,53.67,39.28,Clay,1.0,5.98,13.95,North,1701,Zaid,Sprinkler,183.68,24.11,7.76
sugarcane,67,68,114,6.45,14.44,572.0,32.8,40.79,Loamy,1.14,10.89,16.67,East,1596,Kharif,Sprinkler,313.88,3.65,75.13
cotton,140,34,86,6.17,16.45,1243.71,89.23,46.12,Sandy,1.25,5.29,12.86,Central,2004,Kharif,Rainfed,270.87,1.19,7.65
wheat,141,66,116,7.61,25.05,2321.92,77.19,58.43,Loamy,0.62,6.4,17.94,North,1202,Kharif,Rainfed,131.95,13.63,8.54
cotton,110,37,135,5.64,16.53,2177.07,89.88,30.24,Loamy,0.69,7.44,5.87,Central,281,Zaid,Sprinkler,339.69,24.99,10.25
potato,165,49,32,5.48,35.74,793.31,49.05,64.21,Silt,0.61,9.9,3.63,West,1764,Kharif,Sprinkler,133.89,19.85,24.75
wheat,133,81,83,8.06,27.7,1636.82,37.06,57.38,Sandy,0.62,7.04,2.66,West,1940,Rabi,Drip,105.66,10.48,9.59
wheat,102,48,104,8.03,12.57,1203.84,53.86,35.15,Clay,1.32,9.15,10.94,West,1471,Rabi,Canal,342.82,19.88,6.66
cotton,78,47,75,8.18,14.2,2379.59,38.4,26.33,Clay,1.53,4.11,6.89,West,2011,Zaid,Sprinkler,83.97,20.85,4.47
rice,65,60,131,6.73,15.86,2310.43,38.81,18.57,Clay,1.07,4.18,4.46,West,1119,Rabi,Sprinkler,163.79,5.92,10.57
cotton,155,95,52,5.18,28.9,2325.34,84.16,26.72,Sandy,0.5,4.27,4.62,East,68,Kharif,Canal,243.46,1.17,7.22
sugarcane,97,59,72,7.79,13.17,1613.16,89.63,59.23,Clay,0.39,4.16,6.9,East,725,Rabi,Rainfed,336.55,22.69,77.16
maize,107,33,120,5.29,11.3,2318.66,89.67,29.6,Silt,0.61,5.43,12.67,East,1039,Rabi,Canal,144.03,5.34,8.76
wheat,134,29,108,5.33,31.85,2133.4,56.31,21.9,Loamy,0.53,8.17,11.23,North,261,Rabi,Drip,250.5,12.28,9.61
potato,151,92,48,5.46,24.34,1611.9,44.36,16.13,Sandy,1.05,9.53,14.47,West,1847,Kharif,Canal,67.04,5.58,23.78
rice,148,80,70,7.02,35.46,2231.89,40.32,29.88,Clay,1.21,7.97,6.41,Central,939,Kharif,Rainfed,267.31,8.91,10.31
rice,143,53,69,5.16,33.79,1242.15,52.93,25.81,Loamy,0.31,4.57,13.14,West,550,Zaid,Canal,325.64,15.98,9.76
potato,39,32,130,7.45,18.21,2249.52,65.94,20.11,Loamy,0.87,8.93,15.79,North,1929,Kharif,Drip,107.01,13.73,24.96
potato,178,84,55,5.0,15.77,1858.43,74.62,62.55,Silt,1.11,7.87,15.25,North,1097,Rabi,Rainfed,285.83,23.36,24.85
maize,169,73,128,5.18,25.49,2454.7,60.98,28.38,Clay,0.55,6.21,12.2,North,1494,Zaid,Rainfed,205.13,9.45,11.14
sugarcane,120,46,79,6.28,12.4,2530.83,80.56,15.31,Sandy,1.47,5.24,15.44,East,456,Zaid,Canal,233.72,11.1,76.51
rice,31,35,39,6.09,28.99,1271.83,85.18,62.21,Loamy,1.01,4.57,2.5,Central,2113,Zaid,Drip,264.64,0.14,9.98
potato,147,54,143,8.17,10.37,1019.63,83.14,43.93,Silt,0.75,7.46,9.11,West,1414,Kharif,Drip,264.4,7.16,26.54
rice,42,41,20,8.09,34.09,1000.21,52.15,19.14,Loamy,0.32,9.89,5.77,North,2135,Rabi,Sprinkler,197.97,18.17,5.27
wheat,124,16,38,5.44,36.72,1115.29,87.03,16.57,Silt,0.93,4.7,9.31,West,330,Zaid,Sprinkler,193.15,17.93,5.91
potato,173,94,106,8.02,39.89,426.76,85.38,20.39,Silt,0.74,4.74,3.15,West,1540,Kharif,Sprinkler,144.5,4.41,20.84
maize,61,53,48,7.15,20.32,2628.08,54.7,44.57,Loamy,1.56,5.92,2.88,East,432,Rabi,Drip,107.26,24.63,10.57
sugarcane,61,70,78,6.19,26.86,609.95,55.28,18.09,Loamy,0.79,6.66,2.87,West,1459,Zaid,Canal,307.16,11.28,74.9
rice,153,27,82,7.31,35.89,2494.88,34.68,43.41,Clay,1.5,10.95,2.56,South,1614,Zaid,Canal,299.65,6.49,11.84
maize,40,70,117,7.86,23.86,1518.92,86.22,47.63,Sandy,1.19,7.78,9.29,Central,1645,Kharif,Canal,308.9,18.19,10.76
cotton,39,80,67,5.41,19.88,2550.88,35.31,22.38,Silt,0.4,9.8,3.03,South,1872,Kharif,Canal,342.85,15.09,8.89
cotton,44,92,81,5.47,11.46,2631.48,59.47,39.42,Silt,1.51,5.58,15.27,East,1010,Kharif,Canal,163.82,11.34,7.99
potato,46,70,37,6.19,21.82,2353.02,73.28,63.19,Loamy,0.52,10.37,5.88,West,2188,Rabi,Canal,188.99,20.17,26.16
potato,175,42,46,5.38,12.37,1317.41,82.78,56.82,Loamy,0.88,9.21,17.29,Central,1450,Rabi,Rainfed,326.42,15.5,29.17
sugarcane,88,78,25,6.03,20.89,1331.17,64.26,51.17,Loamy,1.5,6.34,10.64,Central,923,Kharif,Drip,115.37,24.19,73.0
sugarcane,107,85,25,7.0,20.29,2716.07,70.95,40.89,Sandy,1.38,9.28,11.77,West,1932,Zaid,Drip,234.5,20.76,75.68
potato,153,96,50,7.56,29.42,1141.88,72.61,34.71,Loamy,0.93,10.21,11.58,North,2017,Zaid,Drip,259.29,13.71,25.35
maize,143,78,124,5.83,20.98,1327.91,30.96,37.57,Silt,0.57,6.52,6.67,West,1392,Kharif,Canal,277.51,16.1,10.8
wheat,51,70,113,5.76,21.53,1027.13,86.55,53.23,Silt,0.96,9.82,15.78,South,451,Rabi,Drip,303.68,13.04,9.61
sugarcane,61,55,75,7.45,18.59,1584.31,51.6,42.71,Silt,1.01,7.12,17.87,Central,1563,Kharif,Rainfed,136.26,11.3,76.1
wheat,142,55,37,6.1,28.24,1826.08,40.65,53.23,Sandy,1.6,9.22,3.75,West,1610,Zaid,Canal,233.76,16.7,10.47
cotton,149,18,106,7.58,21.68,1957.61,58.4,63.49,Sandy,1.37,6.06,9.37,South,1784,Zaid,Canal,331.6,5.72,8.65
wheat,178,71,42,8.18,38.46,696.22,74.01,47.03,Sandy,1.42,8.84,9.56,North,1585,Rabi,Drip,321.03,7.12,9.32
sugarcane,151,44,44,8.13,36.76,1166.47,79.64,45.16,Sandy,1.58,10.13,14.3,North,273,Zaid,Sprinkler,231.7,5.19,74.28
rice,61,98,26,7.05,17.11,2789.92,73.18,35.31,Clay,0.98,7.36,8.32,North,1442,Zaid,Rainfed,138.85,14.71,10.72
rice,148,60,37,6.08,22.12,478.94,54.01,24.84,Clay,1.06,9.45,12.51,North,1293,Rabi,Sprinkler,213.26,22.65,6.52
cotton,68,70,125,5.02,29.04,1230.55,70.89,33.71,Clay,0.89,7.9,7.1,East,593,Kharif,Drip,163.03,24.04,5.26
wheat,41,45,52,7.31,10.49,829.53,55.91,41.0,Loamy,0.46,9.94,2.05,East,745,Rabi,Rainfed,257.83,4.67,7.55
wheat,47,21,98,8.13,16.82,1004.18,89.21,16.74,Sandy,0.98,5.66,8.82,East,1093,Kharif,Drip,228.52,5.61,7.62
potato,178,91,54,5.03,18.55,1468.08,89.79,38.79,Sandy,1.06,4.16,13.83,North,1185,Rabi,Sprinkler,103.94,11.97,22.75
potato,170,68,129,4.82,22.07,2766.44,44.99,58.11,Clay,0.61,8.69,12.01,North,893,Zaid,Sprinkler,176.03,14.9,27.28
cotton,178,22,84,7.63,36.68,2330.97,59.0,63.83,Clay,1.32,9.44,9.95,Central,664,Rabi,Sprinkler,335.84,12.35,9.78
wheat,155,69,82,5.15,12.89,901.75,64.59,57.78,Sandy,0.46,4.55,16.53,West,812,Zaid,Drip,289.31,7.44,8.8
potato,165,83,91,5.08,11.97,643.61,68.17,23.6,Clay,0.95,8.61,9.19,West,2048,Rabi,Sprinkler,180.74,17.75,24.39
sugarcane,75,58,60,7.9,29.93,1815.49,56.04,22.75,Loamy,1.16,5.47,7.16,East,57,Rabi,Drip,310.63,4.49,72.19
maize,133,27,147,5.07,20.93,2490.82,61.46,34.67,Loamy,0.37,10.93,7.74,West,1199,Kharif,Rainfed,199.5,2.25,11.87
wheat,164,34,127,5.19,15.33,800.66,63.26,26.27,Loamy,1.35,9.48,13.3,East,1462,Zaid,Sprinkler,201.99,5.25,7.86
rice,115,92,123,6.74,31.05,787.94,53.28,48.8,Silt,0.7,5.08,6.59,West,474,Zaid,Drip,296.86,22.34,9.92
sugarcane,179,46,57,7.37,17.29,2010.26,49.23,19.23,Silt,1.23,7.33,11.88,Central,741,Kharif,Rainfed,272.29,5.08,75.8
sugarcane,118,74,54,6.16,26.97,1043.0,68.08,37.19,Sandy,0.44,9.51,7.56,North,1353,Rabi,Canal,63.51,11.49,74.09
maize,51,64,121,6.23,22.26,403.72,56.52,29.02,Silt,1.11,7.65,10.79,South,183,Kharif,Canal,173.64,6.23,8.75
rice,121,41,87,6.95,20.84,1056.17,88.33,44.77,Clay,1.02,10.85,4.9,Central,22,Kharif,Drip,61.94,22.98,8.78
cotton,58,39,56,6.52,31.63,826.69,52.54,54.85,Loamy,0.5,7.03,4.38,West,2105,Rabi,Drip,219.47,20.09,8.03
cotton,42,66,104,4.86,28.4,1119.1,41.75,61.18,Loamy,1.11,10.21,10.19,South,476,Kharif,Sprinkler,188.59,9.44,6.67
potato,31,82,48,5.19,25.42,2336.19,55.6,63.19,Silt,1.2,4.65,5.56,South,422,Rabi,Sprinkler,132.62,20.26,25.26
rice,58,35,60,6.78,13.84,1983.29,69.42,32.56,Loamy,0.95,7.84,2.67,South,1442,Zaid,Canal,346.17,24.39,11.38
maize,56,32,75,7.5,27.57,999.35,56.51,57.79,Loamy,1.05,10.97,5.49,North,2193,Rabi,Canal,97.59,14.76,8.36
maize,79,53,35,7.39,30.78,1321.63,47.14,44.6,Loamy,1.45,8.75,7.72,Central,2118,Zaid,Rainfed,317.52,5.47,12.92
wheat,124,29,85,7.32,34.44,834.79,59.71,49.61,Clay,1.21,5.08,6.42,East,1453,Zaid,Drip,332.0,8.72,6.75
rice,117,67,88,7.42,18.98,1684.06,56.82,57.56,Silt,1.48,8.62,11.34,North,97,Zaid,Rainfed,316.63,13.05,11.21
cotton,73,52,42,4.95,17.93,865.63,86.65,21.51,Loamy,1.02,6.98,7.08,North,1754,Zaid,Rainfed,191.14,14.65,5.5
wheat,51,62,72,7.84,32.46,2618.15,31.13,62.37,Loamy,0.53,8.93,4.26,East,18,Kharif,Canal,342.01,20.42,12.36
sugarcane,126,66,139,7.82,24.02,974.48,53.7,42.37,Loamy,0.62,6.46,16.47,South,27,Kharif,Rainfed,63.52,11.77,72.41
maize,32,86,147,6.61,22.18,2080.06,50.46,31.8,Sandy,0.53,7.46,10.83,South,759,Kharif,Rainfed,146.79,1.09,10.68
rice,147,42,68,5.65,14.82,1284.89,43.41,31.94,Clay,0.74,5.52,4.88,West,289,Zaid,Canal,100.98,1.62,8.66
cotton,48,99,32,6.81,23.02,2533.94,62.77,52.55,Silt,0.92,5.13,6.64,South,516,Zaid,Canal,104.85,22.71,8.24
cotton,52,30,127,6.7,31.78,1088.6,66.84,48.93,Loamy,0.63,6.09,10.69,West,2199,Zaid,Sprinkler,275.58,15.73,7.63
potato,59,30,104,5.56,23.52,339.79,30.61,51.47,Clay,0.92,9.43,3.19,East,978,Rabi,Drip,138.29,20.09,22.47
potato,68,49,64,6.85,36.18,565.27,70.57,27.65,Loamy,0.77,9.55,7.53,South,752,Rabi,Rainfed,174.23,17.14,21.85
potato,137,31,101,7.51,10.13,469.67,52.96,23.51,Silt,1.02,7.8,4.17,North,760,Kharif,Canal,234.91,22.55,23.57
rice,140,87,87,7.54,15.4,1075.02,85.38,51.09,Silt,0.86,5.31,7.2,West,1548,Zaid,Canal,287.48,0.45,10.8
cotton,54,66,116,5.0,28.44,1981.02,74.61,29.92,Sandy,0.86,9.66,8.41,Central,347,Rabi,Drip,143.57,11.37,7.53
cotton,157,96,96,5.47,30.16,1590.32,60.83,26.12,Sandy,0.94,10.07,10.35,North,1980,Zaid,Canal,300.67,3.35,8.88
potato,140,26,54,7.07,18.27,922.54,87.09,25.73,Sandy,1.58,4.72,1.39,South,1982,Zaid,Rainfed,215.36,12.49,23.32
potato,165,97,71,7.72,38.26,2796.91,71.24,22.42,Sandy,1.02,6.9,12.78,South,1554,Kharif,Sprinkler,265.24,22.57,26.36
sugarcane,135,62,59,6.57,19.92,464.25,78.48,36.34,Loamy,1.24,7.86,16.5,West,1552,Zaid,Canal,261.1,10.01,74.69
potato,173,36,140,7.21,22.34,1858.03,87.38,28.05,Clay,0.84,9.64,6.13,Central,1231,Zaid,Canal,319.34,2.81,26.03
rice,101,63,132,4.87,39.29,2304.08,83.42,59.69,Loamy,0.72,8.42,2.77,Central,1131,Kharif,Canal,298.18,5.58,11.24
potato,158,66,130,6.87,24.38,2695.04,34.24,49.46,Sandy,1.49,6.88,16.33,East,2042,Kharif,Rainfed,313.62,12.65,28.29
sugarcane,137,93,55,8.07,28.39,1186.06,42.61,52.19,Sandy,1.27,7.25,8.25,South,1681,Zaid,Drip,255.32,16.23,75.08
potato,34,15,89,7.05,26.21,1725.45,67.77,35.18,Loamy,1.06,7.0,12.69,East,1154,Kharif,Drip,95.24,0.03,24.59
maize,32,80,92,7.94,15.33,929.19,39.66,45.01,Loamy,0.74,4.89,11.44,West,2150,Zaid,Rainfed,105.19,9.7,7.71
rice,161,78,35,6.72,39.75,384.11,57.88,40.04,Clay,0.64,9.5,15.54,South,792,Zaid,Sprinkler,298.63,16.17,8.7
cotton,133,22,57,7.67,11.77,1594.24,58.81,23.37,Clay,0.63,4.45,9.29,East,888,Kharif,Drip,241.84,16.26,6.26
wheat,93,39,37,5.22,39.5,1776.65,57.79,17.39,Silt,0.95,8.8,12.94,East,1936,Rabi,Sprinkler,68.99,15.3,4.74
cotton,135,80,31,5.22,24.04,988.14,79.35,49.18,Clay,1.44,5.07,1.8,West,603,Zaid,Canal,106.3,0.43,5.29
cotton,127,87,73,5.21,15.69,880.83,59.37,21.06,Clay,1.45,6.93,1.17,West,1185,Zaid,Sprinkler,314.45,20.86,8.1
rice,39,87,20,6.46,15.01,1002.36,82.12,17.87,Sandy,1.27,4.85,14.22,Central,176,Rabi,Drip,223.52,18.78,7.66
cotton,178,91,130,5.92,29.67,1610.83,76.41,37.09,Sandy,1.01,8.14,14.08,North,1306,Zaid,Sprinkler,92.94,6.0,5.36
wheat,157,84,40,7.25,31.32,2001.19,68.55,51.9,Silt,0.61,10.31,3.59,West,1468,Rabi,Sprinkler,76.1,11.41,9.42
rice,75,93,148,7.87,36.96,2101.65,64.68,53.44,Silt,0.92,8.26,11.49,West,1913,Rabi,Sprinkler,349.84,23.49,10.94
wheat,95,65,112,6.91,17.1,992.72,43.93,58.67,Clay,1.2,6.75,6.69,South,1287,Rabi,Rainfed,145.69,15.25,9.48
cotton,141,67,143,5.52,23.0,2440.66,76.08,24.96,Clay,1.07,10.57,4.34,Central,1293,Rabi,Sprinkler,251.42,18.61,9.62
maize,42,29,58,7.96,39.14,1513.17,78.27,64.28,Silt,0.97,6.08,16.95,West,1005,Kharif,Sprinkler,155.33,18.23,8.18
rice,166,64,79,6.59,22.84,1670.33,59.36,53.16,Silt,0.86,5.79,16.88,East,2158,Zaid,Rainfed,281.02,13.94,10.7
maize,115,85,116,7.25,23.79,870.8,43.22,22.86,Sandy,1.28,9.01,12.48,East,191,Kharif,Rainfed,323.58,12.98,10.82
wheat,119,89,123,7.83,18.66,1257.93,75.61,57.04,Silt,1.39,10.7,17.91,Central,217,Kharif,Drip,197.57,23.26,9.5
maize,87,52,129,8.17,36.13,429.09,78.01,39.95,Sandy,1.24,9.45,4.01,Central,417,Rabi,Canal,322.87,12.49,8.54
maize,83,54,48,6.52,20.97,1743.17,64.03,18.33,Sandy,1.52,6.7,15.08,South,418,Zaid,Drip,145.77,3.31,10.33
sugarcane,41,80,108,7.55,29.07,2172.18,71.83,21.6,Silt,1.31,5.93,10.54,West,156,Kharif,Sprinkler,257.09,15.6,75.99
sugarcane,43,53,138,6.73,15.48,1658.79,76.42,36.69,Silt,0.89,7.24,4.09,West,1729,Zaid,Sprinkler,106.94,8.86,74.61
potato,150,88,70,6.45,28.47,1116.35,47.49,41.53,Clay,1.1,9.19,11.62,East,97,Zaid,Canal,133.62,1.15,25.74
maize,150,31,127,6.63,38.02,2386.87,46.96,62.37,Clay,0.96,5.96,17.87,East,538,Rabi,Canal,297.57,8.64,13.94
maize,49,21,77,6.45,33.3,444.09,72.48,25.79,Sandy,1.01,9.88,4.78,North,297,Rabi,Rainfed,331.56,24.16,9.5
sugarcane,104,53,55,6.23,12.03,921.84,60.74,38.71,Sandy,1.46,8.45,8.96,Central,1131,Rabi,Rainfed,269.31,17.92,74.71
rice,173,82,47,7.26,29.02,425.08,60.74,26.29,Silt,0.69,7.38,2.67,Central,375,Rabi,Canal,105.32,11.29,6.2
potato,99,49,120,5.65,26.76,1282.52,87.52,42.92,Loamy,0.32,4.63,5.48,West,1461,Zaid,Canal,67.1,22.32,23.87
cotton,85,65,126,6.9,20.16,925.88,77.96,60.47,Loamy,1.2,6.94,6.03,North,400,Rabi,Drip,84.13,10.36,5.93
maize,130,61,108,7.22,35.28,2006.46,45.36,43.39,Silt,0.54,5.68,10.75,South,1426,Rabi,Drip,155.01,17.93,9.24
rice,161,50,54,7.83,33.75,496.4,54.38,40.5,Sandy,0.5,7.56,2.13,Central,2114,Kharif,Drip,156.47,23.49,8.47
cotton,140,78,112,5.93,29.46,384.18,79.8,52.51,Sandy,1.59,8.58,16.03,West,7,Zaid,Canal,72.45,0.9,6.62
maize,154,27,124,7.73,32.33,1682.31,34.39,22.38,Loamy,0.65,6.23,17.32,West,1244,Kharif,Drip,346.07,21.81,10.9
maize,161,32,95,8.01,15.79,2166.54,49.26,60.28,Clay,0.56,9.69,12.56,West,32,Zaid,Rainfed,219.83,7.27,9.63
wheat,49,35,103,7.01,37.61,1470.88,50.38,43.88,Sandy,0.55,10.07,12.39,East,1199,Zaid,Rainfed,74.75,12.76,5.86
cotton,167,79,95,7.42,30.04,1003.17,53.41,49.32,Silt,0.84,5.65,6.1,West,416,Kharif,Canal,255.95,15.29,8.19
sugarcane,53,22,69,6.18,24.03,1546.4,45.55,55.95,Sandy,0.83,4.19,16.18,North,220,Rabi,Rainfed,311.29,10.11,76.72
rice,66,62,119,8.04,15.79,1145.74,68.51,46.75,Sandy,1.12,5.2,14.95,North,1731,Rabi,Drip,134.56,11.33,8.67
cotton,83,99,91,7.08,30.48,1040.62,53.7,47.06,Clay,0.43,7.18,3.01,South,1137,Zaid,Sprinkler,291.93,7.1,8.62
rice,132,57,134,5.85,12.9,1417.9,62.54,51.48,Loamy,1.13,8.71,13.18,East,1969,Rabi,Rainfed,316.99,19.7,10.45
sugarcane,178,67,96,6.17,19.59,1835.12,46.36,17.61,Clay,0.89,8.18,3.14,North,320,Zaid,Drip,99.78,5.04,75.58
wheat,67,99,140,6.9,27.21,1746.64,81.68,34.11,Silt,0.57,8.08,5.02,West,1298,Kharif,Sprinkler,180.02,13.94,9.71
wheat,33,41,73,5.6,29.38,570.57,42.35,63.15,Silt,1.31,5.62,14.95,South,813,Rabi,Sprinkler,86.77,10.8,5.14
cotton,86,33,90,7.36,10.52,845.67,82.64,27.9,Clay,0.92,5.12,9.1,East,889,Rabi,Drip,66.22,14.57,6.17
wheat,49,37,104,5.56,10.26,317.62,40.75,42.11,Silt,1.23,4.25,8.71,North,1285,Zaid,Drip,281.64,13.73,7.96
wheat,46,64,121,6.81,13.34,1395.39,52.21,23.77,Silt,1.5,7.02,5.32,Central,287,Kharif,Sprinkler,83.73,9.19,7.66
rice,148,65,126,7.17,33.05,2225.32,76.75,31.16,Sandy,0.76,6.11,11.5,South,1873,Rabi,Canal,219.46,14.63,11.05
maize,100,57,47,7.72,27.01,1335.63,59.56,50.85,Silt,1.47,7.84,3.4,South,2065,Rabi,Canal,201.43,7.92,10.48
rice,33,65,127,7.3,28.25,2798.33,44.23,47.15,Sandy,0.56,8.22,14.55,East,2184,Rabi,Canal,200.78,8.52,9.62
sugarcane,43,83,40,7.52,28.1,2175.84,69.81,35.72,Silt,0.59,6.02,10.07,South,444,Kharif,Drip,319.0,12.73,73.62
cotton,32,55,46,7.9,11.1,1237.29,37.66,61.9,Loamy,1.16,7.87,15.37,East,1782,Kharif,Canal,229.67,10.65,6.78
cotton,109,86,96,6.83,15.17,2733.02,42.92,53.75,Clay,0.43,8.26,9.4,Central,2177,Zaid,Rainfed,337.59,20.3,11.71
wheat,84,25,69,7.68,31.84,1901.7,45.4,28.4,Loamy,0.89,10.16,5.99,East,540,Rabi,Sprinkler,273.81,17.33,9.92
maize,161,94,76,5.59,29.37,2598.53,65.07,38.27,Clay,0.58,5.02,1.2,South,144,Zaid,Drip,198.68,2.07,12.09
maize,149,99,138,7.57,23.36,518.36,63.13,58.9,Sandy,1.04,6.69,8.0,North,476,Zaid,Rainfed,96.64,0.7,8.57
wheat,53,66,83,5.55,10.61,1693.98,61.17,16.12,Loamy,1.35,6.22,17.09,South,368,Rabi,Rainfed,230.38,11.88,6.35
rice,111,37,67,7.98,22.51,2571.12,35.84,44.07,Clay,0.36,5.78,15.22,South,894,Kharif,Sprinkler,260.64,9.71,9.9
sugarcane,176,63,23,5.92,17.44,1926.99,76.81,26.6,Sandy,0.84,6.98,17.97,East,1888,Zaid,Rainfed,336.04,4.14,75.11
wheat,89,52,80,5.38,30.92,2770.53,37.91,18.19,Silt,1.25,10.6,3.66,East,1071,Kharif,Drip,147.25,4.96,8.98
maize,176,61,115,5.3,34.74,2789.38,86.33,60.64,Silt,0.74,9.9,11.84,South,2102,Rabi,Drip,349.44,2.14,14.01
maize,78,86,23,5.44,25.11,2280.09,33.91,55.81,Sandy,0.35,7.66,3.27,North,830,Zaid,Canal,77.97,0.16,8.42
wheat,92,21,84,6.32,22.11,996.91,82.8,24.26,Clay,1.07,6.79,16.39,South,696,Rabi,Drip,122.17,15.6,8.17
sugarcane,139,80,143,6.58,18.19,2433.9,47.87,56.85,Sandy,0.46,7.02,6.91,South,277,Kharif,Drip,342.39,4.38,77.48
potato,179,91,112,7.91,12.78,2058.76,71.99,22.32,Clay,0.78,5.77,16.19,West,842,Zaid,Sprinkler,179.87,24.66,23.85
maize,138,76,50,6.1,21.15,565.85,49.99,38.81,Clay,1.59,8.6,4.45,North,1791,Kharif,Rainfed,346.13,8.7,11.56
maize,105,43,90,5.54,30.34,1269.19,73.2,51.29,Clay,0.82,5.85,3.71,South,1346,Zaid,Drip,346.78,4.69,13.41
wheat,59,52,21,7.33,29.98,2486.28,58.87,41.69,Silt,1.4,4.78,4.04,Central,1348,Rabi,Sprinkler,146.44,5.57,8.87
rice,87,98,69,5.26,22.38,2069.41,61.61,57.54,Clay,1.42,6.25,14.26,North,1319,Rabi,Canal,197.39,16.3,11.88
wheat,146,47,27,7.83,38.98,1368.4,72.99,45.84,Sandy,0.64,7.41,15.68,North,949,Zaid,Rainfed,120.37,10.89,6.69
wheat,129,43,74,6.19,38.2,1832.51,38.01,36.6,Silt,1.07,9.1,1.69,North,1031,Kharif,Rainfed,299.07,0.45,9.64
rice,48,93,62,6.89,36.27,2641.95,45.98,61.26,Clay,1.53,7.41,3.53,North,2119,Rabi,Canal,100.31,2.19,11.59
cotton,123,37,49,5.43,23.07,1794.05,80.44,16.81,Silt,1.09,4.24,1.06,East,536,Zaid,Canal,107.82,8.16,6.84
rice,142,17,78,5.29,32.4,869.18,77.39,39.42,Silt,1.36,8.93,2.03,North,1869,Rabi,Canal,293.63,3.33,10.01
potato,175,59,28,7.52,37.87,1973.41,89.42,48.04,Clay,0.9,9.42,2.53,East,261,Rabi,Canal,286.08,0.78,25.68
rice,92,22,87,6.26,32.13,965.48,31.38,56.8,Clay,1.24,4.72,6.01,North,168,Rabi,Sprinkler,289.59,22.29,13.38
potato,145,43,100,8.15,19.47,1847.54,38.53,42.06,Sandy,0.33,9.05,4.62,Central,1685,Zaid,Sprinkler,120.28,15.84,24.25
sugarcane,142,16,142,6.58,12.04,1911.42,50.24,59.28,Silt,1.32,8.6,12.26,West,2146,Zaid,Drip,267.35,9.43,76.75
cotton,76,64,149,7.68,38.74,1203.84,71.6,36.31,Loamy,1.17,6.73,17.96,East,1401,Rabi,Canal,175.22,24.74,6.38
rice,86,79,42,8.13,39.77,2151.69,48.93,30.86,Silt,0.77,9.57,12.24,West,978,Rabi,Sprinkler,249.65,24.9,9.6
wheat,147,34,41,5.76,30.81,1032.27,50.76,63.69,Clay,0.84,8.97,1.01,East,358,Rabi,Sprinkler,118.78,17.73,9.25
sugarcane,74,66,28,7.52,19.46,336.81,43.65,48.36,Loamy,0.72,7.98,3.21,East,1356,Rabi,Sprinkler,326.29,13.39,75.23
sugarcane,174,99,109,4.87,35.95,1176.63,84.58,36.29,Loamy,0.98,9.34,2.86,North,1847,Kharif,Canal,232.02,15.26,75.4
cotton,33,51,52,7.11,38.6,2455.75,62.85,58.91,Clay,0.44,7.05,8.1,South,21,Zaid,Canal,279.96,15.11,7.81
sugarcane,177,86,108,7.33,25.19,1742.15,39.58,49.15,Silt,1.4,8.26,5.73,North,1514,Rabi,Sprinkler,186.89,6.56,74.98
rice,76,41,114,6.42,19.35,2423.43,64.93,46.9,Loamy,0.92,4.29,17.39,South,404,Rabi,Sprinkler,306.99,13.98,11.75
sugarcane,172,61,88,5.35,22.19,621.5,39.57,51.43,Loamy,0.36,7.16,3.88,North,1026,Rabi,Sprinkler,171.76,2.73,75.47
potato,76,20,57,6.9,12.22,782.47,46.31,51.91,Silt,1.02,8.24,12.32,North,196,Rabi,Canal,144.82,1.81,23.36
sugarcane,107,74,83,7.85,26.97,711.55,71.77,39.65,Clay,1.51,4.03,3.78,Central,1752,Rabi,Drip,344.89,7.38,75.44
sugarcane,153,59,91,7.97,21.37,2262.82,75.49,35.97,Silt,0.41,6.78,10.22,Central,493,Zaid,Canal,201.79,6.88,75.23
wheat,104,58,39,7.34,36.54,1830.48,55.99,60.46,Silt,0.46,7.74,1.42,Central,1636,Kharif,Rainfed,161.78,19.69,9.07
potato,132,97,53,5.7,18.27,1141.01,40.03,39.86,Sandy,0.8,6.59,1.82,West,284,Rabi,Rainfed,222.61,1.66,24.74
potato,166,32,130,7.76,10.25,2251.62,42.69,25.79,Loamy,1.26,6.54,1.54,East,1536,Kharif,Canal,298.95,1.07,25.66
cotton,119,79,61,7.82,32.11,1388.47,62.38,41.08,Clay,1.09,10.01,3.66,East,583,Rabi,Canal,209.78,10.64,6.13
rice,173,39,85,6.05,10.22,1839.01,65.34,16.72,Clay,0.9,10.75,1.07,North,1089,Zaid,Rainfed,211.37,17.68,11.84
potato,98,41,40,5.42,26.38,2436.77,82.12,51.17,Loamy,1.59,4.68,9.37,East,1322,Kharif,Canal,212.21,24.24,24.5
sugarcane,90,21,98,7.77,15.44,1363.12,46.09,21.35,Loamy,0.54,10.37,7.59,Central,76,Rabi,Sprinkler,201.81,7.38,74.12
maize,167,58,89,7.81,28.31,2180.71,66.72,20.59,Loamy,1.37,6.65,2.06,Central,2166,Rabi,Sprinkler,262.4,1.08,11.1
rice,79,43,24,5.14,15.94,1714.1,30.16,62.32,Clay,0.46,5.66,2.33,South,1948,Zaid,Canal,301.87,20.57,10.58
potato,32,58,86,8.09,25.06,2569.2,58.27,53.63,Silt,0.53,5.05,14.17,South,1576,Zaid,Sprinkler,240.3,15.84,26.39
wheat,136,50,35,6.61,20.05,1438.66,53.89,35.71,Silt,0.68,9.23,1.42,West,1166,Rabi,Sprinkler,153.0,21.0,8.62
potato,142,33,118,8.18,15.48,1046.63,37.21,26.98,Clay,1.44,9.06,16.64,East,1607,Zaid,Rainfed,293.61,1.45,24.13
potato,123,20,92,6.31,28.19,973.48,83.47,57.17,Silt,0.88,4.66,7.3,South,1926,Rabi,Rainfed,89.88,5.14,23.48
cotton,147,39,54,6.61,12.47,777.05,36.48,63.43,Sandy,0.81,10.72,3.44,East,1523,Kharif,Drip,170.48,22.58,5.16
wheat,110,45,102,5.7,38.23,1191.37,45.93,40.42,Sandy,0.94,4.51,15.64,South,855,Kharif,Rainfed,299.27,21.27,10.61
wheat,138,23,129,7.86,33.34,1385.73,74.04,44.0,Clay,1.12,7.48,7.03,West,1499,Kharif,Rainfed,267.87,11.26,9.44
potato,80,98,58,6.31,37.48,638.87,40.84,27.15,Silt,0.85,8.52,10.71,Central,531,Kharif,Sprinkler,340.77,21.69,27.02
cotton,176,88,29,7.57,11.27,2139.36,34.61,44.46,Sandy,1.55,10.22,9.39,North,236,Zaid,Drip,170.51,18.29,7.18
rice,64,51,20,5.07,10.06,2644.75,88.16,35.03,Silt,0.48,5.89,11.16,North,1035,Rabi,Canal,244.86,20.27,9.33
wheat,75,41,25,7.48,20.74,1329.68,47.61,57.28,Loamy,0.92,5.87,4.04,North,1144,Rabi,Canal,290.07,5.94,9.63
sugarcane,98,27,85,6.47,28.5,2613.0,33.64,33.86,Silt,0.84,9.47,7.73,North,1153,Kharif,Sprinkler,207.54,6.72,75.55
wheat,122,55,57,4.82,17.33,1355.0,38.46,47.44,Sandy,1.2,6.88,6.02,Central,1201,Rabi,Rainfed,145.79,19.29,7.26
rice,93,80,86,5.57,26.48,850.57,43.35,25.17,Sandy,1.55,5.44,14.2,South,555,Rabi,Rainfed,94.01,21.37,7.93
maize,78,99,119,5.46,28.18,2447.77,87.5,19.53,Clay,0.67,4.15,14.31,West,1917,Zaid,Sprinkler,124.4,19.64,11.83
maize,178,38,96,7.36,14.55,2553.86,30.97,17.02,Clay,1.54,9.22,17.9,West,1681,Rabi,Canal,76.0,4.85,9.82
cotton,103,58,54,6.42,33.07,1896.75,77.57,35.78,Loamy,1.38,4.11,17.97,North,695,Kharif,Rainfed,137.38,23.04,6.37
cotton,34,74,64,5.34,38.09,2606.37,76.85,23.18,Sandy,1.35,8.46,2.65,North,1415,Zaid,Canal,94.49,24.4,6.35
potato,129,23,87,5.67,29.2,1171.76,59.98,64.67,Clay,0.39,7.0,8.89,North,2139,Zaid,Sprinkler,69.7,1.4,24.6
wheat,99,16,36,6.51,38.44,1096.82,85.97,54.92,Clay,1.52,8.44,13.72,North,1186,Kharif,Rainfed,168.2,22.24,9.04
maize,119,70,24,4.87,17.38,2437.2,30.81,49.67,Clay,1.39,9.32,12.41,East,1752,Kharif,Canal,199.24,19.0,9.59
cotton,33,44,76,6.24,11.1,1002.09,59.71,55.17,Loamy,1.19,8.53,9.25,South,482,Rabi,Sprinkler,230.36,4.82,6.68
maize,155,36,114,7.11,17.42,2465.56,45.21,28.14,Loamy,0.47,7.26,2.69,North,1389,Kharif,Sprinkler,297.91,5.21,13.61
rice,68,89,49,6.56,29.44,895.85,75.72,58.96,Sandy,0.85,10.35,8.97,South,1384,Kharif,Canal,76.67,6.12,7.66
potato,158,95,26,6.83,27.93,2037.34,40.39,64.78,Loamy,1.39,4.03,17.26,West,1273,Rabi,Canal,91.14,1.09,25.28
sugarcane,53,27,143,5.91,18.02,2345.96,82.5,29.49,Sandy,0.87,4.33,8.45,South,313,Rabi,Canal,176.72,7.8,76.41
maize,86,85,110,5.42,22.24,2470.24,54.33,64.23,Sandy,0.87,7.41,1.48,East,1902,Kharif,Drip,235.46,20.26,13.41
cotton,129,30,71,7.55,21.03,2712.79,38.15,31.02,Sandy,0.65,5.73,7.82,West,1986,Kharif,Rainfed,121.57,5.34,7.88
maize,99,59,25,7.88,38.51,1050.99,32.08,15.59,Clay,0.37,7.01,8.95,North,316,Rabi,Sprinkler,120.98,5.84,6.68
cotton,70,79,128,6.54,19.43,1660.43,71.37,33.36,Silt,0.97,6.01,13.57,North,1864,Kharif,Sprinkler,69.34,18.16,6.87
potato,89,25,114,5.84,15.79,2691.21,85.71,64.88,Clay,1.31,5.62,4.88,West,1855,Zaid,Rainfed,228.34,18.3,27.86
cotton,137,84,85,6.54,26.97,325.73,88.19,46.76,Clay,0.49,10.46,10.89,North,693,Kharif,Drip,223.22,10.04,7.36
rice,86,34,29,7.79,13.74,1838.24,82.46,49.77,Loamy,1.46,5.52,3.95,North,84,Rabi,Rainfed,208.16,21.01,9.41
potato,60,77,45,7.15,25.24,673.88,53.37,26.92,Clay,1.02,4.64,11.47,North,486,Zaid,Rainfed,331.65,9.14,24.47
cotton,113,26,87,7.72,30.61,1400.61,84.35,22.3,Sandy,1.36,5.58,9.87,West,1429,Rabi,Sprinkler,199.49,5.59,6.77
cotton,65,76,117,5.92,38.3,510.14,68.62,59.28,Silt,1.17,6.99,15.61,East,1994,Kharif,Rainfed,293.16,6.02,6.53
rice,137,56,90,7.22,36.77,1141.02,33.8,35.67,Loamy,0.48,5.56,8.86,East,76,Zaid,Canal,168.43,6.34,9.54
sugarcane,135,97,69,7.02,35.24,2029.08,40.25,15.21,Silt,1.48,4.68,5.85,South,1382,Kharif,Rainfed,281.79,4.29,76.42
potato,115,83,36,6.74,21.82,2329.15,53.11,29.71,Loamy,1.23,5.88,10.03,East,1552,Zaid,Rainfed,298.51,2.8,26.42
rice,164,72,30,6.6,36.82,1703.21,48.37,24.79,Clay,0.35,10.35,10.51,East,1475,Kharif,Sprinkler,72.04,3.65,8.88
maize,43,19,72,6.67,31.5,1390.52,50.16,45.19,Clay,1.05,9.27,2.57,North,234,Rabi,Canal,94.85,5.72,8.45
wheat,149,41,69,7.69,23.25,1156.35,74.1,52.81,Clay,0.92,5.63,10.69,South,1329,Zaid,Canal,316.49,19.21,8.04
potato,167,42,143,7.91,26.92,2567.23,33.53,39.87,Clay,1.42,8.25,12.8,East,851,Kharif,Rainfed,199.51,3.47,24.54
sugarcane,109,40,81,5.18,23.08,793.89,66.35,24.29,Loamy,0.46,9.99,16.04,South,1010,Kharif,Drip,276.84,11.17,74.4
rice,173,63,95,6.73,15.9,2010.32,50.2,17.9,Loamy,1.07,10.8,4.63,West,1876,Zaid,Rainfed,238.14,3.64,11.64
maize,135,35,142,7.92,23.55,651.99,82.94,30.68,Sandy,0.7,4.52,8.76,East,692,Kharif,Drip,230.12,10.34,8.13
wheat,99,15,109,5.26,34.22,2549.12,33.43,55.3,Loamy,0.62,5.43,1.99,North,1889,Zaid,Drip,94.2,3.78,8.61
cotton,73,72,48,6.2,18.0,1013.42,88.3,35.98,Loamy,0.33,10.6,3.79,Central,1015,Zaid,Sprinkler,66.88,7.97,7.2
sugarcane,102,93,121,5.1,29.21,1228.28,34.86,27.61,Clay,0.73,10.19,16.73,North,1792,Kharif,Rainfed,234.62,2.57,72.71
sugarcane,74,69,120,5.19,26.6,757.9,56.07,16.04,Sandy,0.81,6.09,16.95,Central,1182,Rabi,Rainfed,345.01,19.41,73.5
potato,136,95,129,7.87,37.6,2635.27,81.42,39.8,Silt,0.88,5.38,1.7,Central,1171,Rabi,Sprinkler,242.76,1.2,28.96
cotton,113,40,128,6.32,32.39,2519.29,49.31,49.24,Loamy,1.26,9.71,10.08,West,493,Rabi,Drip,273.53,22.63,10.19
wheat,111,98,48,7.14,20.84,1483.16,81.01,24.52,Silt,0.82,4.74,3.34,East,805,Rabi,Canal,76.71,18.97,7.01
potato,136,39,78,5.27,26.85,375.32,87.79,41.86,Clay,0.55,8.34,12.98,Central,567,Zaid,Sprinkler,322.57,13.44,22.93
cotton,50,91,89,4.87,37.34,2561.34,37.36,36.04,Clay,0.82,10.35,11.6,Central,1709,Rabi,Rainfed,246.63,6.21,7.11
wheat,36,47,115,7.83,16.79,2706.55,58.63,50.2,Silt,0.39,5.26,9.78,Central,805,Zaid,Drip,271.42,2.28,11.73
sugarcane,99,86,63,6.75,24.23,474.96,43.85,58.03,Silt,1.56,4.88,9.84,South,1098,Kharif,Drip,312.23,20.35,76.16
potato,156,83,103,4.87,16.65,1821.8,76.02,30.35,Sandy,0.39,8.5,11.47,East,724,Kharif,Sprinkler,252.6,14.56,25.52
wheat,172,20,140,8.17,22.55,2689.57,36.48,60.24,Loamy,0.56,8.3,8.49,Central,1595,Kharif,Canal,98.34,10.78,9.6
rice,177,37,76,6.47,11.75,2041.25,76.48,50.35,Loamy,0.86,4.47,13.44,East,17,Kharif,Sprinkler,225.07,12.41,11.11
potato,172,44,136,6.42,36.28,1590.5,70.53,16.86,Loamy,1.51,6.53,13.11,South,1560,Rabi,Sprinkler,111.19,10.33,24.98
sugarcane,178,92,83,6.91,39.35,1155.14,67.88,54.56,Loamy,0.53,10.49,6.74,North,1461,Zaid,Sprinkler,296.03,11.34,78.64
wheat,149,68,118,4.83,27.03,2150.1,56.06,39.73,Sandy,0.82,5.61,13.25,North,1686,Rabi,Sprinkler,165.91,4.62,7.94
maize,157,25,57,6.74,26.62,2769.18,60.09,62.27,Clay,1.59,7.7,6.83,Central,1894,Zaid,Drip,89.88,16.9,12.45
wheat,171,45,46,6.94,38.67,1898.07,36.02,31.18,Silt,1.08,6.47,11.0,South,462,Rabi,Rainfed,196.27,6.61,10.14
wheat,86,20,36,5.81,21.8,1561.87,46.19,44.56,Clay,1.1,10.33,4.6,North,1896,Kharif,Canal,201.72,8.04,8.85
potato,87,25,82,7.27,28.63,719.69,84.8,62.81,Sandy,1.57,7.64,6.37,West,1676,Kharif,Canal,333.33,12.24,26.89
potato,50,91,30,6.08,35.12,2453.08,56.52,28.56,Loamy,0.96,7.15,4.71,West,389,Rabi,Canal,85.54,24.64,25.24
sugarcane,111,26,83,7.24,25.17,1259.5,54.17,38.6,Clay,0.3,10.24,17.81,West,434,Rabi,Rainfed,131.3,11.23,72.61
wheat,98,80,58,5.29,16.64,2223.45,32.84,52.62,Loamy,0.34,8.51,11.4,Central,2026,Kharif,Sprinkler,296.99,4.26,11.78
cotton,160,67,149,7.91,34.38,1169.47,83.06,49.55,Silt,1.19,6.5,12.47,Central,200,Kharif,Rainfed,136.66,16.53,7.68
maize,116,50,134,7.79,18.13,602.11,75.2,56.94,Clay,0.57,10.95,11.84,North,577,Kharif,Drip,328.58,5.17,12.7
cotton,78,31,64,5.31,35.31,1971.73,35.5,40.99,Loamy,0.92,10.41,1.49,Central,958,Kharif,Sprinkler,160.8,22.17,8.93
potato,176,42,107,7.99,38.34,1664.21,39.01,30.95,Sandy,1.02,5.85,13.21,North,676,Zaid,Canal,301.26,18.16,23.38
cotton,144,36,99,6.7,26.38,676.94,37.42,41.75,Silt,1.17,4.24,14.24,Central,1722,Rabi,Rainfed,250.5,1.56,7.19
cotton,118,21,28,7.19,11.48,2373.76,69.19,32.5,Loamy,0.41,4.85,6.79,South,1189,Kharif,Rainfed,137.64,6.92,6.57
sugarcane,114,29,124,7.66,38.67,1056.38,39.53,23.82,Loamy,1.29,5.08,10.97,East,1302,Kharif,Drip,208.24,7.51,73.18
rice,157,25,144,5.08,34.94,1407.18,89.71,42.75,Sandy,1.5,9.14,1.47,West,1606,Rabi,Rainfed,170.23,21.67,9.09
maize,169,38,97,5.38,13.52,1541.79,64.42,17.42,Silt,0.63,6.63,4.61,West,68,Zaid,Sprinkler,324.37,20.6,10.04
rice,146,81,64,5.79,28.88,915.94,82.21,16.83,Sandy,0.79,6.37,4.27,South,74,Kharif,Rainfed,333.92,21.59,9.77
rice,156,44,127,6.42,19.47,1555.13,73.8,18.23,Silt,1.27,7.91,5.36,Central,188,Rabi,Drip,349.19,24.95,11.64
sugarcane,100,84,118,5.98,19.91,469.44,31.47,48.63,Loamy,0.62,4.95,7.49,North,1953,Kharif,Canal,314.44,14.07,75.8
wheat,115,80,46,6.52,27.41,767.48,55.27,35.35,Loamy,1.0,5.93,4.71,East,160,Rabi,Canal,327.87,1.61,10.64
wheat,62,75,59,5.43,31.36,989.25,51.7,39.71,Silt,1.16,7.39,4.89,North,1144,Rabi,Canal,244.82,13.18,9.02
sugarcane,110,92,45,7.12,10.34,1198.3,87.13,32.17,Loamy,1.44,7.28,17.26,East,882,Rabi,Canal,199.89,12.89,74.23
potato,90,55,102,4.99,14.58,922.12,50.3,27.68,Clay,0.75,8.28,5.3,North,2017,Kharif,Canal,237.39,12.0,24.2
sugarcane,90,96,45,6.03,37.08,1476.89,71.25,32.92,Loamy,0.94,6.17,10.64,East,1884,Rabi,Drip,304.93,0.27,75.89
potato,127,65,89,5.41,24.85,1947.95,65.37,24.67,Silt,0.54,6.68,11.92,South,218,Zaid,Sprinkler,277.89,3.53,27.44
potato,57,58,86,7.28,24.76,1163.15,74.2,48.94,Clay,0.7,4.44,6.28,South,1769,Zaid,Canal,83.7,5.09,24.49
potato,72,27,25,7.8,35.21,393.52,33.68,20.09,Silt,0.42,8.54,2.16,South,994,Zaid,Rainfed,218.67,21.87,21.22
maize,115,26,47,5.07,13.88,1884.37,85.85,40.85,Clay,0.56,7.5,9.05,Central,75,Rabi,Drip,176.02,3.07,8.82
cotton,46,96,32,7.47,31.41,2499.52,89.58,38.84,Clay,0.75,4.29,17.82,East,995,Rabi,Drip,140.31,10.96,8.18
rice,127,23,82,7.85,25.19,611.38,63.26,30.1,Sandy,0.85,7.53,5.85,North,1834,Rabi,Sprinkler,164.32,14.96,6.46
wheat,127,99,32,8.11,32.25,762.75,39.86,20.11,Sandy,1.22,5.83,1.08,Central,561,Rabi,Rainfed,160.54,6.13,5.41
potato,94,62,148,6.77,30.38,374.03,82.17,50.17,Clay,0.9,5.03,14.55,East,168,Kharif,Canal,110.66,6.93,23.25
potato,103,63,59,5.91,29.99,846.26,68.84,43.48,Clay,0.36,4.04,5.27,Central,1471,Rabi,Rainfed,208.95,18.44,23.64
sugarcane,114,67,50,5.89,35.68,1039.2,67.44,55.47,Clay,1.28,10.87,15.46,West,1952,Zaid,Sprinkler,344.04,20.16,74.68
sugarcane,34,70,36,6.09,26.52,1439.92,83.09,26.78,Sandy,0.99,10.64,5.34,Central,1741,Rabi,Rainfed,141.26,17.64,73.17
cotton,31,54,128,6.88,22.24,2049.08,73.89,54.58,Sandy,1.52,9.77,15.82,West,592,Zaid,Sprinkler,120.41,23.8,7.06
sugarcane,51,38,83,6.47,15.95,1382.23,85.19,29.6,Sandy,1.13,5.51,16.54,Central,679,Rabi,Sprinkler,251.0,7.14,73.85
rice,141,86,76,7.02,20.32,1212.15,87.46,20.63,Clay,0.99,10.08,10.87,North,1615,Rabi,Sprinkler,131.45,24.99,6.83
wheat,86,47,44,4.93,36.1,2009.38,50.69,21.75,Clay,0.68,10.28,15.18,West,2123,Rabi,Sprinkler,268.2,1.51,8.89
potato,95,37,141,5.16,20.12,1912.35,41.87,26.05,Silt,0.61,4.57,15.74,West,458,Zaid,Sprinkler,240.18,6.83,24.21
potato,103,91,97,8.12,39.56,1359.91,53.13,49.12,Loamy,0.6,7.65,6.94,West,1751,Kharif,Sprinkler,327.51,12.85,25.04
cotton,127,68,76,8.18,28.24,1146.6,88.05,27.2,Loamy,0.83,4.75,12.19,South,1886,Kharif,Canal,129.77,8.68,4.09
potato,173,67,90,7.34,34.45,1249.66,41.48,45.19,Sandy,0.52,7.73,11.28,East,1076,Zaid,Drip,308.63,3.46,26.03
cotton,141,63,107,5.67,24.8,1311.93,65.47,27.83,Sandy,1.4,9.91,8.28,East,94,Rabi,Sprinkler,266.46,19.46,8.79
maize,154,92,132,8.04,29.64,524.39,35.05,33.26,Loamy,1.35,8.39,13.87,Central,236,Kharif,Rainfed,187.84,6.55,9.44
cotton,115,92,119,5.53,39.69,754.47,79.95,59.49,Sandy,1.25,4.44,9.02,East,819,Kharif,Drip,145.18,15.91,8.04
wheat,105,94,66,7.29,25.01,1941.13,70.09,40.02,Clay,0.36,4.07,5.54,Central,854,Zaid,Sprinkler,129.92,17.6,9.24
rice,117,63,135,5.19,17.9,2628.26,61.33,45.01,Loamy,0.39,4.66,5.71,West,1397,Rabi,Rainfed,188.03,3.21,11.25
sugarcane,67,74,109,7.01,29.5,511.1,67.8,24.46,Clay,1.13,10.36,1.01,East,1159,Zaid,Sprinkler,159.36,1.3,72.58
rice,88,79,130,7.38,37.59,602.39,37.02,21.58,Loamy,1.27,10.9,2.28,Central,990,Rabi,Sprinkler,236.45,24.36,8.58
rice,167,46,109,7.72,10.52,546.55,81.69,35.66,Loamy,0.33,7.38,3.4,West,2003,Rabi,Sprinkler,177.06,19.64,8.91
wheat,128,93,148,7.3,39.78,938.26,50.41,57.77,Sandy,0.68,6.5,13.05,South,779,Kharif,Canal,126.58,9.51,8.38
maize,92,35,31,7.94,26.34,2281.44,40.15,27.05,Clay,0.48,6.41,2.99,North,2044,Zaid,Sprinkler,291.53,18.1,10.89
potato,78,32,125,6.57,33.98,2389.74,30.89,46.08,Clay,0.6,6.97,4.74,East,1616,Kharif,Sprinkler,188.24,18.6,27.13
cotton,61,74,141,7.1,13.55,2529.51,33.64,58.6,Silt,0.97,6.77,9.09,West,253,Zaid,Canal,209.82,19.6,10.68
maize,164,27,72,6.06,18.75,2260.02,70.3,61.72,Clay,0.44,9.37,6.7,North,1280,Rabi,Rainfed,256.61,20.34,12.02
maize,50,38,119,4.84,39.31,1447.14,73.11,64.69,Clay,0.6,7.7,14.29,North,1807,Kharif,Canal,126.77,11.62,9.73
maize,49,44,56,7.37,18.64,1720.96,38.93,53.15,Sandy,1.03,4.6,2.72,Central,2032,Kharif,Rainfed,159.37,8.7,10.92
sugarcane,156,16,138,7.76,22.37,2012.08,66.34,18.75,Silt,0.96,4.62,17.69,South,64,Rabi,Rainfed,123.62,9.46,74.07
rice,97,97,78,5.39,18.42,919.15,58.98,58.57,Clay,1.41,4.78,15.03,Central,1861,Zaid,Sprinkler,247.68,11.46,7.56
rice,139,39,73,4.9,24.05,1662.8,86.23,59.28,Sandy,0.5,6.72,9.46,South,1145,Rabi,Sprinkler,308.46,7.78,11.08
maize,145,64,20,5.36,14.77,1586.84,69.91,42.86,Loamy,0.78,5.88,3.16,North,871,Rabi,Sprinkler,177.85,4.92,9.89
maize,172,28,47,7.84,25.27,2216.89,61.22,18.37,Clay,1.5,6.59,2.64,North,2041,Kharif,Sprinkler,113.19,18.89,10.85
cotton,149,20,131,5.8,18.95,885.56,47.03,38.83,Sandy,1.33,4.66,3.7,East,349,Rabi,Canal,279.35,22.06,8.84
sugarcane,108,90,35,5.59,34.45,2600.33,57.71,25.54,Loamy,1.08,10.35,4.06,North,1660,Zaid,Canal,349.31,21.9,76.38
cotton,145,98,47,4.85,21.69,1267.16,44.83,37.11,Clay,1.3,9.8,13.82,Central,1841,Rabi,Canal,118.36,7.48,5.7
sugarcane,121,44,131,5.81,33.78,1535.24,70.7,51.21,Clay,0.88,7.92,17.53,Central,1641,Rabi,Drip,126.89,3.23,73.23
potato,43,44,148,7.23,29.25,1137.61,65.65,48.38,Sandy,1.48,8.0,13.85,North,621,Zaid,Sprinkler,286.88,11.61,25.73
maize,154,52,135,8.06,37.45,588.86,47.78,54.0,Loamy,1.08,7.53,14.06,North,750,Rabi,Drip,165.15,5.53,10.03
sugarcane,87,72,117,5.86,34.32,743.97,30.72,38.83,Loamy,1.2,5.6,17.1,South,900,Rabi,Drip,277.2,11.48,75.53
rice,57,55,89,5.62,37.03,2775.65,88.97,40.54,Loamy,1.15,8.58,2.67,North,1893,Rabi,Rainfed,156.08,14.45,10.41
wheat,55,71,111,7.82,25.77,1174.52,33.18,61.78,Loamy,1.17,4.64,2.69,North,317,Zaid,Sprinkler,276.15,20.58,9.63
rice,142,50,22,7.7,37.4,588.82,62.82,46.56,Clay,1.13,8.09,16.23,Central,862,Zaid,Canal,268.7,19.82,9.23
maize,95,78,100,5.92,14.64,1413.1,81.12,52.38,Loamy,0.4,7.08,10.37,Central,361,Rabi,Rainfed,294.61,0.44,10.34
rice,160,30,63,5.03,12.53,643.14,67.26,48.23,Sandy,1.09,4.4,5.22,Central,881,Rabi,Drip,293.68,1.94,7.95
sugarcane,73,92,43,8.17,25.78,1837.24,65.22,47.02,Sandy,1.32,7.03,4.4,East,236,Zaid,Sprinkler,80.81,24.31,72.69
sugarcane,126,86,118,7.11,34.78,360.3,72.91,60.68,Clay,0.3,8.14,11.32,South,1027,Zaid,Rainfed,255.36,7.89,76.51
maize,71,28,131,7.95,16.37,1701.27,48.49,32.82,Sandy,1.46,4.56,11.82,South,1606,Rabi,Rainfed,186.25,22.01,10.46
cotton,35,45,142,5.96,39.06,2016.88,53.38,36.38,Silt,1.54,6.09,13.9,North,1065,Zaid,Rainfed,277.01,5.1,6.35
sugarcane,52,80,131,7.0,15.56,501.8,35.07,33.99,Clay,0.47,5.42,11.98,North,499,Rabi,Sprinkler,332.66,21.37,74.03
potato,118,82,149,7.09,31.26,669.8,30.28,53.26,Silt,1.0,4.17,13.25,West,1249,Kharif,Canal,184.6,1.61,26.71
rice,152,79,87,7.77,37.45,2236.53,45.87,58.42,Loamy,0.44,4.57,13.14,Central,1725,Zaid,Canal,119.19,3.84,9.2
maize,176,69,110,8.18,38.96,1352.37,78.85,32.88,Silt,0.67,5.32,1.88,South,296,Kharif,Canal,236.35,20.27,9.27
potato,80,98,79,5.17,29.84,530.57,66.7,22.12,Clay,1.11,8.2,13.09,West,1819,Rabi,Rainfed,98.89,21.95,20.61
potato,40,92,143,6.95,27.23,2455.97,38.37,39.71,Loamy,0.69,10.6,3.71,East,871,Zaid,Rainfed,109.89,12.47,26.01
rice,41,54,115,5.94,12.73,2142.33,55.59,64.22,Sandy,0.78,8.6,9.51,East,293,Zaid,Canal,336.21,4.82,12.58
wheat,103,39,148,7.56,10.59,767.67,31.17,25.18,Clay,1.27,10.86,5.29,Central,586,Kharif,Sprinkler,100.78,17.91,7.15
potato,37,39,52,7.36,39.57,1168.06,78.14,37.6,Loamy,1.05,10.77,12.57,South,229,Zaid,Drip,235.54,2.93,24.47
maize,70,17,49,7.83,18.23,1719.89,57.66,28.57,Clay,0.97,7.64,6.12,West,140,Kharif,Drip,289.15,16.67,10.1
rice,114,83,24,5.97,12.17,353.97,46.61,61.13,Loamy,0.72,5.55,16.51,North,149,Zaid,Drip,201.72,15.76,6.1
cotton,101,40,137,5.43,26.15,1524.57,76.09,42.55,Clay,1.22,10.39,1.81,Central,2173,Rabi,Canal,271.35,11.76,8.52
potato,84,54,57,4.87,19.38,1151.49,88.22,43.94,Clay,0.85,7.75,9.03,Central,339,Kharif,Canal,226.47,15.47,23.57
cotton,166,52,36,5.67,20.73,2614.6,54.19,15.41,Clay,1.47,5.06,8.27,Central,809,Zaid,Sprinkler,349.5,16.76,8.84
rice,76,52,128,6.05,20.61,864.69,75.93,47.64,Clay,1.08,6.65,4.25,North,1380,Kharif,Drip,83.06,14.22,7.28
sugarcane,172,82,59,8.02,17.46,1296.29,49.28,30.32,Silt,1.0,6.34,2.19,Central,2012,Kharif,Drip,127.18,2.23,73.38
sugarcane,133,21,130,6.47,39.03,705.7,75.48,40.67,Loamy,1.34,6.52,4.84,West,499,Rabi,Drip,225.71,1.71,76.26
rice,71,44,147,6.69,17.96,620.85,87.91,41.55,Loamy,0.93,4.7,3.2,North,615,Kharif,Drip,208.43,24.66,7.45
sugarcane,89,33,114,7.79,26.71,999.5,69.02,44.61,Clay,0.66,7.23,4.16,East,1290,Zaid,Sprinkler,87.12,20.47,72.95
potato,41,49,48,7.81,17.16,2340.67,44.34,56.18,Clay,0.5,7.68,15.6,East,717,Kharif,Rainfed,218.94,9.53,24.5
sugarcane,159,47,92,6.59,32.86,1244.13,71.41,29.95,Sandy,1.03,10.14,13.32,Central,252,Rabi,Rainfed,91.65,19.07,74.54
sugarcane,36,47,40,5.19,16.87,766.25,80.68,27.81,Loamy,0.85,4.45,3.41,North,726,Kharif,Rainfed,260.41,0.0,73.42
maize,109,92,79,5.72,28.44,342.29,54.22,54.79,Silt,0.82,9.68,16.32,West,734,Zaid,Drip,249.14,12.44,8.26
sugarcane,160,52,117,6.35,35.02,1670.6,67.32,50.94,Loamy,0.75,8.4,16.08,South,2004,Kharif,Drip,79.28,0.02,74.11
potato,138,24,94,7.35,18.15,1537.62,45.15,26.28,Loamy,1.17,10.77,5.28,West,507,Rabi,Drip,195.31,11.47,23.19
sugarcane,32,71,138,7.22,34.1,826.55,57.27,15.04,Loamy,0.97,9.8,1.81,North,102,Rabi,Sprinkler,266.23,18.42,74.62
rice,56,42,132,6.99,12.77,1208.2,39.95,48.3,Sandy,1.0,7.16,12.79,North,855,Kharif,Drip,292.2,13.49,10.08
potato,143,92,133,7.79,13.49,1020.97,80.13,22.86,Silt,0.7,9.46,10.91,West,251,Zaid,Sprinkler,70.56,7.87,22.41
maize,136,52,122,7.53,22.02,2079.32,35.8,62.85,Clay,1.1,10.46,7.38,North,1905,Kharif,Drip,195.54,19.53,11.22
wheat,69,30,99,8.14,22.21,1219.12,33.35,45.22,Silt,0.82,7.47,1.82,Central,1288,Zaid,Rainfed,346.41,18.91,10.09
maize,158,35,82,7.82,25.49,1474.26,62.06,57.48,Clay,1.3,5.86,3.21,Central,1887,Zaid,Sprinkler,171.29,20.27,11.36
sugarcane,37,20,76,5.47,10.71,2773.44,64.95,55.28,Clay,0.99,6.83,11.22,Central,1007,Kharif,Rainfed,214.9,14.86,73.65
wheat,130,55,48,5.0,13.51,2538.25,85.1,42.89,Silt,0.68,6.96,12.42,East,295,Kharif,Drip,146.77,18.38,7.1
rice,153,29,148,6.21,10.31,1945.22,42.2,36.92,Sandy,0.49,8.21,4.51,North,709,Rabi,Rainfed,75.97,20.6,9.94
sugarcane,136,17,143,6.9,38.64,1506.58,76.68,39.84,Sandy,1.21,6.98,8.61,Central,620,Kharif,Canal,322.04,10.15,76.23
sugarcane,130,57,78,6.99,19.4,1180.38,68.64,55.15,Clay,0.78,8.2,15.87,North,1892,Rabi,Drip,243.11,12.11,76.25
rice,33,61,105,5.71,30.64,2657.91,74.5,47.02,Sandy,0.39,4.23,5.09,South,2199,Zaid,Canal,211.71,15.67,12.4
maize,139,28,90,7.72,28.25,2581.49,39.45,25.29,Sandy,1.49,6.64,15.88,Central,1530,Rabi,Sprinkler,295.18,12.16,11.59
maize,48,80,108,5.92,31.74,712.63,56.79,45.47,Sandy,0.8,8.68,5.9,South,769,Rabi,Rainfed,102.65,2.77,8.07
cotton,61,43,117,7.92,36.49,930.31,51.36,35.23,Sandy,1.27,4.78,15.59,South,711,Rabi,Sprinkler,312.01,24.87,8.31
cotton,166,18,63,6.4,16.99,1276.24,71.97,18.06,Clay,0.9,5.5,10.82,South,945,Kharif,Rainfed,236.75,22.19,6.86
sugarcane,41,40,135,4.84,22.77,1443.28,65.61,34.06,Sandy,1.46,9.12,13.81,East,877,Kharif,Drip,265.45,20.53,74.18
potato,168,26,94,5.35,19.85,1655.52,88.05,26.38,Silt,0.34,8.63,6.79,East,1948,Zaid,Drip,240.0,22.65,25.97
wheat,75,16,42,5.15,12.47,396.6,38.32,56.93,Silt,0.64,6.42,3.36,West,1251,Zaid,Canal,298.68,6.23,7.47
wheat,148,31,64,4.95,10.96,470.27,58.41,20.25,Clay,1.01,10.95,3.53,East,406,Rabi,Rainfed,289.89,19.73,8.47
potato,45,49,111,7.23,32.94,1473.63,71.63,33.03,Loamy,0.72,6.18,3.8,East,807,Rabi,Canal,225.84,6.77,26.12
maize,158,24,32,5.45,13.88,2595.49,52.13,49.77,Sandy,1.27,5.73,4.42,East,352,Kharif,Canal,303.61,22.15,11.8
rice,92,57,53,7.65,10.46,2156.0,85.39,59.87,Silt,1.19,6.39,16.0,South,463,Zaid,Sprinkler,287.78,4.08,10.68
wheat,138,35,89,5.7,23.15,1657.57,81.15,31.77,Loamy,0.33,9.26,9.32,South,2199,Zaid,Drip,205.99,23.39,9.42
cotton,148,29,127,4.91,19.67,371.21,82.38,45.32,Silt,1.08,4.65,4.75,South,1386,Zaid,Drip,87.34,11.33,5.36
cotton,50,49,145,7.59,11.98,470.7,66.54,33.68,Silt,1.39,6.01,11.67,South,1411,Kharif,Rainfed,311.49,8.0,6.39
sugarcane,42,99,40,6.38,11.55,1874.96,58.3,25.14,Loamy,0.71,8.26,2.42,North,1036,Rabi,Canal,168.86,22.89,76.23
potato,33,99,42,6.84,37.39,779.32,52.07,31.29,Sandy,0.48,10.05,4.13,West,1115,Kharif,Canal,297.6,20.39,24.34
wheat,131,99,38,5.94,38.19,1739.73,37.18,46.8,Clay,1.26,7.05,10.41,South,733,Zaid,Drip,283.97,17.86,10.42
wheat,88,74,69,4.96,24.47,1433.89,86.89,50.82,Clay,1.47,6.66,9.24,West,789,Rabi,Canal,84.66,12.35,6.91
maize,157,58,39,6.06,35.45,761.39,45.82,33.53,Clay,1.15,6.46,4.78,East,2054,Rabi,Sprinkler,138.96,8.03,10.59
cotton,56,19,135,6.56,34.0,1463.76,78.12,22.63,Sandy,1.4,4.37,1.8,West,549,Zaid,Drip,299.98,3.84,8.08
rice,98,87,111,4.84,27.38,2516.95,30.71,21.98,Sandy,1.6,10.57,11.23,East,1303,Rabi,Canal,228.94,24.25,8.98
maize,54,32,112,6.75,32.52,861.73,52.89,55.63,Silt,0.95,4.31,16.05,South,1654,Zaid,Rainfed,153.57,11.62,8.23
cotton,160,35,102,7.84,37.92,2692.23,64.27,47.66,Clay,1.52,7.93,14.07,East,240,Zaid,Sprinkler,105.91,21.52,6.02
potato,126,86,72,5.54,26.99,873.09,48.86,51.4,Clay,0.75,9.55,4.42,South,435,Kharif,Sprinkler,185.56,12.1,24.3
cotton,54,88,142,7.95,25.35,1441.36,41.63,39.41,Silt,1.27,10.0,12.86,South,900,Rabi,Sprinkler,242.15,13.92,7.61
rice,177,65,104,5.13,10.11,2107.4,34.29,37.87,Silt,1.47,5.29,4.93,West,1418,Zaid,Drip,162.2,11.68,9.66
rice,155,55,101,7.61,26.26,2236.2,89.35,25.56,Loamy,0.98,4.23,14.0,Central,1563,Zaid,Rainfed,234.39,23.78,9.21
wheat,162,38,28,7.66,34.53,1075.62,83.18,23.42,Loamy,1.11,9.38,13.84,South,140,Rabi,Canal,295.65,5.06,8.69
sugarcane,38,38,23,5.68,32.86,341.21,48.74,22.7,Sandy,1.56,4.43,4.76,Central,2019,Zaid,Canal,138.5,0.99,72.8
rice,145,52,44,8.06,29.37,1864.69,30.95,64.59,Clay,0.63,7.06,1.34,South,1912,Kharif,Sprinkler,85.97,14.53,9.96
wheat,163,58,53,6.22,10.74,1105.61,62.43,56.04,Silt,0.76,6.48,9.89,South,673,Kharif,Sprinkler,112.12,7.17,8.26
sugarcane,89,71,92,5.28,37.76,1602.97,49.29,46.31,Clay,1.3,4.94,11.73,West,1949,Kharif,Canal,128.81,8.18,74.13
rice,150,73,101,6.81,22.87,461.67,36.95,25.72,Sandy,0.74,7.72,5.65,North,1961,Zaid,Sprinkler,97.57,23.61,7.46
cotton,168,48,23,8.19,27.15,1277.81,77.42,31.88,Clay,0.95,5.06,8.11,South,1817,Kharif,Rainfed,177.74,22.76,7.08
rice,137,89,26,7.86,21.93,1877.86,50.29,32.54,Silt,0.37,8.65,8.8,North,58,Kharif,Drip,154.71,1.82,8.54
potato,137,96,34,5.75,20.47,508.05,88.37,38.88,Silt,1.04,9.58,13.38,East,990,Rabi,Rainfed,171.27,24.64,23.09
wheat,160,37,57,6.76,25.32,1482.86,72.37,36.1,Silt,1.11,5.62,4.31,Central,416,Zaid,Drip,164.45,6.95,9.12
potato,105,57,110,5.19,24.84,1392.48,80.38,61.71,Sandy,0.41,9.18,2.57,East,1609,Kharif,Drip,132.14,2.09,25.86
sugarcane,59,96,71,6.37,20.69,1080.13,67.31,51.04,Silt,0.62,8.53,5.59,South,579,Kharif,Sprinkler,245.81,5.27,75.69
cotton,50,54,100,6.58,34.12,2764.15,63.7,19.07,Loamy,0.86,5.89,9.46,West,482,Zaid,Sprinkler,130.14,21.19,6.72
cotton,63,61,119,5.87,11.52,2735.77,55.68,33.0,Silt,1.32,5.37,3.36,East,546,Zaid,Drip,330.07,22.01,10.49
sugarcane,70,55,26,6.45,13.51,1524.09,34.99,21.65,Clay,0.33,10.12,4.89,North,251,Zaid,Drip,152.42,8.53,73.21
cotton,80,61,126,7.93,12.48,771.09,74.24,28.97,Silt,0.73,5.41,9.43,East,558,Kharif,Canal,336.43,15.74,7.91
potato,111,34,64,6.5,26.95,1465.35,50.39,62.94,Silt,0.31,4.55,13.26,South,494,Rabi,Sprinkler,115.08,5.36,24.16
cotton,87,91,78,7.63,22.38,2419.68,41.8,50.26,Clay,0.98,6.23,1.45,North,1690,Rabi,Drip,84.98,4.29,6.78
wheat,104,79,141,5.88,23.56,1161.91,36.86,15.39,Sandy,0.95,10.33,10.7,West,1645,Zaid,Drip,149.22,24.04,9.35
wheat,52,82,40,8.1,27.3,1152.74,34.7,31.44,Sandy,1.28,8.1,7.53,Central,850,Kharif,Drip,153.45,21.31,8.03
potato,157,38,22,5.12,19.72,2322.36,58.53,36.94,Sandy,0.31,9.03,10.56,North,737,Kharif,Canal,294.47,22.73,25.17
maize,179,50,21,6.79,15.49,1870.19,80.22,45.13,Sandy,1.29,5.53,11.89,East,1015,Rabi,Drip,284.19,22.05,11.4
cotton,46,59,48,7.49,19.2,1313.25,37.72,39.99,Silt,1.46,7.46,1.63,West,2155,Zaid,Drip,113.84,21.85,5.96
rice,98,16,56,7.57,39.82,1596.63,60.88,18.49,Silt,0.71,9.54,10.15,North,347,Zaid,Rainfed,327.56,11.82,10.41
maize,137,42,64,5.47,38.58,1786.4,52.75,40.78,Loamy,0.73,6.59,17.07,West,275,Zaid,Sprinkler,162.71,19.34,9.54
sugarcane,168,40,139,6.17,38.7,703.0,62.4,21.51,Sandy,0.3,9.01,8.18,East,1301,Kharif,Canal,346.31,13.65,75.54
maize,123,37,65,6.92,10.83,1492.9,33.48,40.96,Clay,0.86,8.08,16.52,East,1975,Kharif,Canal,339.91,1.39,10.84
sugarcane,44,93,72,5.87,12.68,1607.82,62.11,27.3,Clay,1.1,6.35,17.51,West,922,Zaid,Sprinkler,139.14,3.38,72.89
sugarcane,120,50,64,7.04,11.37,2788.38,63.0,22.21,Clay,0.46,6.9,11.53,East,1231,Kharif,Drip,190.81,9.11,74.88
wheat,62,20,51,6.09,34.46,931.57,82.21,29.4,Clay,1.15,9.15,9.79,North,799,Rabi,Canal,305.02,8.08,10.25
wheat,154,49,37,5.99,39.74,919.73,41.97,19.98,Loamy,0.78,9.24,14.14,West,1682,Rabi,Drip,147.55,14.59,7.5
wheat,45,52,32,5.17,26.29,2202.14,78.88,29.2,Loamy,1.17,10.24,14.42,Central,1681,Zaid,Canal,190.22,8.74,8.03
wheat,95,49,42,4.93,31.02,1137.77,75.09,58.35,Loamy,0.63,7.77,11.6,South,258,Kharif,Drip,115.86,11.31,7.29
maize,76,88,81,7.64,20.57,440.54,84.87,30.36,Sandy,1.31,7.11,1.01,South,87,Zaid,Canal,204.15,10.49,8.6
cotton,177,67,73,6.46,32.96,2694.86,84.78,38.51,Silt,1.01,9.47,12.1,West,245,Kharif,Drip,139.35,9.88,8.31
wheat,153,52,88,6.71,29.68,403.95,75.97,40.99,Clay,0.99,6.7,15.98,East,1661,Rabi,Rainfed,93.0,12.35,8.73
cotton,30,73,33,6.07,34.03,2598.38,85.52,23.91,Clay,0.93,8.15,2.15,North,1691,Kharif,Canal,260.48,21.09,8.5
maize,116,57,117,5.26,25.0,2331.88,45.54,37.09,Loamy,1.39,9.32,6.08,Central,2051,Rabi,Drip,163.72,13.58,9.04
maize,157,18,47,6.33,15.82,1826.94,39.34,57.65,Sandy,1.02,10.47,15.57,North,448,Rabi,Canal,214.22,20.49,11.22
potato,96,19,114,5.58,24.27,2503.95,46.82,19.03,Loamy,0.51,10.22,11.63,East,36,Rabi,Canal,220.68,4.8,24.23
maize,33,82,90,7.65,19.36,789.44,80.39,61.14,Clay,1.11,8.62,2.94,Central,1363,Rabi,Canal,231.27,13.66,10.13
maize,76,59,86,8.16,30.82,768.53,48.81,58.56,Clay,0.97,4.14,11.14,South,1309,Kharif,Rainfed,283.48,17.79,10.65
potato,67,94,119,7.82,14.11,1409.5,79.12,57.79,Loamy,0.39,9.17,11.51,North,239,Zaid,Drip,268.12,9.41,23.66
rice,172,39,80,6.6,19.96,2791.26,52.32,24.93,Clay,1.06,6.32,2.86,North,324,Kharif,Canal,280.21,20.24,11.36
sugarcane,50,92,122,6.94,10.2,323.01,77.97,39.22,Silt,0.4,9.83,3.92,South,1232,Zaid,Canal,295.48,15.64,73.97
rice,86,25,138,8.02,34.47,655.24,80.83,45.81,Silt,1.24,4.19,10.92,North,959,Rabi,Sprinkler,174.59,0.15,7.47
potato,146,43,36,6.63,22.2,2097.23,70.67,20.0,Loamy,1.15,4.79,8.02,South,83,Rabi,Canal,290.16,20.49,26.07
rice,75,48,68,6.97,33.29,945.82,88.77,42.84,Silt,0.94,8.83,4.93,West,1829,Rabi,Canal,164.06,4.25,10.18
sugarcane,171,28,97,6.94,12.93,1686.06,73.82,57.0,Silt,1.27,5.86,11.66,South,656,Rabi,Sprinkler,180.68,21.37,76.18
maize,174,38,65,7.21,15.81,2085.58,44.71,61.83,Loamy,0.66,6.22,2.87,South,1931,Kharif,Canal,321.68,18.46,12.99
wheat,68,73,112,6.98,35.51,2401.3,89.06,28.92,Loamy,0.88,6.8,2.92,West,83,Kharif,Canal,255.86,17.73,11.39
potato,166,53,140,7.08,27.86,1691.93,71.03,29.44,Loamy,0.32,5.33,1.18,West,266,Rabi,Sprinkler,132.39,17.41,25.7
sugarcane,128,40,32,7.27,10.18,552.29,56.14,28.54,Silt,1.58,10.02,12.12,East,23,Kharif,Drip,253.02,6.15,73.24
potato,106,57,64,7.55,37.15,2034.65,59.52,22.67,Clay,0.37,4.62,16.83,East,2073,Zaid,Canal,104.51,24.72,24.19
maize,144,50,36,6.17,39.5,1552.65,75.97,36.54,Sandy,0.44,5.19,1.35,Central,1205,Zaid,Drip,135.55,14.64,10.82
wheat,163,53,66,7.34,29.84,2035.26,75.19,54.22,Clay,0.94,6.67,7.83,South,1511,Zaid,Sprinkler,76.29,14.39,8.5
potato,120,75,81,5.14,31.83,442.93,80.47,50.6,Loamy,0.79,6.63,3.98,Central,398,Kharif,Canal,257.34,20.1,23.67
sugarcane,127,30,62,7.78,14.01,308.88,44.44,60.02,Clay,0.99,4.36,11.99,West,1674,Kharif,Drip,334.96,2.94,73.87
cotton,149,73,87,5.79,32.99,2567.62,86.88,32.79,Sandy,1.39,6.37,8.61,South,2088,Kharif,Rainfed,330.63,21.51,9.86
potato,75,20,143,6.17,12.97,1721.06,45.69,43.61,Clay,0.51,9.35,11.03,South,1085,Kharif,Rainfed,294.3,15.15,27.58
rice,67,70,128,7.53,36.69,746.68,58.83,53.33,Loamy,1.13,10.23,15.28,South,802,Zaid,Sprinkler,106.46,1.98,8.07
wheat,171,22,47,6.97,25.14,2061.47,42.68,59.91,Sandy,0.32,4.87,10.67,West,1450,Zaid,Sprinkler,304.76,13.25,11.6
potato,129,41,113,5.85,14.24,2068.39,56.06,58.59,Silt,1.33,8.56,10.11,North,951,Rabi,Canal,60.84,22.18,23.84
wheat,101,85,137,5.57,12.66,2587.08,68.99,38.28,Clay,1.36,10.49,3.44,Central,630,Rabi,Sprinkler,325.74,22.85,11.83
sugarcane,64,41,110,8.06,23.2,2217.38,59.51,60.34,Silt,0.79,6.1,8.86,East,638,Zaid,Canal,264.15,15.87,75.24
potato,176,60,103,5.1,10.16,2396.78,44.91,37.2,Silt,0.53,10.14,11.67,East,437,Rabi,Drip,110.76,13.12,25.43
potato,59,55,52,4.81,38.84,2388.45,53.22,60.14,Sandy,1.35,5.1,13.01,North,2191,Rabi,Canal,223.62,12.62,26.85
potato,107,93,44,7.09,15.12,1034.18,65.67,53.85,Silt,1.48,10.03,2.39,South,588,Zaid,Sprinkler,241.82,4.14,25.62
sugarcane,113,39,38,6.89,22.59,1604.67,83.87,26.08,Silt,0.4,6.99,12.64,East,818,Kharif,Canal,137.76,4.54,74.55
sugarcane,142,32,125,7.31,28.2,388.36,55.42,61.48,Clay,1.05,9.78,4.33,West,1172,Kharif,Rainfed,306.84,17.61,74.79
wheat,54,26,52,7.29,30.24,406.9,64.49,27.12,Sandy,1.52,5.47,12.24,South,401,Zaid,Canal,208.7,17.47,6.48
cotton,117,65,86,7.74,26.94,2503.05,84.65,60.42,Loamy,1.14,4.48,5.75,West,274,Zaid,Rainfed,223.68,0.04,10.55
wheat,43,53,61,7.94,15.36,427.7,80.46,45.76,Loamy,1.37,8.17,11.04,Central,1863,Rabi,Rainfed,316.97,8.74,7.36
sugarcane,131,24,114,7.44,24.15,1672.28,41.12,48.37,Sandy,0.6,5.86,3.64,South,117,Zaid,Canal,249.85,18.1,76.04
potato,179,88,66,5.59,19.68,2621.62,51.7,20.47,Silt,0.43,9.65,17.32,West,1482,Rabi,Rainfed,231.1,3.48,25.9
wheat,112,91,54,6.38,12.68,813.69,77.32,18.29,Clay,0.79,9.77,12.91,North,91,Zaid,Drip,96.52,18.67,5.72
cotton,139,68,136,6.98,21.63,1406.73,73.86,63.42,Silt,0.81,9.06,5.33,North,1330,Rabi,Canal,217.08,9.18,10.68
rice,160,43,95,6.63,28.26,1919.08,76.03,31.85,Loamy,1.32,7.48,15.14,East,165,Rabi,Drip,325.04,23.5,12.33
wheat,48,55,147,5.34,13.06,1704.59,39.57,57.22,Clay,0.83,10.46,17.27,Central,1441,Rabi,Rainfed,235.89,23.27,9.9
cotton,57,23,74,6.8,14.95,1209.07,57.61,50.22,Sandy,0.61,8.1,10.23,South,1047,Zaid,Sprinkler,142.54,4.87,7.25
sugarcane,100,77,117,7.81,12.59,2269.08,71.71,45.21,Silt,1.45,5.26,6.93,Central,167,Rabi,Sprinkler,300.38,20.34,76.06
sugarcane,92,91,127,6.22,10.03,1323.58,54.35,49.26,Silt,1.32,8.07,4.21,Central,1729,Kharif,Sprinkler,185.96,8.47,76.91
potato,102,51,68,7.07,38.09,1265.23,63.87,19.47,Clay,1.17,8.03,11.5,Central,1236,Zaid,Sprinkler,82.96,9.26,22.72
rice,153,28,132,6.89,35.15,353.98,75.58,35.62,Silt,0.57,8.48,5.24,South,1625,Zaid,Canal,200.13,21.39,7.77
potato,148,87,89,6.08,16.95,2461.42,60.22,45.35,Sandy,0.57,4.7,16.08,Central,1608,Rabi,Canal,280.84,12.88,26.59
rice,150,86,105,6.72,27.33,2798.49,66.61,58.38,Clay,0.94,8.82,5.63,East,1959,Zaid,Rainfed,326.37,17.96,12.65
cotton,48,53,58,5.51,34.05,2158.21,50.59,50.73,Sandy,0.99,6.82,2.8,North,1971,Rabi,Sprinkler,252.71,7.99,10.1
sugarcane,171,54,29,6.66,21.0,2727.47,51.9,27.64,Sandy,0.63,8.27,17.81,South,509,Zaid,Canal,303.23,19.5,78.2
maize,149,68,22,7.52,32.17,1538.75,41.26,64.25,Sandy,0.46,10.45,7.6,East,1840,Kharif,Canal,277.42,18.27,13.16
potato,90,17,65,7.38,36.06,1754.05,89.51,47.15,Sandy,0.77,6.37,12.15,East,812,Kharif,Sprinkler,112.83,23.91,23.95
rice,59,69,86,6.02,24.96,2511.58,66.42,40.07,Silt,0.86,7.86,5.52,West,113,Rabi,Canal,345.41,4.72,11.07
potato,38,47,116,5.18,36.64,1609.92,41.67,54.07,Clay,0.37,9.39,5.25,East,2175,Zaid,Drip,76.37,6.04,23.44
sugarcane,93,85,38,7.52,16.3,478.7,39.86,45.14,Silt,1.03,4.85,8.32,Central,1958,Rabi,Rainfed,139.44,24.86,73.2
potato,149,33,81,5.7,37.04,2146.02,43.71,50.5,Loamy,0.3,6.48,15.41,North,652,Zaid,Rainfed,281.39,15.9,25.88
potato,81,48,117,4.98,34.16,647.51,73.07,45.86,Sandy,0.5,4.95,10.58,Central,196,Kharif,Canal,98.86,3.37,22.9
maize,118,92,76,6.31,35.2,1157.48,59.93,23.94,Sandy,0.49,9.88,9.92,Central,1535,Kharif,Rainfed,224.72,18.4,9.93
sugarcane,171,64,114,7.31,10.13,2411.14,62.13,42.17,Loamy,1.19,9.4,7.55,East,914,Zaid,Sprinkler,242.89,4.2,76.86
cotton,82,61,126,7.55,29.91,994.12,71.76,29.16,Loamy,0.93,6.22,5.21,South,1038,Kharif,Canal,259.37,12.66,6.57
sugarcane,107,60,107,8.14,22.02,2636.33,73.74,43.51,Sandy,1.39,4.21,13.94,South,82,Kharif,Sprinkler,106.59,23.79,74.43
wheat,70,70,134,5.44,28.14,2338.05,74.8,21.28,Silt,0.64,6.87,1.27,North,1372,Rabi,Canal,120.16,12.86,8.49
maize,97,71,138,5.8,12.51,2720.42,34.79,26.6,Silt,0.57,4.12,16.94,West,155,Rabi,Drip,95.95,15.01,9.5
potato,37,97,71,6.87,17.09,562.13,79.94,55.44,Sandy,1.34,6.05,14.09,Central,1229,Zaid,Drip,109.66,10.71,23.69
maize,31,65,60,7.56,20.54,1036.75,40.46,35.26,Clay,0.88,5.47,6.43,South,1457,Kharif,Drip,301.58,20.25,8.51
potato,134,68,67,5.6,31.55,2277.95,68.09,48.69,Loamy,0.66,5.63,15.24,East,1101,Zaid,Sprinkler,92.98,4.8,24.53
sugarcane,154,95,110,6.19,26.59,1983.61,43.53,39.89,Silt,0.84,8.83,6.78,Central,530,Rabi,Canal,176.42,12.9,78.24
sugarcane,139,42,58,6.19,10.44,2209.69,79.57,32.03,Clay,0.85,8.96,6.4,Central,1827,Kharif,Sprinkler,64.47,8.79,74.71
potato,115,33,32,7.43,20.04,2481.08,75.91,39.76,Sandy,1.04,8.94,6.23,West,676,Rabi,Rainfed,281.43,21.33,25.92
maize,149,41,115,5.62,38.2,980.62,40.51,55.69,Sandy,0.35,9.74,7.83,Central,339,Zaid,Drip,337.59,11.41,13.12
sugarcane,156,62,128,8.09,15.4,2730.94,63.02,29.08,Silt,0.62,9.55,15.06,West,663,Rabi,Sprinkler,146.81,5.7,74.02
maize,45,33,123,6.54,17.1,2198.7,73.3,36.07,Silt,0.91,8.39,5.42,South,1697,Rabi,Drip,148.42,22.32,9.19
potato,91,65,117,5.76,19.22,2669.59,40.15,25.13,Sandy,1.0,5.59,11.53,South,1339,Rabi,Rainfed,226.44,13.58,26.94
maize,142,21,62,5.77,18.04,572.32,38.78,32.56,Silt,0.51,6.48,3.81,Central,63,Zaid,Drip,98.03,20.97,8.21
cotton,41,43,107,4.86,13.65,1694.7,52.55,59.26,Silt,0.55,6.88,17.81,Central,567,Rabi,Drip,234.59,9.57,7.6
maize,64,57,112,7.15,19.38,2340.99,85.12,54.29,Silt,1.25,8.95,4.79,West,1659,Kharif,Rainfed,219.58,23.96,11.17
sugarcane,40,83,145,7.44,26.18,523.09,34.07,33.68,Sandy,1.32,7.75,15.15,East,784,Zaid,Rainfed,175.78,17.16,72.43
sugarcane,93,72,128,4.91,30.26,1513.54,51.53,21.62,Loamy,0.4,9.2,4.99,Central,1321,Kharif,Rainfed,263.25,23.88,75.46
sugarcane,79,22,66,6.79,29.29,2294.22,78.38,36.0,Clay,1.59,5.11,8.61,West,1023,Rabi,Canal,217.65,6.82,75.18
sugarcane,178,56,111,7.46,14.88,423.5,50.65,53.59,Loamy,0.86,5.63,5.42,North,1961,Kharif,Canal,304.75,15.01,75.12
maize,98,90,60,6.08,28.44,2093.9,33.31,17.19,Sandy,1.06,4.4,13.56,West,1909,Rabi,Drip,270.83,4.42,11.04
potato,77,56,22,6.27,20.75,2721.08,67.96,52.27,Clay,1.07,8.1,12.27,Central,1896,Rabi,Rainfed,228.31,1.28,28.53
maize,49,27,140,6.03,34.66,440.41,87.47,49.0,Sandy,0.75,10.76,3.0,Central,333,Kharif,Drip,152.01,3.68,8.93
wheat,130,40,96,5.87,20.87,2594.83,64.78,18.23,Loamy,1.01,7.8,14.63,North,454,Kharif,Rainfed,68.34,18.43,6.39
wheat,166,32,114,6.47,39.3,1347.96,78.87,46.78,Sandy,1.06,5.54,16.28,South,1694,Kharif,Rainfed,167.69,21.62,9.02
rice,97,56,32,5.36,28.44,360.53,30.85,29.93,Silt,1.29,8.31,2.12,South,1283,Kharif,Rainfed,284.18,1.56,9.65
wheat,64,65,124,6.3,22.87,1170.32,69.63,23.86,Silt,1.16,8.76,2.66,North,2167,Zaid,Rainfed,318.48,9.04,9.61
sugarcane,94,98,37,8.0,25.09,1060.1,39.06,34.24,Loamy,0.88,8.04,2.02,Central,536,Kharif,Drip,306.79,13.1,73.86
rice,37,30,56,4.89,15.28,922.39,71.91,25.27,Silt,0.55,6.6,5.41,West,413,Zaid,Sprinkler,167.16,11.41,7.6
wheat,74,17,74,5.36,30.4,2371.7,64.21,56.23,Loamy,0.33,9.81,16.94,East,1217,Zaid,Drip,68.66,1.56,9.28
sugarcane,116,93,71,7.44,38.89,1430.9,43.3,52.1,Sandy,1.15,7.44,4.22,North,942,Zaid,Rainfed,331.87,6.95,75.14
rice,105,59,55,5.25,25.45,1070.29,65.1,64.04,Sandy,0.92,10.92,17.34,North,2129,Zaid,Canal,258.26,11.44,10.85
wheat,105,36,133,5.72,39.77,1075.27,70.57,41.7,Loamy,1.56,5.7,6.15,West,243,Kharif,Drip,199.07,0.69,9.65
sugarcane,76,37,71,6.35,14.51,2780.27,84.13,19.46,Clay,0.43,5.56,14.17,East,363,Kharif,Sprinkler,285.74,14.05,75.88
cotton,44,73,38,8.01,29.13,1847.05,83.33,33.39,Loamy,0.39,4.53,11.07,East,983,Rabi,Canal,85.94,18.42,5.42
cotton,134,76,111,5.42,30.34,403.99,86.19,56.93,Clay,0.54,6.79,4.77,Central,1999,Kharif,Rainfed,85.22,5.1,5.79
maize,176,82,67,7.94,19.35,2519.8,80.47,34.84,Loamy,0.79,5.74,15.67,North,1694,Kharif,Sprinkler,265.09,12.01,10.88
maize,55,68,120,7.24,20.55,2116.71,62.45,37.78,Sandy,0.53,9.83,1.75,West,747,Zaid,Sprinkler,79.61,10.79,9.0
rice,81,71,118,7.08,38.36,829.31,80.95,35.6,Silt,0.9,7.64,1.18,South,490,Rabi,Sprinkler,74.24,8.25,6.65
sugarcane,122,37,66,7.26,28.36,583.91,73.33,26.77,Loamy,0.74,4.42,8.4,South,34,Kharif,Rainfed,268.88,17.75,75.03
maize,179,74,86,4.91,33.45,1242.92,74.28,18.66,Clay,1.6,6.5,8.13,South,847,Zaid,Sprinkler,275.01,19.09,10.92
potato,50,87,50,5.14,31.78,819.88,39.27,24.03,Silt,1.56,8.87,12.2,West,1494,Kharif,Rainfed,179.71,6.48,22.62
wheat,80,99,95,5.94,28.33,2054.57,40.78,33.2,Clay,0.77,7.4,1.53,South,589,Rabi,Canal,173.57,24.75,9.93
potato,67,69,27,5.05,11.44,735.77,40.82,27.27,Clay,1.33,6.46,12.6,Central,1586,Kharif,Rainfed,188.19,11.94,23.63
rice,49,94,63,8.16,29.88,1609.36,42.55,43.64,Clay,0.61,5.09,10.27,East,1824,Kharif,Rainfed,167.01,24.06,6.99
maize,161,77,54,6.77,20.35,1892.74,55.08,45.7,Clay,0.38,8.66,6.56,South,617,Kharif,Canal,189.38,2.19,9.15
sugarcane,84,70,33,6.46,24.07,1972.63,48.92,43.5,Loamy,0.35,5.24,9.1,West,2121,Kharif,Sprinkler,113.81,20.92,75.29
potato,121,69,129,7.47,35.54,2214.37,32.95,19.25,Silt,0.34,10.09,2.12,West,1738,Kharif,Sprinkler,229.36,14.53,24.91
wheat,57,39,23,8.12,39.06,1557.29,73.44,48.34,Silt,1.26,10.93,8.55,South,219,Rabi,Canal,209.94,23.89,6.06
potato,33,40,131,8.05,30.83,827.75,54.19,34.23,Silt,0.74,7.87,10.29,East,1219,Zaid,Canal,253.0,16.21,23.5
wheat,179,63,88,7.5,16.96,1148.76,34.68,58.91,Silt,1.37,4.82,11.94,East,1415,Rabi,Drip,112.95,17.15,8.89
wheat,105,77,68,6.08,19.53,1249.25,77.34,41.28,Sandy,1.44,8.8,1.15,Central,1708,Rabi,Canal,85.78,16.06,9.62
sugarcane,96,59,74,5.02,14.14,2018.55,31.17,19.23,Sandy,0.7,4.93,14.04,Central,1077,Kharif,Canal,293.76,4.16,72.72
cotton,115,87,100,5.13,27.42,1864.6,63.59,15.46,Loamy,0.68,10.31,6.11,South,1386,Kharif,Sprinkler,322.19,15.25,6.01
wheat,120,93,134,4.8,37.9,1537.56,75.43,50.13,Silt,0.7,8.1,7.1,Central,1055,Kharif,Canal,109.9,10.11,6.8
cotton,134,53,94,4.81,34.33,1483.43,52.36,35.03,Sandy,0.92,9.6,13.74,South,98,Kharif,Sprinkler,180.65,18.07,6.62
potato,30,79,117,7.98,26.31,450.4,64.44,29.4,Silt,0.32,8.37,17.72,Central,544,Kharif,Sprinkler,270.31,8.54,24.24
rice,101,83,146,7.95,38.24,2024.13,33.04,37.36,Loamy,0.31,7.68,10.26,Central,292,Kharif,Drip,212.09,18.78,8.24
wheat,116,70,130,7.07,36.9,2310.32,44.22,18.62,Clay,1.26,7.68,2.81,West,284,Kharif,Rainfed,224.4,23.99,11.29
sugarcane,35,23,120,7.27,20.83,2521.4,69.82,34.6,Loamy,1.35,9.18,11.76,North,890,Rabi,Canal,159.21,2.96,76.32
potato,174,84,133,6.54,26.49,351.08,77.42,30.73,Sandy,0.57,10.32,18.0,South,887,Kharif,Rainfed,94.79,13.38,21.38
sugarcane,90,42,48,5.61,18.88,2487.03,36.86,55.01,Sandy,1.07,5.53,1.05,South,584,Kharif,Drip,338.55,16.25,77.71
wheat,41,59,81,7.91,10.26,2490.06,87.97,23.74,Sandy,0.58,4.8,1.87,South,1971,Rabi,Sprinkler,275.59,10.25,8.98
maize,35,40,72,5.74,23.54,1957.78,53.67,52.82,Loamy,1.25,4.39,8.55,West,587,Zaid,Drip,153.07,20.21,9.64
maize,56,42,136,7.31,32.5,996.35,85.48,40.02,Loamy,0.85,10.07,1.24,Central,94,Zaid,Drip,267.28,22.04,12.03
cotton,165,54,110,5.63,29.03,2531.21,62.38,19.09,Loamy,1.37,4.86,6.59,South,224,Kharif,Rainfed,173.32,13.42,9.32
wheat,153,29,125,7.76,37.8,1168.76,68.64,63.48,Silt,1.53,8.4,4.63,South,480,Zaid,Rainfed,116.56,11.24,7.94
cotton,135,20,105,7.01,30.57,1752.59,40.56,51.71,Sandy,1.02,6.19,11.17,Central,1559,Rabi,Sprinkler,256.59,18.34,8.01
potato,122,41,147,6.99,14.24,1402.38,83.08,28.0,Loamy,1.47,7.94,4.7,East,1658,Kharif,Canal,179.05,2.99,26.17
wheat,138,52,119,5.13,18.0,2514.87,35.25,44.09,Loamy,0.34,4.59,6.06,South,1749,Kharif,Rainfed,93.39,15.07,9.53
cotton,128,82,113,6.23,13.76,945.16,89.25,60.0,Silt,0.9,8.06,16.93,South,139,Rabi,Drip,156.82,6.2,7.58
rice,171,89,95,6.58,33.84,1127.87,53.52,61.54,Sandy,0.95,10.15,12.08,North,387,Kharif,Canal,173.37,23.87,10.55
potato,64,99,22,5.8,38.52,1319.77,39.86,51.56,Clay,0.84,5.86,14.22,South,1445,Rabi,Rainfed,172.25,14.67,23.58
sugarcane,113,78,100,7.8,16.79,2436.96,66.34,51.38,Clay,0.71,6.25,10.1,West,1020,Kharif,Rainfed,225.81,22.16,76.58
maize,85,44,124,7.65,32.97,1095.48,81.94,28.87,Sandy,1.24,5.53,2.84,East,935,Zaid,Sprinkler,186.69,7.24,7.75
maize,170,96,51,6.48,23.11,1021.59,53.83,64.49,Silt,1.02,4.91,8.54,East,1357,Zaid,Sprinkler,274.71,12.89,11.33
rice,78,17,27,5.96,20.66,2290.18,30.52,27.17,Sandy,0.41,4.51,4.6,Central,1437,Kharif,Canal,240.68,5.51,10.84
sugarcane,75,76,106,7.53,39.61,1269.19,82.34,19.47,Clay,1.54,8.69,5.47,South,1603,Rabi,Canal,212.05,19.51,74.58
maize,142,26,49,5.47,20.38,1962.28,64.88,63.87,Loamy,1.45,6.43,15.31,East,307,Zaid,Rainfed,280.99,11.89,11.46
rice,165,44,93,5.04,29.83,2488.98,35.57,22.64,Sandy,0.76,7.21,16.2,West,748,Kharif,Canal,330.14,3.56,11.08
maize,72,99,142,4.96,31.38,863.91,84.36,41.08,Clay,0.62,6.25,4.8,North,925,Kharif,Canal,125.1,4.37,7.24
potato,177,52,140,4.93,33.19,1460.85,76.39,38.41,Loamy,1.12,9.21,8.53,North,1785,Zaid,Rainfed,289.35,19.44,27.79
maize,153,99,57,6.46,35.86,1517.4,61.96,57.41,Sandy,0.36,8.78,17.47,North,220,Zaid,Canal,184.93,2.22,10.64
wheat,126,74,134,5.67,26.99,1720.7,56.81,34.83,Silt,0.94,8.66,11.41,East,2170,Kharif,Sprinkler,224.41,11.97,9.57
rice,119,52,128,7.15,28.13,2596.18,72.35,40.11,Clay,1.17,9.36,14.73,West,1713,Rabi,Drip,298.24,6.53,12.09
potato,68,29,97,7.02,31.33,2751.51,51.73,17.19,Loamy,0.83,8.08,10.18,North,195,Kharif,Rainfed,221.16,23.11,25.49
potato,114,32,55,6.64,14.47,2302.83,69.29,25.39,Loamy,1.56,4.68,9.29,East,973,Rabi,Drip,112.86,5.84,24.41
sugarcane,91,66,109,6.0,16.0,374.8,39.05,56.65,Silt,1.23,6.96,13.32,West,900,Zaid,Sprinkler,343.49,4.2,75.93
sugarcane,135,43,59,7.69,32.93,592.61,38.55,38.92,Clay,1.51,6.22,6.43,Central,97,Zaid,Drip,303.87,11.27,74.58
maize,136,74,93,7.21,14.05,594.16,48.66,26.55,Loamy,1.48,6.4,11.92,East,902,Zaid,Sprinkler,90.48,16.81,8.05
wheat,83,35,65,5.72,30.65,1629.03,83.15,33.45,Silt,0.47,5.37,9.81,East,1352,Rabi,Drip,109.62,17.25,8.65
rice,155,31,126,6.51,10.97,407.86,81.02,29.25,Clay,1.17,5.13,13.35,North,1218,Kharif,Drip,162.15,16.15,7.91
sugarcane,38,32,119,5.33,20.13,1579.27,59.53,42.81,Silt,1.08,7.26,3.34,Central,72,Zaid,Sprinkler,197.22,8.0,74.74
cotton,117,71,80,5.92,29.87,2179.56,65.13,17.57,Silt,0.37,10.8,12.48,North,2109,Zaid,Drip,107.07,0.65,5.75
cotton,66,51,22,8.19,31.2,1054.82,67.66,26.25,Silt,0.71,4.16,11.85,South,1269,Rabi,Rainfed,190.15,16.44,4.72
rice,78,74,101,5.56,28.9,1473.55,52.39,32.75,Silt,0.99,5.98,16.36,Central,1314,Zaid,Rainfed,189.55,22.52,6.02
wheat,70,52,26,7.17,23.25,541.45,72.08,61.41,Clay,1.01,10.76,7.39,West,1689,Kharif,Drip,134.43,7.94,7.9
cotton,46,26,50,5.61,17.64,472.19,66.49,46.16,Silt,1.36,6.5,15.52,West,1490,Zaid,Canal,102.79,3.79,5.01
cotton,117,89,84,7.99,28.4,1634.47,51.26,40.21,Silt,1.06,8.58,1.59,South,2068,Kharif,Canal,106.41,7.53,6.06
maize,50,98,114,5.85,15.55,330.39,47.03,24.54,Loamy,0.91,5.87,5.8,East,226,Rabi,Canal,301.0,13.88,11.28
cotton,80,87,83,5.98,11.81,2058.61,88.85,42.89,Clay,1.28,7.79,2.59,East,679,Zaid,Rainfed,290.64,19.2,9.81
maize,88,15,96,6.82,10.59,654.8,47.06,61.45,Clay,1.04,5.21,5.26,Central,1907,Rabi,Rainfed,65.71,17.02,8.7
wheat,70,72,22,6.8,18.03,2535.71,40.44,43.32,Silt,1.45,7.77,6.74,North,529,Zaid,Drip,122.96,14.12,6.83
rice,68,17,112,6.77,10.9,2425.67,80.08,23.24,Silt,1.48,7.35,11.53,North,825,Rabi,Rainfed,68.14,21.94,7.51
cotton,170,77,54,6.75,17.48,866.49,78.65,64.86,Sandy,1.09,9.84,2.09,North,1555,Rabi,Rainfed,99.79,19.21,8.44
cotton,40,35,34,5.86,18.68,887.64,44.33,39.94,Silt,1.03,9.63,4.57,West,1314,Rabi,Rainfed,82.48,5.0,4.04
cotton,176,37,40,6.28,20.35,391.82,80.92,30.98,Clay,1.21,5.28,13.35,South,1471,Rabi,Canal,281.08,18.36,7.99
rice,168,23,81,6.82,31.4,2758.97,84.7,40.17,Loamy,1.24,10.58,12.69,North,1460,Zaid,Sprinkler,163.27,6.51,10.07
potato,106,97,102,7.08,23.24,438.23,49.9,28.18,Clay,1.25,6.73,10.81,Central,946,Kharif,Canal,263.22,24.66,24.08
rice,156,69,23,5.66,39.56,1499.08,49.71,16.52,Loamy,1.11,4.35,12.98,South,947,Zaid,Sprinkler,216.11,7.07,8.73
cotton,75,33,86,7.19,38.42,2423.07,37.86,59.48,Silt,1.29,4.54,13.27,East,1160,Kharif,Rainfed,131.27,1.75,7.63
maize,74,76,113,7.94,39.45,700.55,66.65,36.44,Sandy,0.49,6.93,4.55,Central,520,Zaid,Canal,204.19,15.88,9.24
sugarcane,30,53,77,7.38,22.37,2227.67,71.64,52.64,Loamy,1.37,10.21,10.04,North,526,Kharif,Sprinkler,127.26,15.64,75.27
rice,137,90,149,5.09,11.33,721.98,34.4,63.56,Clay,0.7,5.09,13.19,South,413,Rabi,Sprinkler,159.58,18.99,9.06
sugarcane,48,41,44,6.4,35.81,1061.55,42.53,46.63,Silt,1.45,7.36,12.37,South,1460,Zaid,Drip,315.47,20.21,75.72
sugarcane,105,60,30,6.28,23.05,939.04,46.23,49.58,Loamy,0.47,7.77,8.98,East,611,Rabi,Sprinkler,296.5,24.33,74.84
maize,101,48,20,5.94,29.23,417.66,56.76,62.16,Sandy,0.3,10.24,8.3,South,2198,Zaid,Drip,187.01,19.08,9.5
sugarcane,138,47,67,6.47,35.3,607.32,79.42,40.83,Sandy,0.32,4.09,5.32,East,594,Zaid,Canal,108.61,21.34,73.5
maize,41,64,132,6.29,28.22,1988.37,43.45,30.99,Sandy,0.57,10.23,7.56,West,1373,Kharif,Sprinkler,106.2,23.42,9.4
potato,74,34,100,4.82,32.11,515.2,78.46,61.07,Silt,0.45,5.89,12.25,North,1550,Rabi,Sprinkler,248.67,6.44,24.89
maize,119,54,49,5.6,17.46,2738.98,83.39,18.45,Loamy,1.02,10.1,7.75,Central,1841,Zaid,Drip,203.45,4.65,9.84
sugarcane,132,72,133,5.53,15.85,952.23,42.03,25.73,Loamy,0.88,6.97,10.74,East,1705,Zaid,Rainfed,214.93,13.74,76.19
cotton,37,45,38,5.99,26.66,574.07,89.57,32.06,Silt,1.09,6.29,17.05,Central,1822,Rabi,Sprinkler,81.96,9.06,6.18
wheat,120,52,129,5.39,29.14,1230.93,61.01,54.11,Loamy,0.55,10.93,1.8,East,1932,Kharif,Canal,170.02,1.02,10.23
maize,116,59,53,5.03,36.15,990.19,63.11,60.2,Silt,1.28,9.48,13.83,Central,1688,Rabi,Canal,167.52,20.41,9.57
wheat,113,55,51,5.47,34.64,496.13,66.96,37.59,Sandy,1.09,7.4,13.37,East,1529,Zaid,Drip,138.05,5.61,6.58
cotton,111,23,95,7.7,39.67,1941.52,78.17,29.31,Loamy,0.59,6.62,9.58,North,1939,Rabi,Sprinkler,279.09,11.27,6.99
cotton,175,23,145,7.51,38.99,2244.23,69.2,32.66,Sandy,0.82,6.24,3.49,South,1311,Kharif,Sprinkler,98.84,19.32,5.18
wheat,97,77,105,6.3,28.71,305.3,74.09,47.83,Silt,1.23,8.84,7.06,South,1387,Kharif,Canal,288.63,14.54,9.03
cotton,156,93,94,7.78,25.1,1729.7,56.38,22.9,Sandy,1.18,6.92,6.27,South,2051,Kharif,Sprinkler,85.13,24.49,6.21
sugarcane,111,91,64,5.59,32.82,1913.94,65.4,42.37,Clay,1.03,8.55,13.11,East,1218,Kharif,Rainfed,105.17,20.93,73.28
cotton,176,36,84,6.79,17.84,2758.38,44.83,44.42,Silt,1.57,6.91,9.55,East,831,Rabi,Rainfed,212.59,20.9,8.63
wheat,113,30,113,5.29,20.57,1950.71,51.79,50.39,Clay,0.47,6.6,6.97,East,1654,Zaid,Drip,227.54,19.93,8.96
sugarcane,142,46,38,7.63,33.01,1047.01,67.89,45.19,Silt,0.93,6.32,11.91,West,877,Zaid,Rainfed,340.59,18.72,75.33
wheat,105,80,138,5.24,38.5,1973.82,32.46,19.85,Sandy,1.11,10.43,5.37,West,1514,Rabi,Drip,235.75,14.56,8.16
wheat,151,28,66,4.91,36.86,992.16,64.72,49.44,Sandy,1.59,9.36,11.9,West,1784,Kharif,Drip,223.53,19.35,9.74
maize,172,52,65,5.73,12.19,648.96,63.04,16.09,Sandy,1.01,8.59,17.58,West,1251,Rabi,Drip,114.52,15.16,7.45
cotton,70,22,48,7.86,16.96,2153.6,41.2,34.52,Clay,0.88,8.66,4.51,Central,1092,Zaid,Drip,84.89,10.77,6.03
potato,31,35,119,5.24,18.2,1509.69,86.01,35.85,Sandy,1.5,5.28,2.66,Central,311,Rabi,Sprinkler,289.16,13.18,27.12
rice,58,70,84,5.92,21.5,2679.67,35.02,20.83,Clay,0.96,10.55,16.79,North,331,Rabi,Rainfed,284.35,13.6,10.69
cotton,134,60,147,5.88,12.12,455.53,33.09,15.49,Clay,1.52,4.74,7.1,West,1778,Kharif,Sprinkler,182.85,24.63,6.68
rice,80,57,70,7.53,16.93,1498.6,81.67,18.56,Loamy,1.28,5.57,12.32,Central,1536,Zaid,Canal,82.62,12.14,8.49
potato,104,60,41,6.23,31.48,927.39,80.42,37.31,Loamy,0.52,4.17,6.92,East,2097,Kharif,Sprinkler,199.47,19.22,26.73
potato,39,62,129,6.88,17.33,1562.41,53.77,27.02,Loamy,0.52,6.58,15.1,East,1463,Zaid,Sprinkler,176.28,14.87,25.82
rice,171,84,90,6.17,38.28,406.37,88.52,18.45,Silt,0.71,6.15,9.33,West,330,Rabi,Canal,273.23,11.8,7.58
cotton,80,98,52,6.67,22.69,401.14,88.53,27.82,Clay,0.39,9.89,6.31,South,1047,Kharif,Rainfed,226.43,22.1,5.26
cotton,147,45,146,5.01,12.99,1640.37,37.5,41.44,Sandy,1.01,8.67,14.9,West,1563,Rabi,Rainfed,100.94,16.5,7.52
rice,150,47,128,6.07,35.28,1183.0,58.77,52.11,Loamy,1.42,9.55,5.41,West,1514,Kharif,Canal,111.64,21.09,8.04
rice,68,58,119,7.71,37.47,357.39,33.2,35.6,Silt,0.82,5.04,13.34,South,606,Zaid,Canal,103.05,22.85,5.97
potato,57,85,63,7.15,37.84,1821.74,51.47,45.66,Clay,1.14,8.0,6.57,South,1605,Kharif,Canal,157.24,17.48,25.27
potato,32,22,26,8.14,24.82,1409.84,34.3,44.84,Silt,1.58,7.43,8.6,South,1179,Kharif,Canal,141.18,5.0,25.56
potato,113,87,147,7.48,37.62,2742.46,39.65,59.82,Sandy,0.55,6.98,11.65,North,1890,Zaid,Sprinkler,135.01,21.39,28.52
rice,146,16,110,6.34,31.28,2381.21,83.56,23.97,Loamy,0.77,10.95,12.12,South,487,Rabi,Drip,190.2,2.37,9.33
cotton,31,31,149,7.1,15.87,2125.41,80.66,38.82,Clay,0.33,7.13,8.95,Central,98,Rabi,Sprinkler,300.59,3.05,7.8
cotton,122,66,36,7.44,26.0,1498.11,81.48,46.59,Silt,0.6,4.75,3.45,North,1381,Rabi,Sprinkler,150.86,10.81,8.79
wheat,160,59,84,5.72,22.99,1512.22,31.96,40.99,Loamy,1.31,4.23,13.8,West,1517,Rabi,Rainfed,145.22,1.28,9.78
rice,173,51,129,5.0,23.53,2650.13,64.15,37.52,Loamy,1.15,9.59,16.05,South,534,Zaid,Rainfed,194.97,1.21,8.37
cotton,123,56,49,6.18,22.4,2129.04,76.44,63.67,Clay,1.32,4.07,16.58,Central,556,Rabi,Canal,151.0,24.8,7.68
sugarcane,69,58,111,5.29,15.26,525.53,71.5,62.1,Loamy,0.85,10.43,2.68,South,1799,Kharif,Canal,237.0,17.59,74.3
wheat,31,95,94,5.74,21.7,1389.59,60.04,45.57,Silt,1.26,5.46,13.21,South,634,Kharif,Rainfed,79.62,19.47,7.88
wheat,110,52,124,8.02,25.36,1345.3,37.3,36.98,Clay,1.08,10.17,4.54,North,1653,Rabi,Drip,126.14,21.67,9.74
potato,41,20,50,7.68,18.57,581.02,76.44,52.77,Clay,0.73,9.56,2.74,Central,619,Kharif,Sprinkler,277.79,0.97,24.03
maize,94,82,116,6.81,15.31,2413.92,83.39,40.65,Loamy,0.84,5.47,2.21,Central,647,Rabi,Canal,311.21,10.65,11.67
potato,84,65,70,6.16,15.95,1003.84,46.1,64.78,Sandy,1.0,9.85,1.07,West,1986,Rabi,Sprinkler,181.85,21.32,25.75
wheat,74,49,77,5.7,15.79,1234.3,62.38,49.3,Sandy,1.54,6.25,16.68,West,984,Kharif,Drip,128.96,18.86,8.74
maize,130,72,53,6.74,23.4,2749.28,59.42,18.41,Sandy,1.51,5.46,11.29,Central,987,Kharif,Sprinkler,162.47,3.06,9.93
wheat,91,71,40,6.61,16.27,2005.15,73.99,35.1,Silt,1.58,5.5,11.26,East,1611,Kharif,Drip,298.95,23.46,11.06
sugarcane,78,87,56,7.45,31.52,2314.65,85.56,51.51,Clay,0.32,10.12,14.79,North,433,Kharif,Canal,239.71,20.87,75.59
cotton,156,20,83,7.96,20.07,563.16,57.19,57.12,Loamy,1.23,4.1,15.65,North,969,Kharif,Rainfed,152.82,9.99,5.12
potato,52,27,143,5.92,38.18,1650.03,57.75,55.67,Sandy,1.46,9.18,1.08,West,66,Rabi,Canal,285.02,23.38,26.55
potato,67,73,120,5.5,11.88,2088.9,43.57,63.86,Loamy,1.26,9.62,13.83,Central,705,Kharif,Sprinkler,181.04,20.2,25.07
potato,57,44,138,6.17,19.3,2333.13,40.75,39.46,Sandy,0.84,6.59,7.61,South,872,Zaid,Sprinkler,101.45,3.55,23.59
wheat,50,16,104,6.29,32.15,2512.04,32.32,22.0,Sandy,1.24,8.94,6.57,East,1615,Rabi,Canal,106.11,9.45,9.41
potato,136,72,97,4.94,30.54,524.69,79.05,47.61,Loamy,0.88,10.34,13.66,East,683,Kharif,Sprinkler,345.23,9.66,25.39
wheat,175,50,123,7.73,22.62,2148.19,54.14,18.54,Silt,1.23,7.8,8.31,West,1865,Zaid,Canal,118.72,23.4,7.94
maize,128,86,91,8.19,36.11,545.38,34.39,63.68,Loamy,1.31,8.57,17.77,South,1590,Kharif,Sprinkler,321.49,11.65,11.27
cotton,148,59,122,7.94,12.14,1310.37,63.07,52.93,Loamy,1.4,8.9,15.33,South,1196,Kharif,Canal,289.82,12.73,8.6
rice,102,23,96,7.73,25.27,1415.5,50.12,64.11,Silt,1.25,10.73,4.26,North,1145,Kharif,Canal,163.24,4.07,10.72
sugarcane,151,79,129,8.17,16.01,1016.63,88.29,33.86,Silt,0.51,6.94,9.73,Central,1010,Rabi,Rainfed,163.22,6.63,74.66
rice,59,91,38,7.89,21.22,2458.28,56.87,15.79,Loamy,1.52,7.91,12.97,South,2064,Zaid,Sprinkler,245.82,7.01,10.63
rice,137,64,149,7.14,30.97,1765.9,36.17,41.06,Silt,0.58,7.27,6.66,Central,2091,Rabi,Rainfed,177.46,21.02,12.14
sugarcane,127,93,81,5.37,12.97,651.31,68.29,21.06,Sandy,0.76,6.21,3.85,Central,1149,Rabi,Canal,94.82,10.0,70.34
maize,61,46,122,5.33,11.31,1231.8,77.61,48.98,Silt,0.86,10.6,8.49,West,1473,Rabi,Sprinkler,337.67,9.22,11.71
cotton,108,57,119,4.97,22.62,497.05,64.88,39.88,Loamy,1.23,7.43,3.11,Central,2108,Zaid,Drip,173.77,13.96,7.18
sugarcane,70,92,71,6.2,18.14,1536.45,76.49,52.67,Silt,1.21,10.52,5.01,East,664,Rabi,Rainfed,137.17,6.41,75.64
rice,92,68,68,7.55,31.62,1187.09,47.98,29.55,Clay,1.55,10.94,13.24,East,2037,Kharif,Drip,84.73,1.1,5.9
maize,52,61,119,6.47,11.97,1104.57,61.88,56.46,Silt,0.55,10.0,7.89,South,1456,Zaid,Sprinkler,216.48,13.67,11.44
cotton,133,28,145,6.05,39.0,2407.99,79.62,47.54,Sandy,0.89,5.16,8.46,Central,2082,Kharif,Sprinkler,182.71,9.42,9.89
wheat,104,62,137,5.17,28.62,2424.21,34.51,64.39,Clay,0.56,4.27,11.69,South,198,Kharif,Canal,332.13,11.64,10.27
cotton,77,69,73,4.98,25.04,1998.45,45.57,23.93,Sandy,1.17,7.79,7.48,North,1793,Zaid,Canal,67.05,16.55,5.59
potato,86,43,138,6.16,22.38,2598.25,67.61,17.56,Sandy,0.58,7.77,8.58,Central,1008,Kharif,Rainfed,336.68,21.78,26.37
potato,147,61,117,5.14,32.47,1936.76,60.36,57.55,Clay,1.43,8.23,13.82,North,597,Rabi,Canal,316.53,8.13,25.74
maize,129,77,55,5.15,20.69,1847.51,76.18,31.92,Sandy,1.58,4.4,9.91,East,1708,Kharif,Canal,184.39,21.99,9.82
cotton,153,33,100,6.14,33.31,534.2,40.69,36.56,Clay,0.71,6.03,15.21,South,1900,Kharif,Canal,184.37,15.86,5.39
rice,63,23,104,6.51,31.32,326.1,80.84,61.28,Sandy,1.26,7.48,12.22,North,1407,Zaid,Rainfed,174.5,23.48,8.13
wheat,36,51,102,5.43,26.54,824.68,67.11,37.03,Loamy,0.99,7.6,8.87,Central,1169,Zaid,Canal,149.48,13.92,7.34
potato,85,66,82,7.13,36.66,2266.95,42.2,29.9,Sandy,0.77,10.63,16.49,West,930,Kharif,Drip,266.33,18.87,25.95
cotton,94,71,86,6.22,20.38,2622.99,33.39,17.97,Clay,0.55,10.76,8.08,South,2182,Rabi,Rainfed,266.4,0.96,8.81
cotton,76,42,22,5.11,11.74,874.08,88.92,37.15,Loamy,1.23,10.23,17.26,South,1171,Kharif,Rainfed,133.82,1.45,5.87
rice,177,50,61,6.97,21.29,721.51,56.64,47.75,Loamy,0.51,5.75,16.03,South,2058,Kharif,Canal,179.39,2.16,9.23
potato,48,78,43,6.01,36.26,2388.95,46.05,28.46,Silt,0.66,8.49,6.29,North,778,Kharif,Drip,107.99,21.68,23.07
maize,175,32,63,4.98,12.32,1248.87,40.82,50.89,Silt,1.5,5.92,1.38,South,2010,Zaid,Sprinkler,301.59,4.23,10.68
wheat,155,49,148,8.02,32.89,2744.71,44.65,38.91,Silt,0.96,10.65,5.81,West,1595,Rabi,Drip,136.63,4.87,9.2
wheat,168,82,134,6.74,34.76,2702.05,59.38,57.91,Loamy,1.41,7.54,8.85,North,1459,Rabi,Sprinkler,250.76,1.56,13.01
wheat,78,92,55,6.42,22.84,1135.85,81.17,23.09,Silt,1.3,9.8,16.26,East,66,Kharif,Rainfed,319.24,21.61,6.09
sugarcane,142,53,57,7.72,15.84,1699.6,42.51,52.85,Loamy,0.79,6.75,4.42,South,2092,Rabi,Drip,154.56,2.16,74.79
sugarcane,67,22,101,7.98,20.67,1999.32,52.09,61.63,Silt,0.58,6.67,17.26,East,302,Rabi,Sprinkler,264.18,16.97,76.13
wheat,93,94,48,5.55,21.95,1899.94,77.84,52.07,Sandy,0.43,4.24,17.68,East,793,Rabi,Canal,244.51,8.94,9.45
sugarcane,98,98,60,7.55,37.97,2738.62,69.86,35.3,Silt,1.55,7.22,9.08,South,699,Zaid,Drip,195.35,7.25,74.07
cotton,165,29,107,7.63,18.54,1197.74,31.72,26.52,Clay,0.72,8.51,3.49,East,43,Zaid,Drip,291.69,20.52,8.47
potato,145,21,67,4.98,39.18,2114.77,45.02,19.92,Silt,1.18,4.91,13.9,West,1272,Kharif,Sprinkler,270.59,8.98,23.91
cotton,94,31,133,7.22,13.26,1752.47,37.64,47.12,Loamy,1.25,5.29,6.93,West,1421,Kharif,Rainfed,267.2,0.69,7.77
wheat,60,78,41,5.01,39.22,1601.5,32.48,22.14,Clay,0.56,10.8,6.61,Central,2170,Rabi,Drip,244.66,5.09,8.02
wheat,161,26,118,6.82,16.7,670.9,86.83,56.92,Clay,1.2,9.12,2.7,East,1250,Zaid,Canal,123.64,10.61,6.78
potato,142,96,36,7.08,15.03,2184.04,67.26,63.04,Loamy,0.31,10.36,17.6,West,126,Rabi,Canal,327.11,2.7,27.77
wheat,138,70,105,6.05,13.6,1293.91,62.51,21.79,Clay,0.84,7.33,16.2,Central,568,Rabi,Rainfed,162.64,2.64,8.09
potato,98,60,80,7.79,19.49,623.18,81.6,33.8,Clay,0.76,5.25,6.02,North,774,Zaid,Drip,298.95,5.23,24.66
sugarcane,149,61,108,7.52,28.5,328.53,65.49,61.86,Clay,1.51,5.16,2.09,East,1343,Kharif,Drip,248.11,13.51,75.8
potato,117,93,100,7.95,29.99,671.35,64.66,38.54,Silt,1.58,7.79,9.25,East,1159,Rabi,Canal,151.4,17.71,24.03
wheat,96,30,114,5.87,21.1,2025.98,42.11,41.77,Clay,0.67,9.01,3.98,South,1366,Rabi,Canal,321.75,16.54,12.49
rice,104,83,78,4.87,16.92,2171.89,67.22,52.38,Sandy,1.09,10.41,9.38,Central,966,Kharif,Drip,87.46,0.1,7.52
cotton,74,16,73,7.56,39.85,414.68,70.08,25.53,Sandy,1.27,6.85,14.18,North,1948,Zaid,Canal,233.25,11.2,4.42
cotton,33,68,145,5.56,18.12,686.92,82.88,63.96,Silt,0.55,6.28,7.35,West,370,Rabi,Drip,249.78,10.93,8.81
maize,136,41,67,6.39,21.35,2798.03,55.52,54.04,Silt,1.19,10.54,10.81,Central,1249,Zaid,Canal,268.88,5.6,13.16
potato,80,45,87,7.58,24.43,1334.66,42.24,23.07,Sandy,0.64,7.18,10.34,South,2171,Rabi,Sprinkler,229.12,14.89,23.97
cotton,79,55,126,5.53,32.19,2537.52,64.16,20.55,Clay,0.52,7.64,7.83,Central,1617,Rabi,Canal,114.03,6.44,7.35
cotton,35,50,97,5.86,14.56,1317.01,88.35,61.75,Sandy,1.41,7.14,17.46,East,658,Rabi,Sprinkler,236.84,24.73,9.35
wheat,88,61,96,6.29,17.98,1622.61,34.52,49.25,Loamy,0.95,9.38,6.8,East,1843,Zaid,Drip,268.68,17.37,10.27
maize,154,57,46,5.72,39.91,2489.02,30.21,16.93,Clay,0.69,4.5,1.58,West,1710,Rabi,Sprinkler,306.67,22.92,10.9
rice,172,79,107,6.37,34.75,2774.65,32.15,22.1,Sandy,0.83,9.85,15.38,East,1402,Rabi,Rainfed,275.79,1.47,11.81
potato,59,64,91,4.83,23.32,477.49,79.88,17.39,Sandy,0.84,6.74,16.82,West,1305,Rabi,Drip,80.98,9.52,20.32
potato,151,15,66,5.52,13.26,1880.57,30.07,63.7,Clay,1.3,10.76,9.25,East,1402,Kharif,Drip,228.65,2.07,25.49
rice,154,86,122,7.63,36.0,1471.16,43.29,39.89,Clay,1.45,6.1,2.39,Central,918,Zaid,Drip,259.25,15.81,10.4
wheat,66,71,40,6.21,33.49,1648.0,88.89,38.11,Clay,0.92,7.29,2.51,West,79,Kharif,Drip,341.87,3.71,11.02
wheat,153,30,134,6.96,27.42,804.3,74.75,62.79,Silt,0.72,6.96,10.66,Central,1284,Zaid,Canal,98.01,7.14,6.93
rice,130,42,76,5.59,22.13,2535.88,43.13,40.23,Loamy,1.25,9.61,3.02,North,365,Kharif,Sprinkler,142.29,12.66,11.05
rice,64,96,124,7.01,38.07,1016.98,43.31,40.89,Silt,1.48,8.7,4.33,Central,1512,Zaid,Drip,293.76,23.7,11.51
wheat,116,36,114,8.2,18.87,648.38,57.5,64.2,Sandy,0.45,8.53,14.28,North,208,Kharif,Rainfed,232.56,23.52,6.92
cotton,163,55,129,6.82,19.63,2072.14,34.56,20.57,Loamy,1.34,9.0,4.77,South,389,Zaid,Canal,150.14,12.14,9.99
rice,47,90,46,6.94,36.27,2751.06,69.18,64.29,Silt,1.02,10.71,7.56,Central,248,Kharif,Drip,258.55,9.73,11.64
maize,142,33,147,5.18,28.79,900.94,59.8,23.28,Sandy,1.43,7.35,7.33,East,1083,Zaid,Drip,142.89,8.45,8.39
rice,58,64,95,6.17,38.53,1472.43,55.16,38.65,Clay,0.97,8.56,8.48,East,1478,Zaid,Drip,112.98,23.99,9.49
sugarcane,106,73,54,7.73,29.35,461.93,59.42,31.88,Sandy,1.42,8.79,8.14,Central,719,Kharif,Sprinkler,90.17,18.62,70.97
maize,88,83,117,7.64,10.99,1133.69,46.31,62.77,Clay,1.02,10.0,9.87,Central,1648,Kharif,Sprinkler,231.3,13.92,12.12
cotton,155,48,55,6.58,15.3,2314.46,42.81,39.28,Silt,0.49,6.02,10.02,North,1541,Rabi,Canal,138.93,2.31,8.59
rice,174,53,85,7.87,18.45,2503.89,34.11,16.15,Sandy,0.31,9.64,4.81,East,1892,Zaid,Canal,250.05,3.72,10.44
wheat,138,88,75,5.29,36.02,885.9,67.53,26.08,Loamy,1.11,7.49,3.54,South,674,Rabi,Canal,271.26,21.41,7.89
potato,51,21,113,7.04,34.93,1668.58,59.64,36.54,Sandy,1.07,4.11,4.16,South,1377,Kharif,Sprinkler,298.4,24.06,26.75
maize,97,66,125,5.65,33.71,2262.07,72.66,48.82,Clay,0.57,5.07,4.47,Central,1199,Kharif,Sprinkler,197.52,20.24,13.91
wheat,98,74,103,6.99,26.61,346.24,83.66,43.1,Silt,1.41,9.88,14.96,North,885,Kharif,Drip,109.18,10.75,6.27
potato,78,66,37,5.1,14.17,830.76,89.58,57.5,Loamy,1.43,5.88,16.81,West,315,Zaid,Sprinkler,112.11,6.04,23.71
sugarcane,170,93,144,8.01,13.94,393.35,43.65,56.42,Loamy,1.35,6.08,13.56,East,1257,Rabi,Drip,162.24,3.38,74.79
rice,138,38,21,7.47,13.78,617.06,40.08,44.53,Silt,1.52,9.15,1.71,East,1617,Rabi,Canal,254.27,3.75,9.05
rice,115,40,95,5.48,35.64,744.16,84.73,43.57,Silt,0.96,8.8,11.19,South,990,Rabi,Drip,322.62,9.17,11.73
maize,82,24,45,6.97,14.25,373.96,54.1,28.91,Sandy,1.21,7.15,14.27,South,1444,Rabi,Canal,332.06,18.61,7.12
cotton,152,31,66,7.38,34.26,1394.7,78.21,62.9,Sandy,1.48,9.11,9.87,South,1411,Rabi,Rainfed,131.58,17.98,6.46
potato,116,92,49,5.51,35.34,1331.37,38.12,18.84,Loamy,0.89,8.27,2.36,Central,1036,Zaid,Rainfed,103.32,11.1,23.78
wheat,160,16,75,5.12,13.15,1029.19,47.69,34.85,Sandy,1.1,5.28,9.7,West,1779,Rabi,Canal,308.6,9.39,8.41
wheat,71,91,138,6.0,37.06,1095.58,30.66,48.04,Clay,0.97,5.94,11.84,West,713,Kharif,Rainfed,259.89,9.82,9.07
wheat,127,41,149,5.26,36.93,1642.83,89.39,62.28,Clay,1.58,4.45,10.68,South,758,Rabi,Canal,180.98,20.05,9.92
sugarcane,138,87,40,6.72,29.15,2312.02,30.34,40.08,Sandy,0.87,8.63,13.27,Central,167,Kharif,Sprinkler,92.77,3.5,74.32
cotton,80,85,87,6.24,25.39,2737.79,40.3,59.8,Loamy,0.71,4.39,5.54,North,377,Zaid,Rainfed,169.26,3.39,10.15
cotton,114,62,145,6.37,29.42,2342.13,63.45,20.24,Sandy,1.12,9.2,12.86,Central,1723,Zaid,Sprinkler,62.97,2.62,7.4
wheat,156,88,62,6.65,22.14,1274.55,81.02,41.58,Silt,0.66,7.73,6.66,East,737,Rabi,Drip,315.62,22.86,10.39
wheat,50,23,119,8.14,27.66,2488.83,77.64,30.8,Silt,1.41,7.07,13.12,East,1484,Zaid,Drip,281.13,1.6,9.24
potato,73,37,142,7.49,39.09,2360.46,45.19,54.78,Loamy,1.46,8.18,9.3,South,1406,Kharif,Canal,212.68,17.07,25.37
rice,168,85,112,6.94,13.4,2580.56,82.81,37.25,Loamy,0.75,8.34,14.31,West,1875,Zaid,Sprinkler,216.49,12.01,11.29
maize,132,87,148,6.04,17.01,463.9,34.18,38.76,Silt,0.77,8.09,9.54,West,1065,Kharif,Rainfed,99.64,3.13,9.07
cotton,97,41,135,4.89,25.72,1183.73,49.91,18.24,Silt,0.41,8.99,5.89,East,1360,Rabi,Sprinkler,323.74,10.99,6.69
cotton,158,95,134,5.2,17.76,416.33,45.78,36.9,Clay,0.63,8.45,17.83,East,1379,Rabi,Drip,130.57,7.21,7.0
sugarcane,121,98,138,7.28,39.78,1103.61,69.35,19.04,Sandy,0.39,7.38,5.12,South,505,Kharif,Drip,91.49,11.35,74.41
wheat,53,85,112,6.06,31.61,1001.5,32.3,29.98,Loamy,1.28,9.81,7.84,West,1394,Zaid,Drip,295.31,22.4,9.07
sugarcane,154,57,28,5.94,23.02,2576.08,81.26,21.34,Silt,0.53,10.82,14.18,East,1079,Zaid,Rainfed,252.53,4.88,75.65
sugarcane,170,21,92,7.82,37.08,2662.3,87.68,31.72,Loamy,0.4,8.29,9.8,South,1034,Rabi,Drip,103.26,7.33,77.17
rice,140,97,45,6.45,14.33,2037.68,44.18,26.37,Silt,0.51,8.98,12.61,North,1981,Zaid,Canal,61.37,20.56,8.52
rice,127,77,125,7.86,18.64,1006.99,84.12,29.26,Loamy,0.79,7.56,9.3,Central,1153,Zaid,Rainfed,285.62,15.32,7.12
cotton,168,98,87,7.81,38.68,317.31,84.37,22.42,Loamy,0.85,6.81,11.38,North,1277,Zaid,Canal,315.18,4.35,7.37
potato,46,58,129,5.07,26.71,1976.39,67.58,36.98,Clay,1.47,10.03,9.71,North,666,Rabi,Sprinkler,249.85,23.22,22.61
rice,128,53,44,8.01,37.62,1548.5,60.42,39.88,Clay,0.66,5.36,17.86,East,629,Kharif,Sprinkler,306.11,12.2,10.22
sugarcane,111,54,40,5.06,39.53,818.37,76.48,56.83,Clay,1.23,8.83,4.53,West,2117,Zaid,Drip,253.52,23.64,75.44
rice,133,21,73,8.08,20.81,739.4,61.08,41.94,Clay,1.46,4.96,16.16,East,2176,Rabi,Rainfed,344.85,0.46,9.39
rice,48,84,20,6.34,27.29,1699.68,74.66,26.44,Clay,1.41,9.37,8.9,North,977,Rabi,Drip,343.22,10.44,12.7
potato,114,39,147,7.39,35.4,625.63,35.57,51.79,Silt,0.56,5.64,1.43,Central,315,Zaid,Sprinkler,306.62,10.79,26.75
potato,37,73,20,7.2,18.18,1672.65,47.11,29.86,Sandy,0.66,8.25,17.63,North,1458,Zaid,Drip,248.9,7.85,24.92
maize,57,27,29,6.56,23.4,2590.07,53.66,52.82,Silt,0.37,4.98,15.78,East,786,Rabi,Canal,82.79,6.55,10.61
potato,34,95,59,6.91,14.6,2278.68,42.3,34.36,Sandy,0.93,4.0,2.25,South,1664,Kharif,Sprinkler,291.73,5.24,26.17
sugarcane,174,76,64,8.03,29.58,2653.57,43.82,40.68,Clay,0.83,9.19,7.52,East,301,Rabi,Rainfed,268.82,15.0,77.35
wheat,130,22,106,7.95,10.13,920.7,75.7,40.19,Loamy,1.01,10.13,15.68,East,607,Kharif,Canal,305.2,23.53,9.02
wheat,147,59,46,7.02,23.48,2680.25,40.41,62.78,Loamy,0.9,9.6,9.61,East,886,Rabi,Canal,336.91,18.46,11.45
sugarcane,176,32,69,7.04,37.87,1487.96,36.73,22.68,Sandy,1.26,4.93,16.71,West,1920,Rabi,Canal,348.37,6.82,75.05
cotton,93,74,80,5.64,36.92,1876.66,46.82,61.93,Sandy,1.17,5.64,11.14,South,1597,Rabi,Canal,89.55,14.2,7.65
cotton,120,74,32,7.62,34.11,1034.93,39.6,43.1,Silt,0.86,9.77,14.76,West,1914,Rabi,Drip,62.43,17.27,5.91
wheat,146,16,104,6.95,14.23,2785.6,42.19,64.68,Sandy,0.35,4.12,8.65,Central,77,Rabi,Rainfed,270.59,12.55,10.74
maize,127,80,103,7.61,25.61,1394.41,76.98,43.66,Silt,0.75,7.7,2.58,West,1019,Kharif,Canal,316.3,14.8,11.23
cotton,40,28,39,7.04,31.57,768.8,56.46,47.82,Clay,0.72,9.85,4.86,North,8,Zaid,Drip,225.35,14.64,5.83
maize,83,62,50,5.82,13.04,1734.85,56.05,52.48,Loamy,0.42,5.37,3.31,North,266,Kharif,Drip,77.38,17.47,8.89
potato,76,70,27,5.44,14.41,938.95,61.49,56.09,Loamy,0.7,5.01,14.63,Central,793,Zaid,Rainfed,291.81,10.88,23.92
rice,169,26,43,5.06,11.2,1389.96,35.35,38.88,Silt,1.58,5.27,16.7,North,1506,Kharif,Rainfed,114.04,18.13,7.29
maize,178,69,52,6.79,19.69,820.13,89.23,48.93,Sandy,1.37,9.29,4.92,North,1160,Zaid,Canal,199.89,22.02,9.86
rice,168,42,61,5.77,36.32,1266.91,80.83,45.74,Silt,1.34,10.76,6.47,Central,1671,Kharif,Canal,167.61,7.09,9.14
maize,34,18,113,6.94,25.22,531.31,47.57,35.35,Sandy,1.4,5.48,13.58,East,1461,Zaid,Drip,203.24,7.63,7.6
wheat,49,50,56,5.0,35.6,1011.99,33.4,56.04,Sandy,1.42,4.76,8.37,Central,964,Zaid,Sprinkler,105.02,9.38,7.56
wheat,75,64,53,6.08,12.51,921.91,67.04,24.62,Sandy,0.72,5.9,14.77,Central,782,Kharif,Rainfed,255.13,5.05,6.71
potato,41,17,72,5.69,11.68,2669.33,65.53,23.36,Silt,0.72,4.78,6.41,South,1380,Rabi,Rainfed,178.5,24.14,24.8
rice,99,15,115,6.06,34.12,1781.45,48.6,51.82,Clay,0.74,4.04,9.97,South,1441,Kharif,Drip,171.35,12.27,9.38
sugarcane,46,31,124,4.98,24.93,366.37,50.44,46.87,Loamy,1.36,7.15,15.18,West,1868,Zaid,Sprinkler,111.4,7.68,73.07
wheat,144,85,67,7.26,24.13,2584.2,61.55,30.88,Silt,1.34,9.26,6.95,Central,1485,Rabi,Canal,239.9,14.97,10.93
rice,176,76,59,5.2,24.27,1910.89,82.75,46.76,Clay,0.32,6.18,11.9,South,512,Kharif,Rainfed,251.38,19.35,12.34
sugarcane,77,62,107,4.85,21.43,1142.88,36.55,53.53,Loamy,1.53,6.32,11.99,North,1986,Zaid,Drip,83.34,8.17,72.14
cotton,137,76,62,8.02,36.59,1216.01,60.59,25.85,Silt,0.67,5.59,6.98,West,13,Kharif,Sprinkler,298.78,4.41,7.24
cotton,81,83,36,5.46,25.63,378.55,56.22,44.07,Silt,1.11,4.92,13.64,Central,666,Zaid,Rainfed,317.2,23.8,7.74
wheat,125,33,121,7.62,39.22,2735.81,57.98,56.23,Clay,1.13,4.47,9.99,Central,2099,Kharif,Sprinkler,346.88,24.87,11.15
wheat,99,48,130,8.08,35.4,2451.21,84.59,35.56,Silt,0.45,7.99,11.1,West,1150,Zaid,Sprinkler,160.15,6.94,7.6
wheat,131,63,89,6.62,32.13,463.49,62.66,43.59,Loamy,1.2,9.35,7.64,North,1193,Zaid,Sprinkler,236.04,12.05,8.18
wheat,104,94,79,6.59,29.09,2003.9,71.7,18.93,Clay,0.99,7.53,2.53,Central,490,Kharif,Rainfed,95.14,0.69,8.78
wheat,172,61,96,6.05,35.06,1423.06,84.76,56.52,Silt,1.09,9.91,12.87,Central,1346,Zaid,Drip,181.77,20.34,8.96
potato,111,64,54,6.25,36.45,2320.75,48.14,54.81,Loamy,0.88,7.23,6.83,North,1663,Kharif,Rainfed,309.02,0.95,30.11
potato,121,40,35,6.44,14.0,1858.41,51.52,37.81,Silt,1.35,4.5,11.34,West,2186,Kharif,Canal,269.22,19.21,26.41
cotton,33,70,57,5.32,20.79,1332.02,43.59,20.96,Clay,1.13,8.23,16.43,North,1361,Kharif,Sprinkler,209.35,6.93,4.86
rice,164,92,51,6.04,34.16,1391.03,69.11,48.02,Silt,0.55,9.01,15.19,West,1092,Rabi,Drip,303.41,23.38,11.79
cotton,138,28,26,7.57,16.64,1928.93,45.23,43.65,Loamy,1.28,4.86,11.7,North,199,Zaid,Sprinkler,300.85,6.24,7.98
cotton,77,92,65,5.42,27.59,1936.78,44.08,60.97,Sandy,0.95,7.66,4.87,South,1201,Zaid,Drip,323.49,24.98,10.49
sugarcane,102,39,37,7.28,33.41,1694.08,89.2,28.99,Silt,0.35,6.08,9.78,East,1769,Zaid,Rainfed,118.27,3.45,73.61
wheat,101,18,90,7.02,16.72,2510.4,71.84,16.62,Silt,0.81,10.74,7.37,Central,97,Rabi,Canal,126.4,22.45,8.97
potato,145,93,59,4.99,22.06,2248.32,78.86,27.74,Loamy,0.82,5.48,11.05,Central,395,Kharif,Drip,343.02,4.06,25.56
cotton,110,46,107,4.88,37.45,596.6,88.13,36.4,Loamy,1.34,8.78,13.43,Central,435,Rabi,Drip,206.98,20.64,6.61
potato,110,96,97,6.0,20.68,2479.7,88.26,22.77,Clay,0.6,6.16,13.35,West,585,Kharif,Sprinkler,248.1,7.34,25.43
cotton,142,92,24,7.15,28.14,804.47,49.99,63.99,Sandy,0.89,6.91,1.97,East,2090,Kharif,Sprinkler,322.81,11.12,9.53
potato,125,79,105,5.92,23.02,2676.02,61.13,26.12,Clay,0.37,9.79,7.34,South,1562,Kharif,Rainfed,217.63,13.06,27.78
cotton,101,75,41,7.07,36.31,2318.29,85.4,48.89,Loamy,1.45,10.98,7.63,East,1152,Rabi,Sprinkler,103.32,22.52,8.3
cotton,176,34,93,7.06,22.72,2572.81,31.54,37.71,Loamy,0.88,4.85,4.18,South,1811,Rabi,Sprinkler,171.58,4.22,9.66
cotton,92,88,109,7.54,20.78,1991.4,84.97,42.76,Loamy,1.41,7.22,9.27,Central,2065,Rabi,Drip,209.95,23.65,9.23
cotton,67,24,98,5.14,15.2,1928.89,81.48,61.63,Loamy,1.18,8.34,5.74,West,238,Rabi,Sprinkler,197.82,5.35,9.06
sugarcane,96,48,138,6.76,20.48,922.77,58.08,41.58,Clay,0.72,6.75,6.91,East,1157,Zaid,Rainfed,348.36,16.35,75.77
maize,98,75,148,5.01,30.09,1865.28,61.02,30.26,Sandy,1.23,4.92,10.73,North,951,Rabi,Canal,127.16,17.75,9.76
rice,42,41,97,5.4,15.27,1350.62,32.86,26.04,Loamy,0.91,4.17,15.41,West,110,Kharif,Rainfed,281.07,20.58,7.88
cotton,60,54,55,5.91,31.16,683.48,63.35,59.6,Clay,0.74,4.22,8.28,East,754,Kharif,Rainfed,69.13,24.44,5.02
sugarcane,143,79,114,7.21,10.32,1200.25,37.39,64.34,Clay,1.17,7.48,10.18,North,194,Kharif,Canal,165.97,1.49,75.72
potato,51,47,47,8.11,21.01,1955.36,45.84,27.59,Clay,1.31,6.88,14.52,Central,1363,Zaid,Rainfed,88.24,19.51,22.01
cotton,122,82,117,5.96,23.98,2489.22,78.24,51.1,Clay,1.2,10.85,8.31,West,836,Rabi,Rainfed,224.6,9.51,10.29
potato,96,85,54,6.57,12.88,1395.15,60.28,40.29,Clay,0.9,10.38,7.57,East,1652,Zaid,Drip,142.69,17.57,26.8
wheat,83,23,81,5.68,30.52,1024.93,75.11,49.93,Loamy,0.64,8.28,12.32,Central,1140,Zaid,Rainfed,240.78,6.91,7.86
maize,167,30,106,7.1,13.08,702.53,85.91,63.21,Loamy,1.35,7.32,5.6,South,1543,Zaid,Rainfed,230.5,23.6,10.0
wheat,71,19,127,6.05,12.7,1307.52,40.27,28.8,Sandy,0.75,8.01,1.48,Central,704,Kharif,Rainfed,209.34,18.75,9.0
potato,93,37,144,6.44,21.04,1011.34,45.57,52.0,Sandy,1.1,7.25,3.28,East,997,Zaid,Canal,305.07,10.29,25.94
potato,155,57,98,6.73,32.15,1417.98,65.22,36.9,Sandy,0.45,6.43,5.68,Central,2179,Zaid,Canal,187.67,24.13,25.85
maize,50,71,144,7.13,38.91,551.86,86.98,47.63,Sandy,1.26,8.27,14.76,East,1544,Kharif,Drip,278.49,19.64,10.52
maize,64,65,80,5.0,33.28,2138.7,76.76,35.33,Silt,1.54,10.51,4.58,West,599,Kharif,Rainfed,183.86,17.89,12.54
wheat,59,27,45,6.69,23.98,311.06,68.36,50.42,Clay,0.88,8.52,11.55,East,1105,Kharif,Drip,337.68,20.68,9.46
cotton,86,38,76,6.27,18.18,2048.95,70.75,31.88,Clay,1.01,5.24,6.26,West,243,Zaid,Sprinkler,106.4,16.25,6.69
maize,76,25,61,5.25,19.04,1066.58,55.96,39.42,Clay,1.47,7.33,2.0,East,1501,Kharif,Sprinkler,273.02,11.87,9.61
sugarcane,48,66,41,5.51,18.51,1198.11,54.22,50.44,Silt,1.33,5.21,15.15,Central,1584,Rabi,Canal,78.76,7.14,72.37
maize,143,31,109,7.81,18.35,727.91,89.21,17.14,Clay,1.55,4.84,16.87,North,1042,Zaid,Sprinkler,106.22,2.63,7.7
wheat,37,51,77,7.76,12.07,2720.45,81.38,31.4,Clay,0.65,6.31,3.83,East,903,Rabi,Canal,213.58,10.19,5.96
sugarcane,55,27,26,4.91,16.61,432.41,75.65,42.31,Clay,0.91,5.39,9.67,Central,234,Kharif,Sprinkler,191.45,11.77,73.07
rice,142,76,70,7.14,13.24,1007.64,73.18,18.71,Clay,0.89,10.55,5.89,South,1918,Rabi,Canal,338.39,23.59,9.95
maize,100,98,109,6.68,10.22,667.29,64.03,50.16,Clay,0.92,4.39,10.35,West,1800,Rabi,Rainfed,60.3,15.5,9.4
cotton,59,22,127,8.0,18.57,1505.67,49.75,55.66,Sandy,1.49,10.75,12.94,South,792,Kharif,Rainfed,233.15,1.25,6.95
maize,164,70,28,7.89,20.57,1700.0,55.97,23.17,Silt,0.57,9.89,17.74,Central,515,Kharif,Rainfed,152.16,0.59,9.1
sugarcane,96,97,57,6.77,37.82,790.8,33.53,51.67,Loamy,1.46,5.83,6.92,West,1640,Zaid,Sprinkler,200.69,21.05,74.5
potato,94,84,130,5.27,39.84,1938.26,35.36,47.31,Sandy,1.04,4.65,5.33,Central,2198,Rabi,Drip,221.09,14.81,24.55
sugarcane,65,58,32,6.36,27.38,1681.65,53.07,35.54,Silt,1.0,7.97,12.36,East,152,Kharif,Canal,216.71,14.08,75.02
cotton,54,74,26,7.27,37.03,2405.32,36.94,23.25,Clay,0.84,5.72,15.33,West,717,Kharif,Sprinkler,338.26,8.92,8.44
rice,66,55,86,8.04,28.55,2566.36,53.88,62.74,Silt,1.0,5.75,1.47,South,1934,Kharif,Rainfed,346.18,17.95,12.2
cotton,30,35,60,6.04,24.93,2036.29,42.8,38.2,Clay,1.34,8.02,1.74,South,532,Zaid,Drip,206.4,20.83,6.04
maize,172,56,35,7.47,11.28,1875.68,51.0,24.18,Clay,0.94,7.2,10.88,South,1113,Zaid,Sprinkler,176.63,22.42,9.9
sugarcane,66,88,63,7.12,11.34,1813.48,52.75,50.91,Silt,1.31,7.55,3.22,East,1647,Kharif,Sprinkler,269.57,11.1,76.5
rice,170,88,69,5.07,10.92,717.8,77.66,45.39,Loamy,0.84,6.23,11.7,North,2147,Rabi,Rainfed,210.42,2.08,8.97
wheat,165,43,37,6.7,14.5,2508.1,71.14,55.81,Clay,0.54,6.27,10.62,South,1115,Kharif,Drip,273.37,21.7,11.12
sugarcane,162,94,70,5.42,12.31,1200.54,78.89,64.8,Clay,0.84,11.0,14.62,Central,2007,Zaid,Sprinkler,171.14,17.07,77.06
sugarcane,157,79,22,7.12,15.84,2028.52,51.89,17.24,Sandy,1.24,6.75,14.55,Central,1904,Kharif,Drip,195.06,17.91,74.62
wheat,156,31,108,6.87,25.58,1401.64,79.55,51.97,Silt,1.41,5.56,15.15,North,354,Rabi,Canal,83.57,23.59,8.88
wheat,30,44,73,8.11,25.1,2557.26,86.98,64.46,Silt,1.3,8.93,16.88,West,2034,Rabi,Canal,250.47,5.74,11.13
cotton,64,40,68,7.98,20.33,1318.86,46.65,41.91,Silt,0.79,9.49,11.03,South,714,Zaid,Rainfed,297.83,20.25,7.98
maize,133,67,47,4.83,29.98,1699.97,73.12,50.79,Sandy,1.05,5.65,3.46,West,929,Rabi,Rainfed,111.56,10.81,9.53
wheat,52,33,57,5.07,21.76,768.68,33.45,37.06,Silt,0.77,4.77,16.55,South,1356,Kharif,Canal,335.91,23.46,9.55
cotton,38,67,47,7.42,16.61,1685.1,61.26,32.84,Silt,1.22,6.06,17.94,West,1618,Kharif,Rainfed,344.86,8.19,6.86
rice,63,99,51,7.13,30.76,806.45,39.38,49.82,Clay,0.87,7.68,1.65,South,1120,Kharif,Drip,227.08,14.42,10.39
potato,157,31,60,7.52,39.41,2286.28,79.98,64.4,Loamy,1.29,6.67,11.23,North,1157,Kharif,Sprinkler,82.79,16.62,23.96
rice,33,60,55,5.71,34.32,1218.29,54.86,19.58,Loamy,0.32,5.08,7.36,East,1790,Zaid,Sprinkler,290.68,1.01,9.23
rice,131,99,122,7.69,22.42,1360.84,66.26,36.11,Sandy,0.74,4.17,6.16,South,1384,Rabi,Canal,195.41,16.1,8.64
sugarcane,104,67,55,6.3,21.27,1900.79,64.93,62.03,Silt,1.44,7.54,14.08,Central,1411,Rabi,Sprinkler,310.94,17.34,75.5
cotton,128,78,126,5.69,11.16,514.89,36.26,20.64,Sandy,0.72,10.09,6.12,South,876,Rabi,Canal,294.88,20.71,5.78
maize,101,59,145,4.84,29.71,1086.97,36.01,47.55,Loamy,0.81,8.17,3.54,Central,281,Kharif,Canal,229.86,8.18,11.63
wheat,32,63,106,7.76,16.68,2633.34,64.29,36.51,Sandy,1.33,10.08,5.12,South,948,Kharif,Rainfed,70.13,17.99,7.08
wheat,171,33,85,6.62,30.51,2455.3,48.9,33.84,Clay,0.42,9.36,10.14,North,28,Kharif,Sprinkler,231.73,20.53,10.29
sugarcane,63,85,89,8.12,32.81,878.03,36.68,25.47,Clay,0.71,6.4,5.32,South,408,Kharif,Rainfed,281.01,20.51,73.51
cotton,74,95,98,7.23,36.39,1582.09,48.6,23.82,Clay,1.31,6.89,6.94,East,1733,Kharif,Sprinkler,249.91,6.0,8.96
rice,90,79,112,5.07,26.45,1758.3,41.44,40.81,Silt,1.54,10.04,10.77,West,546,Rabi,Canal,249.78,23.87,8.23
potato,112,51,111,6.8,34.9,1054.11,32.38,33.87,Clay,1.32,8.94,12.77,Central,11,Rabi,Rainfed,282.28,18.2,24.73
wheat,152,84,41,4.86,31.7,1169.1,52.79,39.58,Sandy,0.52,7.92,2.19,West,1619,Kharif,Sprinkler,213.49,17.32,11.68
rice,131,40,39,6.7,20.59,2744.89,70.84,24.8,Clay,1.39,10.63,8.0,Central,1126,Rabi,Canal,281.91,20.29,12.74
rice,45,16,52,5.99,13.19,646.33,36.79,32.51,Silt,0.92,4.33,13.15,East,2154,Kharif,Canal,124.36,19.62,6.0
cotton,95,73,109,6.99,17.27,2578.36,65.11,64.82,Clay,1.32,10.0,6.57,North,124,Rabi,Sprinkler,178.02,5.29,10.68
cotton,174,19,69,6.64,35.34,1185.61,39.1,33.4,Clay,0.61,6.23,13.88,North,885,Zaid,Drip,251.07,15.13,7.42
sugarcane,148,51,29,5.69,26.03,897.66,34.1,35.64,Silt,0.74,8.54,6.82,Central,1113,Rabi,Drip,107.6,20.41,73.83
potato,153,45,98,5.35,29.97,951.34,35.53,15.99,Silt,1.47,10.41,13.91,South,11,Kharif,Drip,282.26,16.77,23.1
maize,173,90,56,6.18,34.18,1008.24,42.59,34.04,Clay,1.48,6.48,17.25,East,1269,Zaid,Canal,229.87,14.49,9.9
sugarcane,131,62,78,8.16,30.01,1017.25,57.94,53.17,Loamy,0.67,7.47,9.57,East,1393,Kharif,Drip,272.05,6.86,75.53
wheat,95,20,107,6.28,35.68,935.1,56.67,40.78,Clay,0.41,6.26,9.21,East,1504,Rabi,Sprinkler,309.65,19.46,8.56
wheat,42,29,123,7.35,12.59,2406.21,58.59,47.85,Sandy,1.51,8.93,9.24,West,735,Zaid,Rainfed,340.66,1.35,10.66
sugarcane,140,29,82,4.99,37.11,969.48,52.55,42.83,Silt,0.69,4.91,17.19,West,1127,Zaid,Sprinkler,143.94,17.2,73.19
cotton,63,75,40,6.09,34.38,2454.6,82.81,20.27,Clay,0.46,9.27,3.71,East,23,Kharif,Canal,290.32,19.26,9.61
wheat,68,30,123,6.77,37.09,2723.17,83.08,31.61,Loamy,0.75,9.46,13.59,East,251,Rabi,Canal,164.51,23.17,9.75
cotton,165,34,98,7.35,31.93,997.07,69.47,49.71,Clay,0.67,4.46,12.73,West,879,Rabi,Canal,200.75,18.47,7.89
sugarcane,149,91,56,6.6,18.23,1712.74,49.44,42.4,Sandy,0.4,6.8,11.75,Central,1620,Zaid,Canal,237.36,13.11,74.26
sugarcane,155,58,64,6.55,13.42,1440.37,41.1,48.75,Silt,1.58,8.88,13.57,West,1773,Rabi,Drip,128.76,4.92,72.65
wheat,84,56,62,7.4,13.89,2416.74,71.86,33.01,Sandy,0.68,4.66,6.43,South,1404,Kharif,Drip,121.59,9.96,8.3
rice,56,60,135,5.87,24.97,1070.7,89.79,24.68,Loamy,0.65,9.55,16.78,East,341,Kharif,Canal,231.66,2.37,9.73
potato,147,48,104,5.11,21.73,2211.93,79.16,56.49,Sandy,0.85,8.5,16.43,Central,40,Zaid,Canal,262.94,11.03,25.69
maize,82,78,103,5.98,29.63,1489.1,49.67,33.82,Sandy,0.84,7.24,4.92,Central,1665,Kharif,Canal,337.04,3.7,10.74
cotton,68,43,22,5.34,25.1,1877.27,41.51,47.75,Silt,0.86,4.66,9.74,West,283,Rabi,Canal,224.67,3.82,5.21
maize,94,17,123,8.08,13.76,1741.62,79.06,34.06,Sandy,1.48,4.5,6.33,Central,1433,Zaid,Sprinkler,231.57,4.9,9.94
maize,174,23,106,6.76,10.07,455.99,54.13,61.36,Loamy,0.38,5.72,14.44,North,326,Rabi,Sprinkler,180.16,17.5,8.37
sugarcane,42,89,130,6.32,13.85,1771.46,65.1,64.6,Loamy,1.52,9.53,16.3,West,857,Kharif,Sprinkler,287.37,7.39,76.21
sugarcane,50,89,106,7.9,14.4,2368.69,32.55,47.45,Silt,1.17,10.23,10.09,West,400,Zaid,Sprinkler,273.33,17.0,75.53
sugarcane,176,39,110,7.86,31.6,1021.1,78.38,45.11,Loamy,1.21,5.73,6.45,West,1686,Kharif,Canal,115.2,19.8,71.66
cotton,82,56,54,6.21,18.56,1306.84,42.14,57.04,Loamy,0.51,6.13,11.97,South,1301,Rabi,Drip,171.49,23.87,7.05
maize,48,60,115,7.77,12.81,812.78,75.81,40.81,Loamy,0.73,5.19,3.42,North,457,Zaid,Canal,99.23,2.1,10.05
maize,86,87,105,5.02,32.66,824.12,69.62,58.48,Loamy,0.37,8.8,9.65,Central,273,Kharif,Rainfed,91.66,0.46,10.66
potato,54,98,135,7.81,38.21,1067.71,54.75,35.65,Loamy,1.15,4.19,13.9,East,1781,Kharif,Canal,330.17,10.64,26.74
sugarcane,60,73,111,5.86,13.01,2184.27,62.01,16.59,Loamy,0.74,10.52,5.47,North,309,Zaid,Canal,252.74,3.8,74.63
rice,110,35,21,6.72,38.89,1503.2,62.26,61.33,Loamy,1.02,5.93,7.66,West,1006,Zaid,Drip,319.68,5.87,13.19
sugarcane,52,88,143,5.72,38.51,2028.0,43.51,51.08,Clay,1.28,9.39,12.12,East,168,Zaid,Rainfed,226.33,24.14,75.68
sugarcane,61,36,23,8.15,25.69,2639.06,37.75,40.54,Loamy,1.02,10.75,17.31,West,141,Rabi,Sprinkler,134.59,24.95,72.56
wheat,103,43,128,5.04,18.87,2125.91,78.61,62.24,Silt,0.39,5.03,2.35,South,1872,Rabi,Sprinkler,135.57,24.63,8.81
sugarcane,39,77,130,6.32,14.14,1232.9,71.41,59.34,Clay,0.38,4.87,3.65,West,1427,Kharif,Drip,130.63,22.74,75.97
cotton,83,87,53,6.91,34.72,1576.73,67.28,20.42,Loamy,1.43,5.93,3.18,North,1043,Kharif,Rainfed,151.55,24.53,6.02
maize,81,75,106,6.89,28.14,996.48,46.7,46.22,Loamy,0.64,8.13,4.75,South,2028,Kharif,Rainfed,119.44,4.58,9.68
sugarcane,177,78,32,7.31,29.54,464.37,54.13,41.91,Silt,0.77,4.01,2.03,West,2089,Rabi,Canal,100.75,0.76,72.62
rice,143,83,26,7.26,35.83,1965.04,38.84,53.82,Loamy,0.58,8.24,7.16,North,124,Rabi,Drip,320.78,8.47,13.14
maize,43,54,51,7.5,23.32,1954.61,75.26,30.04,Clay,1.21,8.04,5.77,Central,2021,Zaid,Drip,226.5,14.24,10.49
maize,139,89,42,5.6,21.04,2440.6,30.9,15.41,Clay,0.8,4.32,4.37,West,462,Kharif,Canal,123.67,11.49,9.17
rice,82,15,66,6.06,32.87,699.31,30.17,24.27,Silt,0.89,7.66,5.38,South,1710,Rabi,Drip,226.0,24.76,7.54
wheat,108,79,48,6.1,18.92,2510.69,61.26,25.55,Loamy,1.18,9.84,11.94,Central,1740,Rabi,Sprinkler,131.62,5.03,9.53
potato,51,76,42,8.05,19.84,2285.89,50.65,29.57,Silt,1.11,6.1,12.71,West,1248,Rabi,Canal,258.1,5.17,25.29
rice,59,68,57,6.19,21.43,568.16,38.63,33.52,Loamy,1.31,9.73,16.78,Central,1729,Kharif,Sprinkler,316.83,20.41,8.43
cotton,33,74,146,5.55,35.69,2756.0,73.38,50.33,Clay,1.27,7.1,4.58,East,9,Rabi,Canal,107.53,10.48,7.35
rice,88,60,63,6.95,33.37,397.63,85.92,18.71,Loamy,0.87,9.89,2.72,East,89,Kharif,Rainfed,219.87,11.33,6.05
potato,37,19,24,6.25,18.74,2287.05,46.84,39.33,Loamy,0.55,7.3,2.0,South,1903,Rabi,Sprinkler,167.13,16.93,25.34
wheat,41,36,59,5.65,14.31,1371.36,66.16,39.93,Clay,0.59,10.31,9.38,West,1996,Kharif,Rainfed,299.33,21.48,9.28
sugarcane,148,67,97,7.23,21.78,2463.43,74.69,45.79,Clay,1.22,10.4,11.98,North,471,Zaid,Canal,73.99,25.0,74.09
sugarcane,63,84,125,5.45,28.74,2120.83,66.95,30.53,Clay,0.64,4.05,5.07,Central,184,Rabi,Rainfed,261.7,24.65,75.28
maize,111,46,149,6.95,30.29,451.66,52.98,27.99,Loamy,0.87,6.7,12.32,North,360,Kharif,Canal,247.04,21.29,10.98
sugarcane,127,25,68,6.26,16.01,899.99,63.34,39.19,Silt,0.44,10.21,4.19,South,19,Rabi,Drip,286.25,3.92,75.58
sugarcane,156,24,142,5.89,17.48,2681.05,73.48,47.98,Clay,0.46,4.1,4.78,Central,1173,Kharif,Rainfed,219.96,3.65,77.3
rice,104,53,54,8.02,37.9,667.99,86.59,17.23,Loamy,0.62,4.71,12.29,West,444,Kharif,Rainfed,189.07,18.18,5.57
maize,134,45,125,5.9,21.55,471.22,76.34,29.68,Silt,0.41,7.02,17.23,West,659,Kharif,Canal,133.77,14.09,7.36
maize,78,26,91,5.98,19.42,685.65,48.9,54.37,Sandy,0.66,10.86,16.35,North,1535,Kharif,Drip,314.76,20.41,10.72
rice,108,94,128,7.76,30.87,2100.71,70.31,39.21,Sandy,1.04,10.49,1.46,North,1684,Zaid,Sprinkler,319.16,4.31,12.22
cotton,122,52,144,5.24,24.04,399.07,84.97,62.59,Loamy,1.27,8.1,17.68,South,567,Rabi,Rainfed,204.29,23.41,6.97
cotton,47,81,90,5.17,17.4,1382.04,61.14,58.38,Loamy,0.34,5.77,7.2,South,1446,Rabi,Rainfed,322.87,0.5,7.77
cotton,125,80,58,5.76,22.28,528.44,35.74,32.2,Clay,1.08,8.49,10.42,Central,1693,Kharif,Sprinkler,71.68,4.83,5.33
potato,67,66,110,6.81,14.33,2017.88,68.47,51.31,Loamy,0.77,6.26,6.87,East,599,Zaid,Canal,304.35,12.24,26.45
rice,116,19,56,6.11,18.39,932.44,66.3,28.72,Silt,0.59,8.57,15.01,West,870,Kharif,Sprinkler,293.66,24.04,8.52
sugarcane,117,25,100,6.87,22.55,2011.65,38.07,23.76,Loamy,0.34,5.19,12.43,Central,1386,Kharif,Drip,298.08,21.31,76.31
wheat,79,39,42,5.34,25.54,738.17,44.37,59.05,Silt,0.72,8.21,15.91,East,1485,Kharif,Canal,247.39,17.24,8.66
cotton,37,49,24,5.69,32.25,1290.59,70.32,32.51,Silt,1.33,8.84,4.61,West,1436,Kharif,Rainfed,224.59,19.74,8.77
sugarcane,163,49,129,6.72,21.55,2613.64,88.42,25.17,Clay,0.99,9.0,11.89,North,979,Rabi,Drip,301.67,7.99,79.99
cotton,98,36,37,5.54,26.37,1260.0,40.43,63.25,Silt,1.31,10.84,10.04,Central,380,Rabi,Canal,282.92,17.18,7.62
wheat,150,51,46,6.24,38.53,585.04,66.85,16.55,Loamy,0.84,4.18,11.01,South,914,Kharif,Drip,331.74,21.4,10.14
sugarcane,93,69,43,6.75,34.55,1224.89,58.43,33.34,Silt,1.4,4.54,7.21,South,2080,Zaid,Canal,298.01,16.73,76.32
cotton,168,89,48,8.11,17.11,1436.53,50.38,16.92,Sandy,0.5,8.24,1.11,Central,1432,Rabi,Rainfed,156.06,21.2,4.89
rice,150,86,142,5.07,16.4,1446.18,84.85,40.21,Silt,1.37,7.38,12.98,West,1918,Kharif,Sprinkler,103.87,18.85,8.2
potato,94,78,147,6.37,29.88,2073.08,86.23,35.06,Loamy,0.92,8.4,13.14,North,2192,Rabi,Sprinkler,106.1,8.95,26.11
cotton,136,34,131,6.15,27.86,611.73,39.8,51.03,Clay,1.27,8.86,15.79,Central,85,Zaid,Canal,308.54,16.92,8.26
maize,176,18,136,7.6,26.41,1453.91,72.38,62.7,Loamy,0.61,4.24,17.36,East,1057,Rabi,Rainfed,273.89,12.25,12.24
rice,166,32,52,7.86,14.63,934.88,76.44,40.98,Loamy,0.93,7.38,4.38,North,357,Zaid,Sprinkler,345.84,22.48,9.94
rice,129,65,61,7.88,20.88,1411.27,85.4,29.27,Loamy,1.25,7.48,2.16,South,1483,Kharif,Rainfed,319.34,3.77,9.66
wheat,111,82,144,6.08,32.78,732.62,34.39,58.61,Sandy,0.93,8.35,14.34,North,1212,Kharif,Canal,328.36,23.41,9.65
sugarcane,172,34,23,5.84,31.71,888.66,85.92,45.23,Clay,0.9,6.51,15.94,West,1745,Rabi,Drip,257.84,10.86,73.21
wheat,80,23,39,6.33,14.96,1682.11,44.78,42.67,Sandy,1.35,4.48,3.91,West,2084,Kharif,Rainfed,143.9,11.4,10.34
rice,170,94,87,5.97,22.81,1053.2,81.49,24.43,Silt,0.51,6.26,2.85,North,1153,Rabi,Canal,199.12,19.92,8.27
wheat,112,40,77,7.24,23.28,699.02,79.69,17.03,Silt,0.92,5.52,15.43,South,2147,Kharif,Drip,69.19,8.34,6.88
sugarcane,141,39,99,5.53,25.26,1849.07,77.62,38.07,Sandy,1.37,9.5,17.62,North,1551,Rabi,Drip,245.97,3.38,76.01
rice,85,82,114,7.04,23.83,2391.17,47.63,41.4,Clay,1.4,10.16,7.93,South,694,Kharif,Drip,127.57,20.94,10.12
cotton,174,55,23,7.95,25.05,2353.5,75.58,21.35,Silt,0.45,5.22,16.38,Central,2136,Rabi,Canal,327.88,15.41,9.09
potato,89,73,63,5.75,34.39,2385.26,45.71,17.97,Clay,1.41,8.27,14.11,West,42,Zaid,Canal,159.69,23.56,24.75
potato,149,59,144,7.1,21.68,343.08,48.59,25.8,Sandy,0.32,5.41,5.92,North,1107,Zaid,Sprinkler,199.83,21.79,23.88
wheat,167,55,61,5.29,26.56,2015.25,79.03,18.15,Silt,1.41,9.82,3.67,North,1901,Rabi,Sprinkler,186.39,2.24,8.16
rice,52,52,48,5.21,28.2,2796.97,65.06,17.81,Sandy,0.64,9.4,4.31,South,767,Zaid,Sprinkler,196.71,19.39,10.46
potato,178,33,63,5.19,38.27,2116.17,48.08,37.21,Silt,1.05,8.07,9.94,East,1712,Zaid,Drip,324.65,7.5,24.79
rice,42,28,74,5.27,29.64,964.57,71.97,55.51,Loamy,0.31,6.22,7.75,South,657,Kharif,Canal,211.45,14.81,6.48
cotton,130,35,99,5.53,13.92,1710.01,81.46,48.2,Clay,1.25,10.88,17.3,East,1497,Zaid,Drip,249.46,9.47,8.48
maize,53,29,132,6.71,27.47,1495.14,63.46,48.97,Sandy,0.86,8.52,8.06,North,1422,Zaid,Drip,270.35,20.46,11.22
wheat,137,17,40,7.41,29.86,1447.55,43.12,28.12,Loamy,1.4,9.17,2.65,West,1510,Kharif,Drip,288.22,22.23,9.72
sugarcane,40,51,97,5.23,10.29,2106.62,64.78,15.56,Sandy,1.02,10.16,3.03,Central,2025,Kharif,Rainfed,103.08,11.16,72.33
cotton,46,60,49,7.76,12.26,617.16,65.13,37.53,Sandy,1.39,9.77,16.4,West,1856,Rabi,Drip,73.8,6.35,3.38
cotton,54,30,42,7.67,10.57,598.4,67.85,33.86,Clay,1.1,9.75,9.81,West,744,Zaid,Drip,157.26,9.03,5.93
maize,123,28,24,7.27,11.45,1566.17,76.85,62.36,Sandy,1.27,5.78,17.07,Central,1209,Rabi,Rainfed,87.84,6.15,8.74
potato,50,23,82,6.25,12.69,2734.87,88.85,18.6,Clay,1.27,6.21,17.15,North,409,Kharif,Canal,272.43,17.46,24.97
cotton,113,21,78,4.81,38.73,453.84,36.6,53.82,Sandy,0.62,6.75,17.37,South,1315,Rabi,Drip,308.17,6.31,3.72
wheat,169,28,101,7.3,16.2,1226.35,41.5,34.27,Silt,1.05,10.42,16.67,West,1011,Kharif,Sprinkler,231.39,22.41,9.72
sugarcane,66,20,71,7.79,16.14,1572.1,78.9,56.48,Loamy,1.44,4.4,16.09,South,85,Kharif,Canal,159.24,5.44,74.06
cotton,71,99,84,5.94,35.72,303.14,61.74,39.75,Silt,1.44,5.81,11.55,West,113,Rabi,Canal,147.39,1.1,6.25
potato,174,29,58,7.24,32.58,1036.69,74.74,56.03,Clay,0.8,7.1,17.18,North,174,Kharif,Drip,209.64,21.77,25.57
potato,130,66,22,5.01,30.27,577.1,54.96,38.34,Clay,0.72,9.01,14.52,South,1431,Rabi,Rainfed,313.9,9.25,22.79
rice,77,86,90,7.21,22.65,2063.86,80.33,35.09,Loamy,1.15,5.14,12.58,Central,2138,Zaid,Canal,104.98,5.5,8.21
rice,132,48,34,5.03,10.94,1397.58,55.27,63.19,Clay,1.31,7.55,16.2,North,1848,Rabi,Drip,291.33,15.66,8.85
cotton,57,15,91,6.8,34.8,1856.62,86.8,33.44,Silt,0.35,6.35,14.75,Central,839,Zaid,Canal,125.42,21.77,6.26
potato,70,83,89,6.83,35.82,1806.05,53.46,55.27,Loamy,0.42,5.51,7.48,West,332,Zaid,Rainfed,123.93,9.68,23.29
sugarcane,128,34,23,5.83,24.45,1194.4,46.88,18.35,Clay,1.31,4.43,5.76,West,1892,Kharif,Canal,113.98,4.09,71.87
maize,76,94,113,5.07,29.35,388.57,36.12,18.13,Clay,0.87,9.75,3.56,Central,1500,Rabi,Rainfed,103.69,17.45,8.66
maize,175,21,53,8.03,24.33,969.28,80.91,36.91,Clay,1.17,8.79,17.16,West,2044,Rabi,Sprinkler,82.68,13.03,6.02
rice,134,21,143,6.62,18.88,1502.89,86.96,44.28,Clay,1.37,5.97,2.46,West,1064,Kharif,Drip,317.79,14.96,11.35
wheat,153,64,55,6.77,26.21,806.71,83.66,45.43,Sandy,1.28,6.72,14.1,Central,1902,Zaid,Canal,91.46,13.79,7.94
sugarcane,42,16,118,6.89,30.66,2644.21,75.6,16.82,Sandy,1.35,7.84,7.57,South,613,Zaid,Rainfed,128.49,6.69,75.66
cotton,170,61,99,7.83,14.64,1334.04,55.94,49.84,Sandy,0.97,6.25,8.93,South,954,Zaid,Canal,287.07,22.35,9.46
potato,129,28,85,5.0,25.92,1180.49,48.48,21.5,Clay,0.51,5.31,3.06,North,1911,Kharif,Sprinkler,85.02,16.38,23.03
maize,60,45,110,7.84,33.28,568.88,47.07,62.77,Sandy,0.92,5.47,3.02,Central,1059,Zaid,Canal,114.86,14.02,8.06
rice,159,64,99,5.61,24.27,990.36,75.57,31.68,Clay,1.55,9.95,6.97,North,224,Rabi,Canal,126.65,8.47,7.73
wheat,45,75,78,5.07,14.71,1746.31,50.69,28.07,Silt,0.7,7.39,13.12,East,808,Rabi,Canal,248.56,10.23,8.01
maize,166,55,29,7.03,36.09,2349.07,77.11,29.56,Clay,0.85,7.3,5.56,West,514,Zaid,Rainfed,278.09,13.82,12.66
wheat,102,28,26,8.12,30.22,2233.57,88.94,61.87,Loamy,1.3,6.71,12.84,Central,1512,Rabi,Canal,256.51,10.9,8.17
sugarcane,83,19,131,4.99,28.98,2012.74,41.33,39.14,Loamy,0.4,9.06,17.94,East,2008,Kharif,Drip,207.76,15.66,75.32
potato,129,89,95,6.25,29.55,2631.2,36.85,36.73,Loamy,1.28,9.81,8.22,Central,2116,Zaid,Canal,348.91,21.99,26.59
wheat,138,19,31,6.6,17.35,907.56,37.17,43.29,Clay,0.66,9.04,16.9,Central,1010,Rabi,Drip,263.72,20.36,8.66
potato,116,78,98,5.66,24.77,886.87,33.54,61.54,Loamy,0.65,7.39,2.35,West,1009,Rabi,Sprinkler,139.73,5.93,23.7
wheat,166,43,65,8.14,19.78,416.62,71.46,30.42,Loamy,1.06,5.4,6.33,Central,889,Kharif,Canal,308.79,9.49,8.3
rice,37,89,51,6.98,35.01,2059.15,65.58,24.04,Clay,0.63,7.79,11.18,East,971,Kharif,Drip,216.23,24.14,9.83
wheat,36,19,134,7.67,27.66,2302.79,63.87,44.77,Clay,1.13,9.08,4.65,East,1013,Kharif,Sprinkler,300.15,7.36,9.37
potato,65,50,133,6.21,31.52,949.18,64.9,39.58,Sandy,1.48,6.89,7.34,South,842,Rabi,Sprinkler,61.99,4.55,24.44
potato,47,93,145,6.0,29.81,2276.74,34.17,18.1,Clay,0.83,10.94,8.67,West,315,Zaid,Canal,280.4,10.89,25.93
sugarcane,32,33,109,6.68,24.51,2072.44,47.48,41.1,Sandy,1.53,10.55,12.46,Central,1489,Zaid,Canal,234.89,22.68,74.51
rice,57,78,80,6.28,34.15,1652.46,45.95,43.12,Clay,1.52,10.53,4.7,North,255,Rabi,Canal,275.03,15.75,9.46
wheat,99,36,80,7.23,28.46,1683.68,58.74,49.71,Silt,0.57,8.16,7.0,North,393,Zaid,Rainfed,268.85,17.28,10.45
rice,178,48,121,5.7,16.8,2062.74,82.74,64.78,Loamy,0.86,7.87,17.23,West,1121,Rabi,Drip,101.41,6.35,9.14
potato,57,70,133,6.33,18.72,2795.39,88.33,36.08,Silt,1.59,7.74,5.53,Central,1534,Zaid,Drip,297.05,3.72,27.57
wheat,83,31,111,7.84,34.81,1097.75,66.72,40.51,Clay,0.47,7.29,13.5,West,1509,Rabi,Sprinkler,66.43,24.78,6.71
cotton,94,90,148,7.37,38.24,481.72,44.81,18.75,Silt,0.92,5.13,15.81,West,1417,Rabi,Drip,192.18,7.24,3.84
maize,129,70,126,5.37,26.44,2048.87,52.84,56.58,Sandy,0.86,10.14,12.41,South,80,Rabi,Drip,134.02,17.8,9.7
rice,50,31,68,7.82,21.57,372.12,49.52,19.91,Clay,1.35,9.72,14.41,South,1862,Rabi,Rainfed,229.91,17.01,7.19
maize,42,88,44,6.8,28.75,2537.12,42.24,61.69,Clay,0.51,9.2,17.73,North,583,Rabi,Rainfed,275.11,3.13,11.94
cotton,86,96,35,7.11,24.51,2731.76,88.71,32.43,Silt,0.59,8.83,6.64,North,1909,Kharif,Rainfed,325.45,14.68,10.09
rice,78,32,127,5.8,35.25,2116.11,37.89,31.88,Loamy,0.53,7.27,5.39,East,1115,Zaid,Drip,83.96,2.75,8.18
maize,147,59,63,6.3,34.99,1157.63,63.99,31.43,Clay,0.52,10.97,8.66,East,112,Kharif,Drip,228.71,9.93,10.61
sugarcane,83,92,102,7.54,23.68,864.3,77.92,62.52,Loamy,0.64,7.09,11.85,South,1719,Zaid,Sprinkler,162.99,13.19,75.05
maize,167,70,66,5.92,34.14,575.58,86.37,64.01,Silt,0.99,5.84,2.82,East,8,Rabi,Sprinkler,133.56,19.54,8.25
potato,82,94,143,5.36,15.79,314.87,42.06,63.66,Silt,1.22,6.33,1.89,West,974,Rabi,Sprinkler,83.78,2.56,25.17
cotton,73,64,99,6.09,21.22,1376.1,41.54,50.24,Silt,0.79,9.01,3.34,East,412,Zaid,Drip,126.17,23.34,9.33
cotton,76,72,95,5.04,12.39,1917.78,59.83,20.55,Sandy,0.88,6.11,3.84,East,1338,Zaid,Canal,194.02,2.05,5.92
sugarcane,82,32,39,7.24,34.23,1240.9,53.06,34.32,Clay,1.33,8.68,1.67,West,587,Zaid,Rainfed,61.61,8.61,73.27
rice,103,94,31,5.3,39.26,1395.49,44.96,29.47,Silt,0.98,8.98,11.07,South,1064,Zaid,Rainfed,229.97,11.75,8.68
maize,75,95,131,5.77,27.3,2013.07,35.66,50.42,Silt,1.07,10.33,10.87,North,233,Rabi,Canal,90.28,8.7,10.96
cotton,42,21,79,7.8,32.99,1322.58,51.88,39.63,Sandy,0.97,7.22,9.15,South,1270,Rabi,Rainfed,226.81,2.24,6.4
cotton,131,90,94,6.64,22.05,2233.54,46.89,45.83,Clay,1.33,7.43,3.22,North,1581,Rabi,Sprinkler,169.42,12.65,9.95
potato,53,24,129,5.89,26.85,1905.86,40.32,15.44,Loamy,0.54,4.48,17.09,West,574,Rabi,Rainfed,284.51,6.24,23.69
cotton,31,83,53,6.66,20.42,1978.5,52.09,54.14,Clay,1.58,5.23,12.99,South,727,Kharif,Drip,187.17,16.7,6.7
rice,110,99,55,5.54,30.91,1848.28,34.9,62.6,Silt,1.44,5.77,2.72,North,946,Rabi,Canal,333.54,23.46,10.55
maize,129,17,47,4.89,17.39,599.29,85.03,48.47,Loamy,0.82,10.52,10.8,Central,2097,Zaid,Rainfed,154.56,15.92,8.05
potato,171,97,58,6.85,14.6,2010.2,65.94,57.6,Sandy,0.84,8.49,1.68,South,1549,Kharif,Sprinkler,217.48,3.32,25.48
wheat,167,58,96,7.23,36.96,1780.58,58.75,38.91,Sandy,1.4,10.32,7.88,East,163,Zaid,Drip,272.29,10.52,9.39
potato,160,84,123,7.79,35.93,1735.66,37.78,16.01,Silt,0.88,6.19,14.74,North,1350,Kharif,Canal,123.41,3.2,23.75
rice,140,28,110,7.42,35.05,1795.95,76.65,64.52,Loamy,0.96,6.31,10.03,Central,1159,Kharif,Canal,64.79,11.35,7.65
potato,131,18,134,7.95,34.65,2767.69,34.52,17.94,Clay,1.27,7.49,2.63,North,796,Zaid,Rainfed,287.7,23.68,27.87
wheat,46,32,21,8.15,31.89,1390.15,89.11,24.64,Silt,0.8,8.62,15.39,South,986,Kharif,Drip,145.03,7.57,6.08
cotton,41,66,136,7.33,36.24,565.17,80.56,17.62,Loamy,0.89,5.03,2.27,Central,1593,Rabi,Rainfed,106.3,1.82,5.4
maize,145,52,101,7.75,16.31,1582.18,58.26,46.25,Loamy,0.35,5.21,9.28,East,2009,Kharif,Canal,231.85,11.48,11.72
potato,53,94,109,7.09,36.11,674.86,70.31,44.16,Loamy,0.47,9.62,9.74,Central,498,Rabi,Sprinkler,168.17,21.89,22.59
sugarcane,58,34,61,5.38,37.53,2315.89,35.34,25.48,Loamy,0.9,10.04,14.15,North,1716,Kharif,Canal,137.0,3.43,75.32
potato,151,58,50,5.42,31.48,924.06,59.31,62.83,Sandy,0.36,4.05,17.76,Central,2149,Zaid,Canal,265.03,18.46,23.63
maize,119,65,80,5.17,27.98,2789.16,79.17,60.67,Loamy,0.7,8.97,7.78,North,73,Kharif,Drip,340.66,10.3,13.8
sugarcane,94,33,121,8.01,17.08,743.99,34.69,28.99,Loamy,0.87,6.51,11.89,West,1401,Kharif,Drip,212.8,11.27,72.7
maize,113,82,75,7.09,35.98,1245.07,43.02,47.94,Silt,0.43,6.4,9.85,North,277,Kharif,Drip,285.14,19.12,11.79
maize,148,80,102,7.49,27.3,665.4,76.64,57.76,Sandy,0.38,7.9,2.36,East,1100,Kharif,Sprinkler,304.08,24.34,13.35
wheat,45,27,147,5.93,28.32,1348.08,57.5,32.99,Sandy,0.32,9.28,14.55,North,1805,Kharif,Drip,200.38,7.21,7.36
sugarcane,133,76,33,6.37,28.2,1510.14,69.9,27.68,Sandy,0.93,10.5,9.89,South,218,Kharif,Drip,206.76,10.09,75.27
sugarcane,121,75,33,4.94,36.0,2158.4,79.09,27.81,Clay,0.49,4.07,11.31,South,1174,Zaid,Drip,268.25,1.48,76.05
sugarcane,56,44,69,7.82,14.11,303.48,38.73,56.02,Clay,1.2,5.86,6.75,East,434,Rabi,Rainfed,328.29,8.8,74.75
maize,163,44,120,7.7,11.85,877.01,58.11,38.15,Sandy,0.94,6.71,16.55,East,129,Zaid,Sprinkler,296.82,5.97,8.69
wheat,164,65,87,7.47,16.72,974.81,63.76,50.77,Silt,0.32,4.55,12.69,West,379,Zaid,Drip,286.84,18.71,9.65
potato,62,62,90,5.0,24.75,1801.52,66.9,47.52,Loamy,0.38,4.25,7.07,South,1638,Rabi,Drip,284.92,17.28,24.83
wheat,84,47,30,5.39,24.08,992.99,80.87,30.31,Loamy,1.49,10.95,9.45,South,1558,Zaid,Rainfed,196.36,8.24,8.23
maize,36,88,33,5.94,25.36,1517.1,58.58,25.4,Sandy,0.46,8.52,6.2,Central,1178,Rabi,Canal,309.59,15.84,9.98
rice,86,96,125,5.69,13.43,1519.44,49.03,21.29,Sandy,1.28,5.88,11.86,South,1715,Kharif,Canal,163.84,20.68,11.07
cotton,155,33,123,7.65,33.79,2326.12,78.14,16.19,Clay,0.62,6.63,14.75,South,582,Kharif,Canal,236.27,21.11,7.9
maize,41,85,147,5.46,19.06,2489.74,83.81,19.06,Sandy,0.72,8.95,6.83,Central,1510,Rabi,Canal,99.76,19.79,10.51
rice,45,71,27,6.61,37.4,2742.58,51.52,27.81,Clay,0.33,5.02,14.91,West,138,Rabi,Sprinkler,248.51,8.86,10.26
sugarcane,72,33,38,6.74,35.2,2401.99,73.58,50.68,Sandy,1.02,6.97,16.76,East,544,Kharif,Drip,277.51,12.02,78.33
maize,146,93,131,6.25,11.9,2494.9,42.71,22.75,Loamy,0.91,10.04,7.72,West,1247,Rabi,Drip,179.12,16.2,11.67
cotton,164,55,77,5.62,11.61,2727.44,35.4,41.17,Sandy,1.27,5.9,4.93,East,360,Zaid,Rainfed,208.63,9.42,11.13
wheat,140,56,44,8.07,28.87,2368.57,52.59,27.26,Loamy,1.48,5.21,17.04,East,2067,Rabi,Canal,64.67,16.61,6.47
cotton,80,66,64,6.21,12.32,811.59,54.42,40.59,Sandy,1.01,10.19,1.93,Central,1060,Zaid,Drip,322.24,19.49,8.88
cotton,104,18,121,7.27,27.16,2280.91,36.84,52.5,Clay,1.54,10.65,9.22,East,416,Zaid,Sprinkler,296.18,2.37,8.6
wheat,37,18,67,5.43,12.37,2073.85,36.14,28.3,Sandy,0.49,10.16,14.25,North,2155,Kharif,Rainfed,272.77,10.01,8.62
maize,74,19,69,7.6,24.38,1689.65,72.37,32.39,Silt,0.75,10.46,1.78,North,1315,Kharif,Sprinkler,79.69,15.5,8.07
cotton,88,55,100,5.53,22.57,736.24,73.13,51.15,Loamy,1.38,6.85,11.89,North,1449,Zaid,Drip,123.36,10.27,4.62
cotton,161,75,63,7.1,27.73,420.04,34.35,42.32,Loamy,1.02,7.28,15.26,North,1414,Kharif,Drip,346.83,14.95,10.18
potato,133,89,78,6.52,20.69,842.87,60.41,19.73,Loamy,1.01,8.34,6.07,Central,71,Kharif,Sprinkler,193.21,13.94,26.05
wheat,127,69,122,5.3,14.2,2492.36,63.58,52.91,Sandy,0.9,4.41,6.28,Central,89,Zaid,Canal,314.41,22.29,11.0
maize,108,89,97,4.88,35.26,974.06,59.92,28.87,Silt,0.32,8.77,1.57,North,2007,Zaid,Sprinkler,256.58,13.31,10.03
maize,153,27,37,7.96,18.98,1417.45,88.75,34.25,Silt,0.4,7.8,10.37,South,922,Rabi,Sprinkler,294.94,21.37,10.68
sugarcane,33,28,135,5.23,12.02,2793.94,57.46,27.26,Clay,0.42,10.56,2.04,East,1767,Kharif,Drip,236.86,2.71,76.04
wheat,119,74,125,7.2,25.02,1573.73,62.72,42.17,Clay,0.55,7.81,1.04,West,1528,Zaid,Drip,115.4,15.07,7.72
rice,133,86,30,7.02,36.33,2218.75,48.61,50.39,Clay,0.42,10.94,3.16,North,1858,Rabi,Canal,209.13,11.07,11.29
maize,166,39,81,5.96,18.42,2287.59,45.14,55.16,Silt,0.44,10.79,8.39,North,187,Kharif,Sprinkler,303.85,19.85,12.7
rice,148,96,67,5.43,23.52,2498.17,79.14,61.11,Loamy,1.13,6.81,13.69,South,94,Kharif,Canal,323.96,12.3,12.01
sugarcane,162,58,113,5.41,22.08,1132.12,85.68,32.96,Loamy,0.45,4.24,12.48,Central,870,Kharif,Drip,264.94,19.09,73.93
cotton,85,96,106,6.79,11.45,681.32,49.31,61.63,Clay,0.9,9.65,6.31,South,933,Kharif,Sprinkler,254.74,7.02,7.13
cotton,125,24,69,6.66,36.05,2521.55,80.86,45.85,Clay,0.38,9.97,6.46,North,2065,Zaid,Canal,242.5,15.67,11.6
maize,104,85,79,7.78,32.77,1823.92,55.3,34.48,Sandy,0.65,7.87,12.18,South,534,Rabi,Sprinkler,224.42,0.84,10.2
wheat,172,64,78,6.98,12.87,1789.57,61.47,59.36,Sandy,1.5,9.13,13.02,East,1241,Rabi,Drip,318.11,3.66,11.27
sugarcane,61,58,34,7.59,13.96,1724.5,40.69,43.98,Silt,0.34,7.34,13.29,West,519,Zaid,Sprinkler,283.01,18.84,73.87
sugarcane,57,28,48,4.91,10.32,387.63,65.07,37.71,Sandy,1.44,8.43,3.69,South,974,Zaid,Canal,268.2,0.43,72.22
rice,51,29,59,7.08,39.57,921.88,87.16,15.58,Clay,1.29,7.59,2.11,North,1691,Kharif,Drip,178.98,0.08,9.46
rice,46,30,50,5.59,22.49,1981.15,33.03,50.88,Clay,1.5,7.36,9.58,East,1530,Rabi,Sprinkler,193.95,23.56,11.05
sugarcane,88,16,92,5.66,37.91,382.48,45.68,18.87,Clay,1.32,9.74,7.78,East,2188,Zaid,Rainfed,186.27,3.06,72.59
potato,119,44,30,7.25,22.6,1816.87,71.66,29.47,Loamy,1.37,5.26,16.8,South,182,Zaid,Canal,349.56,6.0,25.38
sugarcane,135,44,100,7.5,13.11,425.58,46.12,63.08,Clay,0.44,6.97,1.1,North,1959,Rabi,Rainfed,327.27,5.51,77.38
cotton,55,96,81,6.06,20.3,321.19,52.08,22.76,Sandy,1.39,8.72,14.75,West,1558,Rabi,Drip,90.82,12.46,4.68
sugarcane,54,45,70,7.49,22.55,2529.29,47.41,30.59,Silt,0.92,10.9,17.86,South,1355,Rabi,Drip,196.63,24.38,72.83
cotton,167,91,76,6.31,15.3,2577.37,88.05,61.62,Sandy,0.76,8.0,15.46,Central,290,Kharif,Canal,137.25,1.82,11.62
rice,74,34,43,7.72,11.61,1025.17,59.23,31.88,Loamy,0.5,7.85,14.85,East,1666,Rabi,Canal,146.84,21.95,6.88
sugarcane,112,63,60,4.88,19.5,2462.31,38.03,31.43,Sandy,0.3,7.56,1.38,Central,819,Rabi,Sprinkler,64.55,14.42,74.97
maize,40,49,68,5.08,26.18,487.3,37.34,47.4,Sandy,1.14,4.36,15.71,East,1839,Rabi,Rainfed,98.33,16.82,6.46
wheat,133,37,55,7.44,17.66,1328.97,48.62,21.57,Loamy,1.24,8.56,10.93,South,1114,Zaid,Sprinkler,230.73,19.55,9.64
cotton,97,75,29,6.92,38.76,1491.11,54.06,63.64,Sandy,0.8,10.75,12.12,East,1788,Rabi,Rainfed,251.08,21.73,10.44
sugarcane,124,98,97,6.7,24.44,1321.37,47.33,28.75,Loamy,0.51,9.06,7.75,North,2073,Rabi,Canal,336.78,21.7,76.57
wheat,94,69,105,6.89,13.91,1170.94,63.03,54.28,Sandy,0.49,6.24,17.05,Central,1859,Kharif,Canal,299.34,18.42,8.11
rice,78,81,79,7.96,22.4,1828.3,82.31,29.38,Loamy,0.52,8.6,9.89,South,1993,Zaid,Canal,132.73,8.99,8.18
maize,81,22,115,7.03,31.23,1990.7,77.29,28.77,Silt,0.37,7.53,11.5,North,1771,Rabi,Drip,214.54,20.23,11.17
sugarcane,131,54,27,7.0,24.61,2696.18,64.74,17.88,Silt,0.77,8.67,4.55,North,945,Rabi,Rainfed,116.93,8.06,74.89
sugarcane,86,73,126,7.38,19.94,616.64,73.45,20.97,Loamy,1.1,10.98,10.49,North,1203,Kharif,Drip,195.02,16.21,72.39
potato,76,46,77,7.75,13.19,2550.98,69.75,41.1,Clay,0.88,8.27,4.75,East,810,Kharif,Canal,282.64,12.12,28.09
rice,55,21,100,5.69,23.79,2293.44,33.96,43.84,Loamy,0.46,4.13,2.95,North,883,Rabi,Drip,280.52,22.49,11.22
rice,143,16,105,6.9,12.92,1006.84,68.08,55.79,Sandy,1.36,5.78,9.76,North,1307,Rabi,Sprinkler,283.89,1.02,10.39
potato,34,99,53,6.79,21.13,800.64,82.32,18.01,Clay,0.67,6.96,15.38,East,691,Kharif,Sprinkler,120.1,9.46,21.83
potato,113,20,103,5.26,13.49,591.25,79.8,32.81,Clay,1.08,4.49,15.92,South,846,Kharif,Rainfed,182.7,0.04,21.88
cotton,81,50,136,6.57,30.28,1359.31,58.2,25.01,Clay,0.62,7.24,16.93,East,1404,Rabi,Canal,264.08,7.64,7.91
sugarcane,134,46,41,5.04,33.18,1675.34,49.55,32.89,Loamy,1.07,7.16,16.92,South,1938,Rabi,Sprinkler,90.19,1.06,72.71
sugarcane,83,59,34,5.43,17.3,1724.43,52.67,32.72,Loamy,0.47,10.14,17.47,South,976,Kharif,Canal,157.09,3.32,72.42
potato,44,56,121,7.9,12.24,1341.88,63.95,32.71,Clay,1.15,6.02,13.27,North,579,Zaid,Rainfed,236.31,5.61,23.63
potato,90,67,24,5.21,20.41,2013.38,54.58,30.48,Loamy,1.05,6.85,2.9,West,767,Kharif,Rainfed,208.96,6.59,25.2
maize,151,23,42,6.77,26.82,2069.62,50.91,53.2,Silt,0.98,5.65,11.5,Central,2164,Rabi,Drip,81.17,1.94,9.96
cotton,50,89,102,5.9,33.04,1587.57,37.12,49.49,Sandy,0.58,9.6,11.35,West,338,Rabi,Canal,267.66,22.97,9.17
maize,75,89,33,6.69,22.09,1679.24,36.37,32.07,Sandy,0.99,9.54,2.82,North,803,Zaid,Sprinkler,168.71,4.37,10.27
cotton,163,63,29,5.6,20.98,787.24,31.76,22.32,Sandy,1.47,10.61,12.95,South,682,Kharif,Rainfed,330.79,3.84,6.0
sugarcane,67,16,50,6.31,37.25,1684.86,89.63,40.91,Loamy,0.46,9.82,8.04,East,2030,Kharif,Canal,139.76,14.42,75.79
cotton,91,81,146,7.75,23.49,488.2,51.76,60.94,Sandy,1.21,9.65,2.19,North,1921,Rabi,Sprinkler,344.36,13.05,10.29
sugarcane,115,25,56,6.08,23.42,1726.69,34.36,21.18,Silt,0.45,5.65,16.9,South,856,Kharif,Drip,314.52,14.17,76.41
potato,107,64,50,6.0,22.3,1907.2,64.06,52.65,Sandy,0.74,8.78,4.26,East,749,Zaid,Rainfed,274.81,4.56,25.21
wheat,75,49,118,6.32,20.9,2754.47,70.5,44.97,Silt,1.19,4.29,3.11,North,29,Zaid,Rainfed,124.0,12.62,10.09
wheat,170,29,54,5.14,31.85,1362.43,70.85,44.43,Loamy,1.03,4.16,4.45,South,1892,Kharif,Canal,253.99,0.07,8.26
cotton,32,89,130,6.12,18.45,1539.3,88.16,61.73,Loamy,1.18,6.13,13.99,West,1956,Zaid,Canal,104.65,11.0,7.14
rice,35,45,87,4.82,21.36,1430.4,42.79,62.8,Sandy,1.55,10.08,14.11,West,667,Kharif,Rainfed,234.55,16.56,9.37
wheat,122,76,136,6.51,18.47,949.46,83.68,27.19,Clay,1.56,5.93,2.46,Central,1373,Rabi,Sprinkler,262.26,8.08,9.15
potato,37,42,145,7.68,27.11,535.87,84.37,55.42,Silt,1.49,10.5,9.72,North,638,Rabi,Rainfed,155.91,0.1,24.82
sugarcane,137,39,25,6.68,38.81,1901.49,57.47,46.04,Clay,0.94,5.54,12.73,South,695,Rabi,Canal,348.29,17.07,76.87
cotton,104,98,138,6.87,21.71,480.26,87.17,35.44,Silt,0.74,4.33,12.61,South,1865,Kharif,Drip,85.35,6.25,6.16
sugarcane,106,39,49,4.9,39.05,1375.16,42.11,48.28,Loamy,0.66,8.16,12.41,West,722,Rabi,Canal,234.39,14.01,74.79
wheat,79,89,88,7.72,29.7,327.54,50.37,62.8,Loamy,1.05,9.72,8.21,East,1972,Rabi,Canal,269.06,4.68,9.2
wheat,40,97,127,6.11,33.86,2651.3,75.56,40.84,Silt,0.89,7.99,7.96,East,1630,Rabi,Drip,101.7,9.14,9.48
sugarcane,124,15,54,8.11,19.99,2043.61,86.71,62.0,Silt,1.59,7.54,16.63,East,1547,Kharif,Sprinkler,320.95,17.26,75.78
rice,99,73,122,5.21,16.73,857.84,34.67,47.14,Loamy,1.0,7.07,17.21,East,1639,Zaid,Drip,223.25,17.51,7.73
cotton,45,83,63,8.01,27.3,990.39,70.36,39.15,Silt,0.73,9.01,4.0,South,1547,Kharif,Canal,339.5,6.99,8.14
maize,97,88,48,6.96,39.72,1105.61,86.59,47.21,Silt,1.13,10.76,17.92,West,1877,Kharif,Rainfed,194.1,23.68,8.79
maize,128,56,25,4.98,31.31,1597.7,36.18,45.13,Clay,0.36,6.2,3.34,East,217,Rabi,Rainfed,333.7,16.86,9.96
sugarcane,77,48,46,8.1,30.45,1879.46,40.98,36.08,Sandy,0.44,6.4,14.37,East,1517,Zaid,Drip,224.96,15.8,74.09
wheat,93,80,47,4.85,23.5,491.47,70.64,43.12,Clay,1.16,4.47,2.77,Central,1090,Zaid,Canal,123.72,22.49,6.33
maize,119,32,75,7.28,36.38,1950.87,67.93,50.16,Loamy,0.46,5.16,11.61,North,242,Zaid,Canal,188.0,7.12,9.38
sugarcane,105,91,131,7.82,30.91,486.09,47.91,56.94,Clay,1.28,7.68,10.42,Central,1978,Zaid,Canal,189.61,1.9,75.59
cotton,168,19,73,5.4,30.25,2584.73,86.19,30.22,Loamy,0.38,6.21,17.98,South,616,Kharif,Drip,316.59,14.96,9.86
cotton,130,34,99,5.97,18.78,1543.3,53.2,15.73,Silt,1.07,9.74,9.81,North,287,Rabi,Drip,212.01,4.19,6.17
potato,118,80,124,6.71,38.73,2634.19,50.48,42.56,Sandy,1.18,8.36,11.77,North,430,Zaid,Sprinkler,295.95,7.34,27.1
cotton,47,89,37,7.11,17.51,1906.07,80.47,39.46,Loamy,1.31,9.12,13.25,East,1670,Rabi,Canal,297.98,8.46,8.01
potato,48,76,62,7.76,25.71,1302.99,63.7,17.71,Sandy,1.45,7.09,13.33,North,558,Rabi,Drip,207.17,24.2,24.6
potato,84,46,108,7.39,20.19,2257.07,56.52,46.63,Sandy,0.71,4.7,11.84,South,1705,Zaid,Canal,88.89,20.93,24.65
rice,131,72,93,6.04,15.42,470.2,62.69,62.07,Clay,1.23,7.94,14.34,Central,1212,Zaid,Drip,293.58,14.51,11.78
cotton,147,64,29,7.59,14.32,1767.57,73.02,35.11,Loamy,0.4,5.81,13.45,East,79,Kharif,Rainfed,332.58,20.31,9.07
wheat,163,52,108,8.08,18.79,944.18,35.0,59.72,Clay,1.38,7.66,7.26,West,2083,Kharif,Rainfed,343.08,11.95,9.71
cotton,33,69,53,5.57,30.67,2406.82,50.02,55.66,Silt,1.46,4.78,3.06,Central,1450,Kharif,Sprinkler,135.74,9.47,9.14
rice,137,42,102,5.05,39.24,2526.57,81.63,23.09,Silt,1.27,9.45,16.35,East,2198,Zaid,Sprinkler,101.59,0.71,6.91
sugarcane,144,88,117,6.25,35.6,1763.67,73.95,54.36,Loamy,0.67,6.8,1.17,East,2188,Rabi,Rainfed,102.46,21.7,75.39
maize,58,95,50,7.8,16.54,952.19,34.42,40.84,Loamy,0.38,8.66,4.46,North,44,Rabi,Sprinkler,258.09,15.45,8.57
rice,88,36,99,5.31,12.35,1272.43,57.62,60.93,Silt,0.85,7.45,10.35,East,1735,Zaid,Sprinkler,333.29,5.16,12.18
sugarcane,154,57,79,7.81,30.6,1851.22,48.48,24.47,Loamy,0.65,7.27,14.39,East,1457,Rabi,Drip,83.96,22.43,73.77
potato,127,97,21,8.17,10.9,1363.12,77.58,21.25,Clay,0.99,6.67,4.63,North,1635,Zaid,Sprinkler,194.05,6.74,24.31
maize,46,95,55,4.98,35.77,2242.74,38.63,27.06,Clay,0.81,7.38,11.79,Central,110,Rabi,Sprinkler,267.35,18.22,7.82
cotton,136,50,144,6.48,34.77,1222.34,38.69,17.98,Loamy,0.48,8.29,7.43,West,1845,Kharif,Sprinkler,294.6,19.18,7.68
sugarcane,72,66,122,5.92,33.81,1563.69,74.5,31.0,Clay,1.39,5.57,1.06,West,519,Kharif,Rainfed,192.51,20.11,75.42
maize,109,50,135,6.14,26.57,772.56,89.23,29.15,Loamy,1.42,9.0,13.16,West,409,Rabi,Rainfed,61.35,19.6,7.16
cotton,37,42,120,6.34,39.21,2044.49,53.4,35.81,Clay,1.36,7.4,11.62,South,1917,Rabi,Rainfed,98.07,18.04,6.76
wheat,170,92,65,7.31,23.75,2463.06,81.81,38.15,Clay,0.57,8.32,1.94,Central,1120,Kharif,Canal,83.27,14.57,7.12
wheat,135,72,99,6.81,39.6,1216.56,53.89,22.24,Sandy,0.86,7.31,15.78,North,1273,Zaid,Drip,214.45,12.78,11.0
maize,37,50,126,8.07,36.46,2686.79,69.41,45.97,Clay,0.52,5.15,3.89,West,1152,Kharif,Rainfed,267.99,2.32,13.18
wheat,125,84,63,5.93,13.8,395.98,59.2,26.18,Loamy,1.16,6.29,14.67,East,142,Kharif,Sprinkler,275.92,0.49,6.4
wheat,123,23,68,6.64,36.85,850.86,74.59,21.1,Clay,1.35,6.38,7.84,East,1826,Zaid,Canal,155.31,2.94,5.91
cotton,94,35,107,7.57,19.15,1331.14,33.43,50.44,Clay,1.06,6.84,4.71,East,2138,Kharif,Canal,125.08,17.22,6.44
cotton,68,78,77,6.07,33.05,1361.13,62.97,16.14,Silt,1.01,6.23,10.95,East,7,Kharif,Sprinkler,201.43,0.83,5.8
sugarcane,110,90,110,6.38,10.01,2283.5,89.9,33.42,Loamy,1.23,8.72,8.67,North,1541,Kharif,Rainfed,204.04,12.07,75.69
wheat,113,75,113,7.13,18.28,2517.96,75.1,22.22,Clay,0.45,10.96,16.31,West,1429,Zaid,Sprinkler,312.6,4.9,11.38
maize,117,54,97,7.73,32.75,1057.69,43.81,59.14,Sandy,0.62,8.94,11.95,East,1651,Rabi,Canal,308.85,4.24,8.97
wheat,115,70,141,6.21,39.17,1896.89,48.34,56.22,Silt,0.71,10.71,14.95,Central,1447,Kharif,Rainfed,108.32,7.25,7.04
rice,122,18,95,6.61,15.13,1679.07,71.35,18.03,Sandy,0.99,9.17,1.72,Central,931,Zaid,Drip,80.16,14.98,7.87
sugarcane,115,45,72,8.12,23.78,743.77,38.93,42.52,Sandy,1.57,8.11,9.08,North,198,Zaid,Rainfed,188.97,9.38,74.62
rice,73,41,42,4.94,27.62,1115.09,30.43,29.77,Silt,1.42,8.94,6.53,North,876,Rabi,Canal,229.04,8.79,7.73
cotton,166,72,96,6.32,38.58,349.44,76.37,24.63,Sandy,0.62,9.72,3.72,Central,1406,Kharif,Rainfed,331.37,5.54,9.8
cotton,103,39,92,6.96,23.6,1059.51,65.97,30.58,Loamy,0.6,9.84,17.56,South,1347,Kharif,Drip,315.74,11.84,5.66
wheat,65,83,107,4.83,38.01,563.69,70.37,55.79,Loamy,0.87,4.9,12.73,South,355,Rabi,Canal,295.56,19.61,7.7
potato,130,84,122,6.83,39.35,2545.95,31.33,17.89,Sandy,1.57,8.38,6.25,West,1222,Rabi,Canal,335.24,9.54,26.4
maize,133,19,113,4.99,38.25,2547.28,52.72,47.41,Loamy,0.5,5.12,8.33,West,805,Rabi,Rainfed,263.97,3.49,11.27
potato,95,22,79,7.72,32.46,2000.5,61.91,60.67,Clay,1.54,9.11,9.77,East,822,Rabi,Sprinkler,106.38,14.31,22.71
wheat,84,23,29,7.54,13.79,2782.06,71.87,37.4,Clay,0.55,4.04,1.26,Central,1371,Rabi,Rainfed,317.32,20.35,9.25
rice,120,29,121,4.91,28.07,1749.71,80.67,60.08,Clay,1.45,8.49,14.16,South,783,Rabi,Canal,263.0,14.48,8.73
cotton,51,21,77,4.97,32.61,801.21,47.19,60.34,Sandy,1.38,4.34,14.73,North,1964,Rabi,Canal,282.85,1.08,6.9
rice,130,86,28,7.36,38.65,2511.69,84.42,45.48,Sandy,1.45,10.31,13.35,East,1816,Kharif,Sprinkler,219.66,12.98,11.02
maize,150,29,32,6.06,33.34,820.99,70.33,37.79,Loamy,1.46,9.21,7.41,West,345,Rabi,Drip,297.2,5.32,10.27
wheat,122,51,92,6.76,26.17,967.44,53.91,51.88,Loamy,0.58,10.45,2.69,South,1301,Zaid,Rainfed,88.79,12.26,8.29
rice,137,97,135,5.72,16.15,1946.82,69.71,60.81,Loamy,1.31,7.4,1.08,South,1871,Zaid,Drip,263.51,8.15,11.52
wheat,170,53,144,5.39,23.71,624.0,69.67,49.0,Sandy,1.19,4.02,8.42,West,210,Rabi,Canal,185.73,5.34,8.42
rice,39,20,130,5.81,29.15,1824.53,42.82,25.48,Loamy,1.44,10.54,17.14,West,1840,Kharif,Rainfed,116.21,7.56,8.89
sugarcane,38,97,90,5.64,19.74,1057.03,30.37,56.0,Clay,0.94,5.88,8.92,East,821,Kharif,Canal,176.57,2.77,72.67
sugarcane,63,71,108,6.32,23.69,1865.16,37.36,62.58,Clay,0.84,6.34,16.27,Central,1226,Rabi,Sprinkler,309.75,17.4,77.29
sugarcane,158,95,39,7.34,10.52,2295.38,87.3,35.51,Silt,1.24,7.87,11.11,West,1024,Zaid,Canal,126.45,5.68,74.28
potato,118,33,100,6.68,36.37,1285.72,81.5,49.88,Silt,0.65,5.52,11.56,Central,717,Zaid,Canal,246.06,2.93,24.62
wheat,122,77,109,6.87,11.04,1127.56,40.34,40.91,Silt,1.37,10.72,14.63,South,108,Rabi,Drip,281.05,19.77,9.34
rice,100,45,38,6.4,22.28,1126.85,69.57,20.6,Clay,0.67,4.91,5.9,South,116,Rabi,Sprinkler,155.29,0.54,8.49
maize,96,89,131,5.9,25.33,1194.24,84.97,32.49,Sandy,0.36,6.34,10.0,Central,585,Kharif,Sprinkler,136.81,12.73,9.89
cotton,177,93,126,5.29,39.17,2258.94,84.96,23.19,Loamy,1.02,10.73,2.55,East,1947,Rabi,Drip,260.32,10.11,10.71
potato,146,24,140,6.01,38.05,1376.4,63.87,48.68,Loamy,1.39,10.94,17.24,North,1193,Rabi,Canal,85.67,6.11,26.09
cotton,123,81,111,7.06,29.39,2083.95,73.41,44.1,Sandy,1.2,8.49,17.91,Central,793,Zaid,Sprinkler,221.54,9.93,9.2
maize,128,76,99,7.29,27.52,2149.51,53.64,16.68,Silt,1.59,9.49,10.7,West,30,Kharif,Rainfed,314.63,5.65,12.76
cotton,142,17,50,6.4,21.0,1632.19,34.33,18.08,Sandy,0.48,8.04,16.67,South,1695,Kharif,Sprinkler,235.07,3.09,5.72
sugarcane,132,32,72,6.99,11.23,1438.28,61.73,28.04,Clay,0.75,7.25,15.2,East,1187,Kharif,Drip,168.81,10.73,74.15
rice,120,39,132,5.52,18.03,1246.05,49.09,52.24,Sandy,0.79,6.42,9.94,South,2119,Zaid,Canal,283.55,22.25,11.96
wheat,119,34,53,7.72,35.43,1937.7,54.42,21.34,Clay,0.38,5.65,11.55,North,494,Zaid,Canal,165.93,14.77,6.7
cotton,46,72,50,7.74,29.45,1586.18,40.43,25.24,Clay,0.36,5.86,13.39,East,118,Kharif,Canal,132.92,13.98,5.25
maize,47,64,25,5.89,34.43,1029.29,74.11,60.38,Silt,0.34,7.41,6.64,South,1112,Rabi,Sprinkler,85.46,16.78,8.03
wheat,145,93,46,6.66,35.11,1632.24,86.9,42.31,Loamy,0.83,10.6,6.26,Central,681,Rabi,Canal,311.91,11.25,11.11
rice,122,24,26,6.86,11.87,1945.06,72.04,46.04,Silt,1.4,10.09,15.09,South,2084,Zaid,Drip,246.3,21.27,10.09
wheat,120,35,68,6.41,20.11,1661.38,59.54,37.79,Clay,1.22,6.29,4.21,South,159,Zaid,Drip,197.3,8.12,10.42
wheat,111,43,115,7.9,30.28,337.55,55.16,29.99,Silt,0.88,10.66,5.02,South,162,Kharif,Canal,246.82,8.2,6.1
rice,97,24,79,7.32,35.59,2782.94,63.06,27.46,Loamy,0.64,5.1,11.07,West,1670,Rabi,Drip,106.77,5.91,6.91
potato,143,27,52,7.09,34.04,2192.46,69.08,44.46,Silt,0.32,7.8,7.76,West,1135,Kharif,Sprinkler,67.78,2.17,24.74
sugarcane,30,61,66,6.57,22.66,908.72,37.6,38.55,Clay,0.53,8.83,3.23,South,631,Zaid,Drip,293.51,8.12,75.97
rice,87,37,138,5.09,37.96,2201.63,77.44,35.15,Loamy,0.8,10.59,17.73,Central,251,Rabi,Rainfed,322.03,20.78,9.84
wheat,138,64,46,5.17,19.02,2219.33,30.32,49.72,Silt,0.78,5.65,9.05,North,1417,Zaid,Canal,89.13,19.57,6.86
maize,177,18,41,5.82,21.27,1802.07,80.7,35.21,Sandy,0.64,6.16,17.98,East,69,Zaid,Rainfed,183.4,22.79,8.18
rice,145,81,66,5.52,15.44,1861.52,60.14,16.84,Loamy,1.6,4.82,8.67,Central,646,Zaid,Sprinkler,322.34,14.67,10.78
rice,116,99,112,8.04,16.81,703.13,56.08,56.98,Silt,0.88,6.35,14.35,Central,299,Kharif,Drip,294.99,5.27,9.67
sugarcane,39,67,21,6.19,10.26,1230.27,37.25,30.92,Sandy,0.65,9.86,12.97,Central,913,Rabi,Drip,176.9,6.95,71.95
cotton,88,16,66,7.78,19.25,1770.23,65.05,62.32,Loamy,0.83,6.91,6.55,East,588,Kharif,Sprinkler,87.66,5.54,4.79
maize,70,82,46,7.58,19.2,494.12,35.34,58.98,Sandy,0.66,10.92,2.42,West,1423,Zaid,Sprinkler,153.65,1.4,10.2
maize,134,79,46,7.56,12.02,2745.19,81.96,26.7,Silt,0.76,6.78,3.58,North,93,Zaid,Canal,295.59,12.42,13.13
potato,162,93,94,5.53,20.21,554.58,48.14,63.27,Sandy,0.46,9.02,1.65,South,1021,Rabi,Drip,128.51,17.92,23.92
cotton,151,71,29,6.32,19.04,1308.88,40.35,57.68,Sandy,0.3,6.8,12.17,South,464,Kharif,Drip,329.88,18.24,8.47
potato,174,84,140,5.88,33.97,2583.84,45.07,64.25,Clay,0.94,5.67,2.11,North,803,Kharif,Drip,165.63,19.26,27.83
wheat,51,21,52,8.1,14.69,338.09,61.99,48.9,Sandy,0.94,5.25,6.03,Central,1415,Rabi,Canal,307.3,2.73,7.65
maize,127,33,145,7.78,31.75,2008.11,63.6,61.54,Loamy,0.5,5.22,2.95,East,381,Zaid,Canal,183.75,10.11,9.42
cotton,97,58,27,5.65,13.9,1270.95,50.31,49.5,Sandy,1.38,8.52,10.92,Central,234,Kharif,Drip,214.55,16.62,4.9
potato,168,77,90,5.87,24.89,2093.1,77.3,57.75,Sandy,0.55,4.51,12.93,South,1005,Rabi,Drip,290.94,3.81,26.31
wheat,85,79,60,6.6,32.09,1959.76,52.68,45.52,Loamy,1.3,8.47,8.57,East,1026,Rabi,Drip,151.48,12.68,8.55
sugarcane,178,53,137,5.75,28.19,1792.41,56.25,61.46,Silt,0.55,6.91,17.28,Central,1175,Kharif,Sprinkler,63.17,8.49,74.46
rice,128,97,74,7.6,29.38,2463.3,37.8,40.9,Silt,0.67,8.64,5.57,East,1115,Kharif,Rainfed,110.47,12.98,9.65
maize,105,40,26,7.59,16.19,312.54,38.14,51.83,Sandy,0.65,4.16,17.87,Central,523,Kharif,Drip,168.94,23.26,10.24
cotton,55,58,103,7.26,34.82,665.18,36.07,60.85,Loamy,0.6,4.96,10.95,North,1571,Kharif,Canal,337.14,15.03,7.47
wheat,144,26,97,7.14,38.56,2266.92,38.79,36.12,Sandy,1.54,10.11,15.63,East,466,Kharif,Drip,328.82,16.18,9.62
cotton,176,36,72,6.66,14.63,1887.51,84.01,16.32,Loamy,0.64,11.0,3.04,North,1071,Kharif,Drip,338.2,0.93,8.85
rice,138,91,33,5.98,36.65,2614.32,71.1,20.65,Loamy,0.93,9.89,17.72,East,498,Zaid,Canal,316.12,13.83,10.68
potato,76,28,132,7.65,21.93,1397.46,70.32,63.6,Silt,1.26,4.88,13.84,Central,1535,Kharif,Rainfed,280.49,3.46,24.53
rice,100,44,76,7.72,30.97,1674.29,38.75,58.66,Sandy,0.71,5.41,11.11,South,831,Kharif,Drip,64.26,18.17,9.13
rice,69,58,110,4.97,25.2,1860.61,61.17,39.17,Sandy,0.32,5.23,1.08,East,386,Rabi,Sprinkler,188.02,16.72,9.12
wheat,162,98,65,6.16,33.8,740.47,59.32,63.04,Sandy,1.29,10.07,1.07,East,1352,Zaid,Canal,340.54,3.97,11.7
cotton,178,52,110,4.89,11.36,658.73,47.25,24.28,Sandy,0.67,9.79,3.87,South,237,Rabi,Drip,92.22,8.51,4.5
cotton,161,73,121,7.65,19.71,934.3,46.2,20.55,Sandy,1.44,6.88,7.92,South,421,Kharif,Drip,271.61,15.72,7.85
sugarcane,52,56,125,5.4,11.42,1264.66,75.75,45.07,Sandy,0.94,4.87,6.03,South,1685,Zaid,Drip,275.31,8.62,76.39
potato,135,66,147,7.09,38.25,1519.28,47.89,34.11,Clay,1.11,10.22,15.45,South,724,Zaid,Sprinkler,122.18,5.29,24.4
maize,113,77,51,6.02,15.1,1461.07,65.55,31.99,Sandy,1.54,8.07,13.77,West,111,Zaid,Canal,329.21,4.66,9.9
potato,172,75,25,7.57,22.74,2280.01,85.17,51.71,Clay,1.43,10.84,16.16,North,1982,Kharif,Drip,122.23,12.01,24.4
wheat,145,48,93,6.53,29.24,634.51,60.83,22.5,Clay,1.33,5.98,7.36,Central,2122,Kharif,Canal,333.66,9.07,9.84
sugarcane,138,53,48,5.9,23.85,1221.89,66.24,53.92,Clay,0.99,4.26,14.37,South,1114,Zaid,Sprinkler,234.18,8.23,77.25
rice,165,55,53,5.9,26.1,2664.97,82.51,32.97,Sandy,0.52,10.88,15.33,West,1148,Kharif,Sprinkler,62.38,24.36,8.45
wheat,70,51,26,5.91,16.12,2229.86,73.26,64.34,Loamy,1.39,6.47,17.95,South,1757,Kharif,Drip,237.35,12.91,9.2
cotton,141,79,100,7.48,12.01,1369.97,30.81,55.44,Silt,0.42,7.14,14.21,Central,950,Rabi,Canal,221.05,13.11,5.64
cotton,176,93,96,7.22,17.72,1753.06,38.69,47.31,Loamy,1.45,4.61,15.6,West,1059,Rabi,Rainfed,250.19,20.37,10.65
cotton,141,46,77,5.89,19.51,1475.55,46.14,26.47,Loamy,1.3,8.15,6.17,Central,523,Zaid,Drip,211.71,12.78,7.34
maize,132,22,104,6.47,22.47,1259.69,55.82,62.82,Sandy,1.34,5.82,12.39,North,1941,Zaid,Sprinkler,232.39,0.95,9.93
sugarcane,75,32,92,5.06,18.88,631.97,46.56,16.65,Loamy,0.79,8.77,12.25,East,863,Kharif,Canal,231.72,19.46,70.64
maize,97,59,64,7.61,11.07,718.23,57.68,26.17,Loamy,0.41,9.32,10.92,South,426,Zaid,Sprinkler,300.41,18.22,8.91
rice,151,47,66,5.7,12.84,1020.5,77.03,16.84,Sandy,1.25,6.01,17.38,South,1373,Rabi,Sprinkler,251.7,10.02,8.1
maize,44,19,96,7.82,30.21,1213.0,88.38,63.33,Sandy,1.57,7.09,8.1,North,1878,Zaid,Drip,139.86,1.56,9.19
potato,158,96,92,6.83,11.89,929.16,67.76,58.57,Silt,1.42,6.42,15.76,West,1551,Kharif,Canal,74.16,3.7,24.25
potato,140,88,135,6.73,11.39,1743.35,82.21,62.61,Silt,1.39,10.85,1.95,West,1291,Rabi,Sprinkler,177.05,22.97,27.17
maize,53,50,49,5.35,34.35,1795.31,50.62,50.75,Clay,1.12,9.94,7.96,West,2003,Rabi,Canal,249.7,15.8,9.42
wheat,56,37,90,5.04,11.24,414.59,38.21,16.37,Silt,0.45,6.95,2.24,West,109,Zaid,Canal,125.19,20.03,5.98
sugarcane,69,54,122,6.68,12.06,1924.14,79.98,61.58,Sandy,1.42,7.6,11.1,Central,947,Zaid,Rainfed,342.03,4.67,77.61
sugarcane,53,19,123,6.39,26.49,1468.92,76.3,36.05,Loamy,0.59,10.89,11.07,North,1373,Kharif,Rainfed,346.43,12.79,74.39
maize,53,48,141,5.21,23.29,1667.57,44.17,33.41,Sandy,0.64,5.9,6.89,West,1976,Kharif,Drip,192.17,13.37,8.91
potato,33,38,148,7.64,38.93,2533.2,62.31,29.21,Sandy,1.28,10.2,16.4,East,401,Rabi,Canal,339.38,9.02,26.81
cotton,96,31,50,6.22,38.11,758.34,89.63,29.34,Loamy,1.23,10.59,3.76,North,1929,Zaid,Drip,275.8,11.62,7.8
potato,63,85,128,5.69,29.81,1311.12,88.31,55.03,Silt,0.39,7.22,8.89,Central,2161,Zaid,Rainfed,250.28,14.01,26.23
potato,145,95,91,7.48,12.16,1512.89,57.13,27.82,Loamy,0.63,5.73,11.03,East,657,Zaid,Drip,280.16,1.57,26.99
rice,52,36,146,7.9,25.1,1777.08,47.02,26.11,Sandy,1.36,5.09,4.37,West,640,Rabi,Rainfed,257.82,15.02,10.49
potato,138,29,104,5.84,11.35,1994.22,47.62,49.9,Silt,1.53,4.51,14.93,East,428,Kharif,Rainfed,300.4,1.31,25.88
cotton,98,29,34,7.44,37.24,623.19,82.69,29.37,Sandy,0.65,5.27,8.75,South,770,Rabi,Sprinkler,66.66,21.89,3.39
cotton,124,39,75,7.02,29.8,2172.45,70.14,15.66,Sandy,1.29,6.36,9.89,East,745,Kharif,Sprinkler,321.5,10.84,8.32
maize,91,67,46,8.17,27.22,852.6,65.96,61.59,Silt,0.96,9.41,7.91,South,661,Zaid,Drip,130.3,12.17,8.64
sugarcane,86,35,21,5.49,22.84,2677.97,46.07,30.68,Loamy,0.79,6.72,11.3,Central,1491,Rabi,Sprinkler,218.47,7.07,72.92
wheat,83,80,93,8.07,25.29,564.19,54.38,53.22,Clay,1.47,6.54,14.84,Central,604,Zaid,Canal,307.87,24.32,5.65
potato,99,46,83,5.87,22.01,2766.79,63.46,38.45,Silt,1.01,9.91,6.7,North,871,Kharif,Sprinkler,156.41,8.08,25.04
cotton,130,35,24,6.2,12.99,2619.96,61.27,21.7,Sandy,1.2,8.16,6.17,East,346,Kharif,Sprinkler,346.28,10.16,7.8
maize,86,82,110,6.02,29.83,2523.0,33.16,48.1,Sandy,1.07,7.22,16.5,West,982,Rabi,Canal,115.18,12.88,9.65
maize,167,58,87,5.71,39.89,375.8,59.21,26.58,Silt,1.14,8.41,17.99,South,619,Zaid,Sprinkler,121.17,17.61,7.72
wheat,164,97,100,7.16,13.37,803.65,66.63,29.4,Sandy,0.97,7.92,4.87,North,1426,Zaid,Canal,206.91,8.1,6.23
potato,132,80,104,6.8,39.83,1719.51,77.26,16.62,Clay,0.99,7.11,4.69,South,1951,Kharif,Rainfed,82.39,24.19,23.38
wheat,114,28,42,5.84,36.99,2103.15,37.72,15.82,Silt,1.41,6.8,3.52,South,483,Kharif,Drip,64.66,10.78,7.29
sugarcane,90,29,116,5.25,36.83,2136.9,79.48,40.68,Sandy,0.69,10.19,5.98,East,906,Rabi,Canal,252.81,6.41,75.88
cotton,32,34,143,5.88,34.94,415.35,35.58,17.89,Clay,1.26,5.29,9.44,South,1367,Rabi,Rainfed,193.38,8.12,6.14
sugarcane,157,48,56,6.1,37.71,2021.82,59.96,25.47,Sandy,0.65,5.1,1.08,South,1357,Rabi,Sprinkler,266.1,20.04,77.47
sugarcane,115,50,49,6.09,17.39,1540.88,35.09,61.19,Silt,0.39,9.61,5.1,West,2186,Rabi,Canal,337.11,12.4,76.21
rice,76,97,136,6.01,23.11,1083.98,79.04,19.14,Loamy,1.47,4.84,15.6,East,639,Kharif,Rainfed,333.49,10.91,9.56
maize,105,23,28,4.97,24.39,2023.76,57.83,29.54,Clay,0.83,10.79,3.11,West,546,Rabi,Drip,276.97,0.69,8.07
wheat,67,85,85,6.38,12.04,926.79,67.23,51.33,Silt,1.19,5.95,15.25,North,1436,Zaid,Rainfed,185.11,21.49,7.97
maize,170,44,139,7.64,39.43,1912.56,59.93,59.22,Silt,1.29,9.97,10.52,Central,1762,Kharif,Rainfed,192.08,16.22,10.97
maize,116,91,143,5.41,30.68,1830.4,57.67,17.31,Silt,1.34,8.53,5.51,South,260,Rabi,Drip,193.92,23.53,9.45
sugarcane,87,77,63,5.3,23.55,1777.81,40.96,24.27,Loamy,0.59,9.66,8.75,East,1238,Rabi,Sprinkler,308.87,2.02,77.47
maize,79,49,128,6.4,39.77,1632.19,86.61,34.39,Sandy,1.15,6.8,3.9,Central,1307,Kharif,Drip,296.77,19.46,13.41
potato,59,27,56,6.06,18.17,981.39,73.72,33.05,Loamy,1.29,5.42,11.13,South,387,Kharif,Drip,264.67,17.79,25.33
maize,130,93,86,6.71,20.11,802.63,64.01,29.43,Silt,0.46,10.64,2.39,South,672,Zaid,Rainfed,249.31,13.26,9.08
wheat,54,60,79,8.02,15.73,1257.91,42.35,27.12,Clay,0.48,9.51,11.39,Central,121,Rabi,Drip,141.09,4.51,6.09
maize,141,70,55,7.39,15.6,2727.1,54.03,28.43,Sandy,0.77,5.05,9.08,North,1573,Kharif,Rainfed,212.58,1.32,11.22
cotton,155,23,68,7.14,15.65,2268.83,50.54,21.67,Loamy,0.69,7.1,1.02,West,259,Rabi,Canal,158.44,9.72,7.93
rice,152,50,126,6.21,28.33,1260.91,75.33,23.17,Clay,1.34,6.31,16.79,West,932,Kharif,Canal,227.46,19.6,9.12
rice,76,17,27,5.78,18.82,2009.2,41.57,45.34,Silt,1.14,5.08,1.5,Central,884,Rabi,Drip,325.34,9.06,11.28
cotton,147,33,60,6.64,38.55,1001.95,70.04,29.61,Clay,0.95,8.15,15.48,East,1408,Kharif,Rainfed,220.1,20.28,7.74
rice,68,42,120,7.81,34.5,836.72,84.15,34.98,Clay,0.44,9.18,5.34,North,1897,Zaid,Sprinkler,349.33,23.14,8.49
maize,45,37,132,7.78,14.84,1758.74,80.31,35.6,Silt,0.45,5.64,17.7,North,2179,Zaid,Drip,204.79,9.45,8.35
wheat,51,21,128,6.31,35.02,940.4,50.37,20.49,Loamy,0.97,7.85,18.0,Central,1197,Rabi,Sprinkler,109.6,10.92,6.57
sugarcane,83,90,105,5.64,20.37,1666.22,39.1,55.97,Silt,1.45,5.41,4.97,Central,1030,Zaid,Rainfed,344.06,6.1,76.38
maize,178,28,97,5.57,16.83,500.62,51.76,62.82,Clay,1.31,8.63,5.29,West,1596,Kharif,Canal,109.36,9.04,8.18
sugarcane,45,60,74,4.92,33.46,2387.35,53.67,28.18,Silt,1.45,8.89,15.42,East,2060,Zaid,Canal,227.22,10.53,76.82
maize,88,29,129,7.67,35.71,1254.89,62.24,29.72,Sandy,1.03,7.52,3.39,West,2137,Rabi,Drip,270.68,22.88,10.26
maize,60,81,84,5.7,38.81,338.81,32.71,49.66,Sandy,0.59,8.65,1.06,Central,2199,Zaid,Canal,200.39,5.78,10.37
potato,61,29,83,6.02,22.61,2695.67,60.65,19.03,Clay,0.34,8.89,11.71,Central,691,Kharif,Canal,72.37,19.42,23.87
maize,38,65,137,7.55,26.86,1663.32,66.3,60.37,Silt,1.52,10.39,5.62,North,837,Rabi,Sprinkler,242.48,9.16,11.18
wheat,168,22,61,5.21,28.45,2589.69,86.51,21.03,Clay,0.92,9.84,7.27,East,996,Rabi,Drip,345.92,0.02,9.04
wheat,39,83,136,6.37,28.83,769.79,73.48,51.6,Silt,1.42,9.75,8.61,Central,1466,Kharif,Drip,257.85,18.0,9.25
wheat,46,76,69,5.22,22.06,1050.61,31.69,29.58,Sandy,1.25,4.15,5.52,North,1124,Rabi,Canal,237.45,8.7,10.18
potato,97,65,67,6.3,14.57,1257.94,40.51,31.16,Sandy,1.38,5.84,3.02,West,437,Kharif,Canal,231.15,8.35,25.73
maize,77,77,92,4.96,12.11,788.44,58.53,22.04,Clay,0.57,5.35,13.03,West,414,Rabi,Drip,164.71,24.16,8.75
maize,140,82,125,6.56,37.18,1434.96,88.56,47.32,Sandy,1.18,10.96,9.38,North,596,Kharif,Rainfed,143.44,3.45,11.88
cotton,152,92,27,7.51,21.0,1003.59,66.07,54.75,Clay,1.24,7.95,14.07,South,231,Zaid,Sprinkler,271.46,9.55,7.9
cotton,178,30,129,7.1,15.42,613.56,80.66,62.51,Loamy,1.02,5.22,16.42,West,908,Zaid,Drip,144.79,22.78,5.02
sugarcane,130,98,50,6.53,39.51,503.71,36.24,31.58,Clay,1.39,7.99,4.85,South,163,Rabi,Drip,324.69,21.6,76.97
wheat,131,38,31,7.62,34.09,945.07,56.23,46.06,Silt,1.58,8.86,16.21,North,1967,Kharif,Sprinkler,116.05,19.03,6.82
potato,94,20,146,5.57,39.44,2753.07,31.34,35.75,Silt,0.31,9.76,17.26,East,1020,Rabi,Drip,342.37,2.87,26.08
rice,80,71,76,7.62,18.36,940.67,44.9,42.89,Silt,0.89,5.95,6.06,Central,501,Rabi,Drip,187.21,14.08,8.06
sugarcane,65,45,46,5.74,23.9,2438.64,78.68,23.15,Clay,1.28,7.9,15.52,West,1778,Zaid,Rainfed,87.62,18.72,74.58
potato,110,20,65,6.03,34.26,1447.72,67.33,44.09,Loamy,1.24,6.11,5.64,Central,734,Kharif,Canal,71.37,13.25,24.53
sugarcane,156,93,80,5.24,26.56,930.89,46.92,57.45,Clay,0.91,7.15,15.23,South,1914,Rabi,Sprinkler,301.07,5.9,75.5
rice,117,43,77,5.15,20.65,2357.1,80.52,58.18,Clay,1.39,6.85,16.42,West,764,Zaid,Rainfed,210.03,19.27,10.54
rice,133,81,32,7.97,14.75,2187.26,74.11,39.17,Loamy,1.18,5.5,17.45,East,702,Kharif,Drip,116.66,14.39,8.24
wheat,44,89,119,5.45,26.85,1843.58,60.1,26.79,Sandy,1.01,6.05,10.75,East,380,Rabi,Drip,136.69,7.3,9.42
maize,125,17,68,5.93,27.95,1016.26,32.65,56.83,Sandy,0.65,5.8,10.3,East,1440,Rabi,Rainfed,88.43,21.97,8.55
sugarcane,152,42,54,6.6,31.62,2205.48,84.38,64.97,Sandy,0.78,9.68,2.72,East,496,Zaid,Rainfed,134.81,1.16,76.61
potato,30,88,113,5.98,33.72,348.51,70.14,33.86,Sandy,1.59,5.02,10.17,Central,101,Zaid,Canal,83.35,14.55,20.9
rice,151,62,114,7.76,13.54,999.6,78.81,61.22,Sandy,1.48,10.8,15.27,Central,719,Kharif,Rainfed,180.58,14.26,8.72
wheat,155,94,91,7.86,28.84,2454.46,86.15,64.17,Loamy,1.2,6.81,1.16,South,1910,Kharif,Rainfed,197.9,12.58,10.65
sugarcane,86,24,142,5.91,33.44,884.96,38.3,34.78,Loamy,1.42,5.58,16.45,Central,117,Kharif,Rainfed,222.46,24.56,75.12
potato,110,47,29,5.11,21.67,1874.07,75.17,50.81,Clay,0.48,9.34,10.8,South,387,Rabi,Drip,224.79,8.53,22.98
maize,102,81,23,5.51,18.27,1498.18,39.27,44.05,Sandy,0.65,4.64,11.92,Central,375,Zaid,Drip,147.36,9.41,8.74
potato,170,83,144,6.41,24.39,1372.56,60.94,51.11,Silt,1.45,9.71,13.41,South,1314,Rabi,Sprinkler,312.67,13.31,25.37
potato,99,26,48,5.78,19.3,2015.51,73.62,22.71,Loamy,0.91,6.18,16.78,North,685,Rabi,Drip,152.15,21.02,24.29
sugarcane,35,71,65,6.34,25.3,395.36,61.22,33.34,Loamy,1.07,5.2,12.8,East,2157,Zaid,Sprinkler,228.76,12.24,72.43
rice,113,58,96,7.38,19.25,1544.7,58.35,18.14,Sandy,1.45,9.91,8.48,West,806,Zaid,Canal,151.02,18.39,8.55
rice,81,27,78,6.23,22.68,1400.1,47.0,45.66,Silt,0.83,8.17,15.6,Central,1327,Rabi,Canal,300.01,21.68,12.05
cotton,32,38,85,5.47,37.45,2176.99,76.08,61.33,Silt,0.93,7.77,17.16,East,1524,Kharif,Canal,349.37,9.17,9.61
wheat,110,58,126,6.02,37.5,1365.96,35.36,43.01,Loamy,0.45,6.09,11.56,Central,757,Rabi,Drip,109.48,23.44,9.29
potato,92,71,105,7.33,39.77,2561.89,43.9,18.52,Clay,1.59,7.5,14.01,South,1902,Zaid,Rainfed,336.94,16.15,27.84
potato,78,30,28,6.24,24.58,2781.6,32.71,61.52,Silt,1.57,9.47,10.39,Central,1694,Rabi,Canal,80.62,24.66,25.52
wheat,105,35,39,5.65,15.04,2489.49,40.63,21.65,Clay,0.69,7.34,2.89,East,2095,Rabi,Canal,293.47,0.19,8.76
maize,141,90,146,6.25,36.67,2290.36,54.46,59.15,Sandy,1.41,8.42,11.39,East,2063,Zaid,Rainfed,333.52,11.8,15.56
sugarcane,138,65,36,6.35,27.91,2092.51,31.79,50.71,Sandy,1.26,4.27,10.69,Central,254,Kharif,Rainfed,248.84,0.55,77.4
maize,94,35,31,5.81,32.43,1702.06,43.61,46.82,Sandy,0.49,8.15,9.51,West,1997,Kharif,Drip,154.84,9.73,10.25
rice,110,74,101,8.19,14.88,2267.15,32.44,44.34,Clay,0.33,5.62,10.6,West,791,Rabi,Rainfed,116.38,19.45,8.74
sugarcane,44,65,86,7.41,19.59,1807.21,82.54,21.56,Loamy,0.32,9.15,6.76,North,234,Zaid,Canal,297.66,14.08,75.69
cotton,129,35,72,7.15,18.26,2704.76,83.4,40.04,Clay,0.39,6.19,14.62,North,1600,Zaid,Canal,88.38,13.5,4.5
cotton,61,20,73,7.71,26.79,2523.67,71.91,24.83,Sandy,1.12,6.06,5.13,North,1137,Kharif,Drip,198.84,5.53,9.19
potato,125,87,87,7.07,39.92,1741.08,65.67,43.59,Silt,0.94,6.9,8.35,South,522,Rabi,Drip,291.32,20.22,27.44
sugarcane,157,79,54,7.49,28.37,1362.36,77.75,37.37,Loamy,1.6,4.82,13.13,West,1615,Zaid,Rainfed,299.59,20.0,75.51
wheat,175,90,107,6.2,27.19,792.36,46.89,48.98,Clay,0.67,9.27,10.56,North,274,Zaid,Drip,161.39,4.36,8.39
maize,142,72,34,6.5,32.77,911.86,74.52,64.12,Silt,1.24,8.4,3.22,West,974,Kharif,Canal,212.54,1.03,10.61
potato,112,92,34,4.96,19.86,846.99,49.81,33.05,Silt,0.8,5.96,9.42,Central,18,Zaid,Sprinkler,102.9,23.57,23.26
cotton,72,20,50,5.75,17.6,2529.03,56.58,45.84,Sandy,0.43,9.41,13.7,Central,1694,Rabi,Drip,226.66,18.41,8.08
cotton,145,79,126,6.05,35.14,2592.02,88.8,58.22,Sandy,1.44,10.73,2.2,Central,267,Kharif,Drip,196.36,7.38,7.9
sugarcane,107,48,29,6.93,38.82,1100.34,80.75,19.65,Silt,0.82,10.0,15.48,East,581,Rabi,Drip,323.26,4.09,73.67
cotton,87,70,76,6.38,22.64,2054.76,55.12,55.01,Loamy,1.49,6.9,9.69,West,297,Kharif,Drip,194.99,14.44,8.25
potato,62,89,26,6.87,11.24,611.66,84.3,26.97,Clay,1.52,6.06,9.98,Central,249,Rabi,Rainfed,244.25,22.08,24.41
rice,43,17,144,7.23,15.37,1703.56,35.84,42.01,Loamy,1.37,4.06,10.59,North,820,Kharif,Sprinkler,166.73,4.71,9.17
sugarcane,161,56,138,4.95,35.71,1048.53,84.17,64.58,Loamy,0.34,5.81,5.14,Central,982,Zaid,Rainfed,141.72,2.58,74.26
rice,88,76,99,5.68,13.65,2676.44,83.36,64.2,Clay,1.56,4.81,7.47,West,145,Rabi,Rainfed,97.09,1.03,7.87
sugarcane,112,20,143,5.38,32.89,640.15,68.81,30.79,Clay,0.46,9.8,12.37,South,1372,Rabi,Canal,206.03,8.81,73.28
potato,163,20,76,5.44,28.61,637.71,49.48,21.59,Clay,1.51,9.44,7.71,Central,434,Rabi,Sprinkler,213.17,10.12,22.8
potato,150,77,91,6.51,31.8,2228.2,79.33,61.91,Loamy,1.09,7.3,16.94,East,450,Rabi,Canal,174.54,24.0,25.03
rice,112,34,47,7.32,17.7,1079.85,46.33,59.68,Loamy,0.79,4.82,16.41,East,1255,Rabi,Drip,221.94,7.18,9.09
potato,56,35,55,5.73,10.55,938.16,38.53,45.8,Clay,1.24,7.64,3.99,West,1421,Kharif,Canal,230.37,18.48,24.79
maize,109,16,75,7.6,11.19,823.87,63.07,16.62,Silt,0.96,7.71,4.38,West,1755,Rabi,Drip,95.21,20.38,8.4
maize,163,70,135,7.83,31.75,932.4,37.73,52.56,Silt,1.33,8.42,7.99,North,879,Kharif,Sprinkler,136.58,10.66,7.96
sugarcane,42,24,78,5.99,28.4,2772.78,51.44,23.04,Clay,0.97,7.68,10.91,North,1129,Zaid,Sprinkler,309.51,4.85,75.19
maize,93,84,142,7.12,35.21,1434.36,64.79,62.15,Loamy,0.78,4.7,16.0,East,1816,Rabi,Drip,200.18,12.79,12.0
potato,176,37,85,5.2,21.98,925.64,42.45,36.76,Clay,0.77,8.47,3.14,Central,894,Rabi,Sprinkler,160.61,13.46,23.85
maize,109,44,28,7.33,26.67,458.03,54.83,45.76,Sandy,0.76,10.93,14.52,North,1409,Zaid,Sprinkler,80.67,18.49,7.63
potato,152,92,138,5.36,33.51,602.83,48.49,29.05,Silt,0.91,8.43,3.06,North,845,Kharif,Drip,207.52,5.22,25.76
cotton,72,51,141,7.14,24.9,1941.97,39.26,38.75,Silt,0.44,6.54,10.44,North,2053,Zaid,Sprinkler,245.99,18.76,7.58
sugarcane,118,69,84,6.23,39.8,951.08,68.03,52.73,Silt,1.16,8.35,10.85,North,1839,Kharif,Canal,224.06,7.32,73.89
cotton,177,63,146,7.96,32.29,1689.73,66.01,39.6,Clay,0.74,7.91,17.39,North,599,Kharif,Sprinkler,288.08,2.33,8.1
rice,124,48,106,6.38,30.5,1681.76,63.54,57.36,Sandy,1.03,4.67,13.78,Central,2128,Rabi,Canal,141.19,8.08,9.98
potato,31,58,52,4.91,34.05,1204.91,85.87,50.65,Silt,0.98,8.44,13.3,South,27,Kharif,Drip,74.91,3.4,22.77
cotton,149,36,72,6.43,33.32,2083.58,85.59,18.87,Sandy,1.41,8.57,1.43,North,877,Zaid,Sprinkler,228.07,24.24,9.5
potato,51,45,111,7.5,16.59,383.21,64.34,45.34,Loamy,1.42,6.45,13.86,West,449,Rabi,Rainfed,127.01,18.95,23.11
potato,144,21,70,7.0,16.31,1342.67,74.32,45.63,Loamy,1.59,6.11,12.53,South,755,Kharif,Rainfed,112.96,8.95,25.51
cotton,86,35,90,8.09,28.18,1385.38,78.3,34.04,Silt,0.61,7.48,12.55,East,1410,Kharif,Sprinkler,248.25,10.58,8.49
cotton,101,30,59,7.67,23.08,611.32,36.59,31.14,Loamy,0.34,5.01,1.86,Central,504,Kharif,Sprinkler,214.84,9.03,5.9
sugarcane,36,34,58,6.59,36.15,338.22,80.7,18.14,Clay,0.85,4.64,7.66,North,1606,Zaid,Drip,308.04,7.05,73.57
wheat,148,57,140,5.5,18.7,1635.4,30.31,37.31,Loamy,1.47,9.28,2.95,East,1792,Rabi,Drip,283.92,24.73,10.79
cotton,143,58,104,4.81,19.93,1036.73,30.12,31.83,Clay,1.08,5.28,16.5,South,34,Rabi,Rainfed,191.25,3.57,6.0
wheat,45,61,56,8.13,14.99,2630.43,48.62,62.55,Loamy,0.79,5.74,7.24,South,1968,Zaid,Rainfed,149.75,4.36,8.89
wheat,112,33,106,7.99,39.45,2064.22,77.58,48.71,Sandy,1.3,6.67,15.9,Central,1216,Zaid,Sprinkler,343.34,4.74,13.2
wheat,101,62,148,5.73,13.48,520.29,85.28,38.0,Loamy,1.23,9.03,6.4,Central,769,Rabi,Sprinkler,255.75,19.52,9.6
cotton,153,93,82,6.97,39.49,1938.6,53.95,52.73,Sandy,1.23,7.97,12.41,North,1986,Kharif,Canal,346.92,13.96,9.2
rice,142,83,62,7.28,31.19,2488.14,67.86,53.94,Clay,0.97,7.2,1.16,West,41,Zaid,Rainfed,228.62,3.0,12.7
rice,41,25,119,6.77,12.67,2692.23,58.35,39.02,Loamy,0.99,10.89,12.86,Central,738,Kharif,Drip,127.95,7.27,9.13
cotton,155,93,124,7.67,14.56,1081.73,46.78,18.79,Loamy,1.02,7.3,12.85,South,1656,Kharif,Sprinkler,255.0,12.57,8.2
sugarcane,82,43,27,5.06,19.81,1394.93,82.07,54.03,Sandy,1.02,8.11,3.34,East,1328,Rabi,Rainfed,322.73,21.11,76.0
maize,104,59,68,7.85,17.81,1913.2,65.22,19.51,Loamy,0.57,4.58,8.61,East,1017,Kharif,Rainfed,244.32,4.5,8.89
sugarcane,162,82,115,6.13,39.19,2573.71,71.36,57.38,Clay,0.62,5.9,12.61,East,1345,Zaid,Canal,195.2,1.96,74.37
potato,56,50,142,6.43,28.4,1990.12,67.03,31.71,Sandy,0.79,6.05,10.02,Central,1060,Rabi,Sprinkler,124.1,22.83,25.95
potato,169,62,66,6.31,12.23,1260.59,35.04,46.91,Clay,1.41,5.56,16.73,North,436,Kharif,Canal,268.28,11.71,26.61
potato,174,29,44,6.61,25.76,525.51,79.77,52.02,Silt,0.9,6.07,4.58,South,1458,Rabi,Rainfed,150.89,24.87,23.69
rice,163,58,133,6.83,36.91,660.52,32.31,16.76,Clay,1.5,7.39,17.41,Central,2177,Kharif,Canal,186.13,2.79,8.49
rice,126,81,118,7.22,22.49,1669.57,71.45,34.23,Sandy,1.33,9.99,9.38,Central,2177,Zaid,Rainfed,254.39,7.33,10.36
wheat,34,88,115,6.58,29.98,895.86,38.48,45.21,Clay,1.42,8.51,18.0,West,412,Zaid,Sprinkler,201.18,4.39,7.89
cotton,86,54,53,7.13,33.2,1423.95,62.84,57.41,Loamy,0.47,9.59,8.25,East,2002,Rabi,Canal,223.32,21.07,8.47
cotton,107,28,128,5.95,15.55,1318.39,37.64,50.89,Clay,0.49,7.41,15.77,South,1478,Zaid,Drip,121.28,2.66,8.75
wheat,98,77,111,7.98,35.67,1726.26,88.17,59.81,Loamy,0.61,7.98,15.21,East,1692,Zaid,Drip,297.63,19.1,12.1
rice,147,95,27,5.02,23.46,1133.67,55.95,19.14,Sandy,1.16,4.48,10.16,North,978,Zaid,Drip,103.96,12.11,7.22
potato,149,99,82,6.65,11.7,1451.54,77.6,18.59,Loamy,0.92,4.99,13.97,North,1787,Rabi,Rainfed,110.23,21.52,23.58
rice,88,65,101,5.1,36.37,1754.94,77.79,50.68,Clay,0.52,9.82,13.63,Central,260,Rabi,Drip,77.0,2.5,7.13
maize,62,93,44,6.31,26.93,1785.21,37.28,34.93,Silt,1.27,10.95,3.26,North,138,Rabi,Canal,265.15,3.64,10.96
sugarcane,91,72,148,5.68,15.95,1469.69,63.97,39.08,Loamy,0.97,9.48,13.49,South,778,Rabi,Rainfed,330.3,21.36,75.81
potato,79,29,27,7.99,19.52,2085.27,89.95,45.22,Silt,1.25,5.38,13.36,Central,518,Kharif,Rainfed,80.4,12.81,23.11
sugarcane,141,79,143,4.84,27.08,1275.56,52.93,64.3,Silt,1.48,4.17,8.32,South,345,Rabi,Sprinkler,111.41,7.75,74.81
cotton,48,69,117,6.13,21.23,2269.97,35.73,18.36,Silt,1.49,4.28,3.61,East,1298,Kharif,Drip,168.14,7.56,7.72
rice,152,90,120,7.46,17.0,2761.52,75.86,20.44,Silt,0.69,5.88,8.67,North,649,Kharif,Sprinkler,142.03,9.99,9.68
rice,76,24,130,5.44,24.38,2198.17,65.65,56.47,Clay,0.51,10.17,13.7,North,129,Zaid,Canal,242.77,12.44,9.67
wheat,62,56,22,7.57,15.55,2249.78,72.86,16.03,Loamy,0.86,5.49,15.95,Central,454,Rabi,Drip,71.61,1.34,5.21
sugarcane,170,25,119,7.72,17.36,2480.64,61.92,37.52,Sandy,0.41,8.5,7.27,East,1131,Kharif,Rainfed,229.03,1.19,75.81
potato,113,30,30,7.21,34.8,558.73,46.14,53.71,Sandy,0.36,4.97,6.75,North,287,Zaid,Sprinkler,220.03,13.05,23.39
wheat,164,87,78,5.51,16.86,1702.85,58.08,24.76,Loamy,1.57,8.95,4.35,North,765,Kharif,Rainfed,72.0,7.38,7.43
potato,108,92,98,5.72,30.86,1979.7,65.14,24.35,Sandy,1.56,5.03,7.24,South,1294,Kharif,Rainfed,168.94,14.14,25.35
wheat,43,33,57,5.37,17.51,2588.16,44.25,30.51,Loamy,0.76,6.69,5.06,North,1214,Rabi,Sprinkler,327.08,20.88,10.29
maize,176,45,141,5.43,16.37,2383.57,81.24,22.5,Clay,1.37,5.44,6.72,Central,622,Zaid,Drip,115.89,7.17,10.4
sugarcane,157,87,84,4.92,17.53,1272.9,54.69,48.93,Loamy,0.59,5.94,10.19,South,1003,Zaid,Drip,329.59,15.96,75.84
rice,83,67,65,7.71,24.05,1079.94,72.91,25.01,Clay,0.84,8.97,10.65,South,711,Rabi,Sprinkler,271.91,13.47,8.12
potato,177,22,144,6.6,14.39,1040.47,86.64,26.34,Loamy,1.24,7.93,13.61,Central,1766,Kharif,Rainfed,135.16,6.48,24.2
wheat,58,38,75,5.91,13.2,925.51,54.93,43.75,Silt,1.02,4.71,17.71,Central,182,Kharif,Sprinkler,62.46,15.82,7.2
sugarcane,53,22,26,5.78,32.7,1073.06,57.68,63.37,Silt,1.37,9.84,2.52,East,1223,Kharif,Sprinkler,182.62,23.76,75.52
potato,111,97,124,6.65,10.7,2135.35,41.02,60.69,Clay,1.57,8.22,5.01,Central,122,Kharif,Canal,233.75,20.01,28.75
rice,92,62,59,5.91,21.56,588.8,52.57,58.22,Sandy,0.31,5.98,7.97,East,287,Zaid,Drip,91.29,1.49,7.59
sugarcane,134,44,116,7.74,21.88,2136.63,61.75,41.55,Silt,1.5,6.79,17.45,West,777,Rabi,Sprinkler,78.4,5.42,73.41
maize,86,72,71,5.52,36.79,785.93,43.78,29.89,Loamy,0.84,10.17,5.78,West,930,Rabi,Sprinkler,72.93,8.63,8.25
sugarcane,165,69,50,7.8,33.23,1860.11,31.57,50.29,Sandy,0.83,6.28,15.91,North,2139,Zaid,Canal,279.73,20.89,76.1
potato,91,87,26,7.06,25.32,1790.0,45.47,34.48,Sandy,0.3,5.96,7.9,West,991,Rabi,Sprinkler,283.17,15.51,26.24
sugarcane,46,76,110,8.05,24.39,1781.55,70.95,53.9,Clay,1.38,5.47,17.3,South,509,Kharif,Canal,252.98,16.12,73.23
maize,95,62,36,4.85,26.97,1076.69,81.5,15.81,Sandy,1.29,9.52,1.62,South,1657,Kharif,Drip,268.0,13.85,7.75
wheat,35,18,144,5.0,20.73,674.86,37.86,41.48,Clay,1.46,5.79,5.11,North,170,Kharif,Canal,160.7,5.37,6.79
potato,87,51,23,6.5,31.02,2279.88,70.3,31.87,Silt,0.52,7.32,1.66,West,1013,Kharif,Rainfed,94.62,3.16,25.25
wheat,98,22,141,7.9,30.58,904.47,50.4,27.45,Silt,0.58,4.07,13.78,West,1508,Zaid,Sprinkler,99.35,4.98,6.85
cotton,91,15,118,7.28,27.24,498.81,48.06,48.09,Sandy,0.69,10.71,12.08,South,844,Rabi,Canal,151.24,12.9,4.28
cotton,111,84,80,6.92,11.73,696.41,55.96,47.92,Sandy,0.99,9.83,4.94,East,725,Zaid,Drip,168.58,18.18,7.42
potato,100,61,40,4.91,13.81,585.33,82.24,16.85,Loamy,0.75,8.57,1.94,North,1178,Zaid,Sprinkler,323.3,24.19,24.89
cotton,160,89,96,6.0,11.18,2087.12,64.84,62.38,Loamy,0.69,6.15,14.47,North,52,Kharif,Sprinkler,169.28,24.8,8.91
potato,39,19,66,5.98,31.56,2163.02,68.44,33.09,Clay,0.54,5.31,13.92,Central,1288,Kharif,Canal,186.47,1.62,24.73
wheat,127,64,94,6.64,24.33,1144.81,36.87,60.87,Sandy,0.51,7.07,16.63,Central,2000,Rabi,Rainfed,184.67,24.68,9.34
rice,118,38,68,5.68,38.65,2211.94,37.24,44.19,Sandy,0.91,5.57,3.84,West,651,Kharif,Canal,271.27,9.04,11.36
wheat,64,61,46,5.71,38.57,2396.07,60.14,47.63,Loamy,0.88,10.56,10.76,North,631,Rabi,Drip,68.49,24.89,7.39
cotton,31,32,50,6.91,33.95,1492.87,73.1,63.03,Clay,1.32,9.13,16.61,Central,285,Zaid,Canal,189.68,17.61,7.33
cotton,153,98,51,8.01,23.29,2367.42,41.73,56.11,Loamy,1.37,8.83,4.49,Central,1690,Kharif,Canal,311.97,19.93,9.28
rice,53,42,37,7.04,19.49,1559.92,62.87,22.0,Sandy,1.21,8.75,11.32,North,1834,Zaid,Sprinkler,313.06,21.36,9.37
rice,103,91,144,7.07,16.03,2323.2,84.99,15.26,Clay,1.38,9.36,11.32,North,1337,Kharif,Rainfed,274.47,4.11,11.07
maize,51,19,82,8.15,16.97,1402.82,60.76,30.43,Silt,0.44,4.31,1.71,East,517,Zaid,Rainfed,176.38,10.8,7.59
sugarcane,68,44,147,5.32,39.71,447.33,58.84,39.43,Sandy,0.9,5.81,14.3,East,1152,Rabi,Rainfed,132.81,6.59,72.68
sugarcane,49,15,35,4.92,25.91,850.76,65.12,51.61,Loamy,0.67,8.03,14.42,South,298,Kharif,Sprinkler,86.41,2.73,72.15
wheat,70,96,81,7.33,10.37,1059.12,71.55,48.05,Clay,0.63,5.53,4.26,South,20,Zaid,Drip,199.66,4.85,9.58
potato,177,60,58,6.29,11.33,1401.31,48.13,30.64,Loamy,1.23,8.2,1.72,East,523,Rabi,Rainfed,308.39,1.73,24.63
potato,137,83,134,6.26,23.76,1486.28,50.08,42.1,Silt,1.38,10.71,13.24,West,1252,Kharif,Rainfed,161.06,9.64,24.28
wheat,176,45,91,5.57,23.3,2739.05,39.39,47.55,Sandy,0.45,6.33,3.29,East,178,Zaid,Drip,208.92,5.44,10.88
maize,113,84,81,6.52,22.17,1488.35,86.93,40.69,Sandy,0.46,9.3,12.72,East,459,Zaid,Rainfed,155.18,11.44,12.05
potato,140,70,102,6.3,34.71,1228.84,32.85,49.45,Loamy,1.13,7.03,3.56,East,940,Kharif,Drip,176.82,10.72,26.46
potato,95,42,142,5.97,31.09,1201.77,57.65,39.26,Sandy,0.49,9.02,15.63,West,909,Rabi,Sprinkler,100.63,15.14,22.72
cotton,82,30,128,6.31,13.22,2514.72,71.01,41.48,Loamy,1.3,4.44,11.4,West,2184,Rabi,Rainfed,261.14,23.97,9.37
rice,63,68,141,6.11,20.88,1262.3,72.65,62.04,Loamy,1.38,6.55,10.81,South,156,Zaid,Sprinkler,74.29,23.85,8.78
wheat,179,67,138,8.0,27.9,2262.85,67.58,34.46,Clay,0.98,9.08,10.08,Central,828,Kharif,Canal,342.51,21.99,9.02
maize,96,26,37,8.13,21.47,923.0,50.43,52.79,Silt,1.48,9.92,1.7,West,546,Zaid,Drip,171.38,6.86,8.16
cotton,163,34,95,7.66,16.25,1372.32,34.63,31.73,Sandy,0.33,6.92,15.26,North,1668,Rabi,Rainfed,138.73,22.15,3.85
wheat,56,96,30,8.17,28.84,1734.68,85.93,31.59,Sandy,0.59,7.86,8.7,East,1585,Kharif,Rainfed,231.03,1.56,8.53
rice,39,48,81,5.7,28.07,1711.11,41.43,61.33,Loamy,1.3,10.76,7.29,East,1334,Kharif,Rainfed,321.77,16.29,13.95
maize,102,67,90,7.67,39.24,1748.88,84.52,49.93,Silt,1.54,7.18,11.73,North,1912,Kharif,Drip,316.32,16.22,10.9
maize,125,78,80,6.18,26.83,2153.29,43.53,61.45,Clay,1.55,5.65,9.5,East,1835,Zaid,Canal,328.3,2.75,12.78
maize,77,37,80,7.34,36.23,1575.28,34.23,64.73,Loamy,0.3,4.14,5.89,South,1604,Zaid,Rainfed,87.32,14.44,9.14
rice,99,41,121,5.48,38.48,758.17,35.02,15.01,Silt,1.12,10.45,3.52,Central,1981,Rabi,Rainfed,125.72,3.33,6.16
maize,129,31,32,7.56,23.04,1752.69,51.5,64.16,Sandy,0.34,4.38,2.72,North,1736,Kharif,Rainfed,81.28,23.99,10.63
rice,88,62,31,5.08,11.59,1045.0,39.12,20.04,Clay,1.21,5.67,5.02,South,1702,Kharif,Sprinkler,86.97,11.76,7.78
potato,31,35,54,5.72,14.3,1051.33,58.95,18.52,Clay,1.3,10.0,15.79,South,392,Zaid,Drip,114.55,20.23,20.81
cotton,94,64,70,7.59,25.12,621.5,57.23,53.39,Loamy,1.41,10.58,2.87,South,1874,Zaid,Rainfed,94.88,12.32,6.16
potato,112,54,62,7.34,36.79,2574.95,80.17,32.51,Loamy,0.99,8.66,14.86,Central,1741,Kharif,Canal,156.26,4.71,25.45
rice,39,17,130,6.5,29.62,462.2,71.74,60.89,Clay,1.41,5.81,15.76,South,888,Kharif,Sprinkler,178.49,2.92,9.34
wheat,82,31,85,7.09,16.04,394.33,71.9,42.23,Sandy,1.5,5.88,15.03,West,1134,Rabi,Drip,158.35,8.61,7.47
potato,108,75,34,5.43,31.03,2112.23,65.44,34.31,Sandy,0.99,7.54,15.68,Central,778,Zaid,Rainfed,178.42,23.48,24.67
rice,88,64,58,7.07,36.83,2062.11,32.84,18.67,Clay,0.98,10.54,4.66,West,795,Zaid,Canal,311.68,0.99,10.74
maize,179,20,45,4.83,10.91,1176.32,74.84,38.23,Loamy,0.96,10.63,17.92,South,1770,Zaid,Sprinkler,300.06,8.43,9.09
cotton,77,42,131,7.63,17.28,2151.44,51.51,28.89,Loamy,0.96,7.01,10.23,Central,1034,Zaid,Canal,339.17,12.86,8.83
maize,178,86,70,6.56,14.6,1519.36,80.17,18.83,Sandy,1.31,6.25,14.78,West,1449,Zaid,Sprinkler,288.39,12.82,12.35
cotton,152,69,130,8.01,33.52,2120.64,44.8,48.52,Silt,0.39,6.71,9.25,West,32,Zaid,Canal,304.16,5.48,10.92
rice,51,72,117,6.43,36.74,1664.4,70.21,63.87,Silt,0.89,5.64,4.25,East,2052,Zaid,Rainfed,261.22,10.01,10.8
potato,129,59,138,6.27,26.64,2131.13,66.23,33.95,Silt,0.98,5.2,15.38,East,1300,Rabi,Rainfed,110.55,1.5,25.93
maize,127,86,75,6.33,35.45,2231.67,36.72,29.86,Sandy,0.58,8.79,9.34,East,1053,Rabi,Rainfed,331.6,19.54,13.66
rice,54,33,88,6.02,29.71,1008.91,38.18,19.5,Clay,1.0,5.82,17.53,Central,1440,Zaid,Canal,120.67,23.3,7.28
sugarcane,57,43,23,5.37,29.7,1263.1,89.99,26.16,Silt,0.89,9.81,14.79,West,1564,Rabi,Canal,256.49,12.85,73.68
maize,142,37,148,7.66,27.39,1561.11,50.13,29.25,Sandy,1.26,5.73,13.76,North,352,Kharif,Canal,126.62,18.85,8.02
wheat,74,46,69,6.12,11.5,776.35,54.45,32.21,Sandy,0.76,7.85,13.23,Central,192,Kharif,Drip,86.01,15.26,7.55
wheat,97,24,103,6.6,38.11,2725.85,81.33,46.7,Loamy,1.53,8.97,11.36,South,1758,Zaid,Canal,116.87,7.39,8.93
maize,36,63,89,4.87,20.67,2610.34,67.86,20.74,Loamy,0.84,8.57,16.25,North,2095,Zaid,Rainfed,127.31,19.81,9.48
sugarcane,78,79,39,5.0,34.08,2242.44,70.75,17.92,Sandy,1.12,4.79,11.56,South,2151,Rabi,Drip,170.34,11.45,74.62
maize,166,43,46,6.83,34.3,795.72,68.19,61.53,Loamy,0.59,5.92,17.93,Central,785,Zaid,Drip,80.07,23.25,7.71
sugarcane,112,73,45,7.79,38.97,1432.72,49.4,54.96,Loamy,1.2,4.12,9.88,East,727,Zaid,Canal,229.85,15.15,75.0
sugarcane,158,59,29,6.48,19.8,2618.21,79.75,28.91,Loamy,0.97,8.13,2.39,Central,735,Kharif,Drip,291.67,8.34,76.81
maize,167,81,101,5.36,39.92,1830.53,32.02,46.94,Sandy,0.74,8.31,13.88,South,282,Rabi,Canal,281.7,22.06,13.04
maize,102,65,124,5.19,19.02,1263.58,52.05,44.62,Silt,0.75,7.33,1.75,East,674,Rabi,Canal,302.84,15.47,11.25
rice,75,25,107,7.86,23.54,528.97,87.27,52.15,Loamy,0.79,8.44,7.56,Central,1689,Zaid,Sprinkler,344.04,9.73,10.65
wheat,135,96,43,7.19,31.19,550.36,52.71,57.96,Sandy,0.87,9.96,8.64,East,457,Zaid,Rainfed,348.79,17.83,11.39
potato,61,20,136,8.09,14.65,1995.73,31.01,32.89,Sandy,0.62,5.78,16.09,Central,819,Kharif,Sprinkler,179.04,21.46,23.25
wheat,35,81,65,5.08,17.99,1078.83,41.52,48.04,Clay,0.66,7.77,10.54,West,2005,Zaid,Sprinkler,205.61,0.57,5.91
maize,174,76,74,7.87,31.84,1541.83,86.65,55.1,Clay,1.55,4.95,17.05,South,53,Kharif,Canal,204.47,7.43,8.46
potato,103,19,97,7.68,39.23,2178.91,80.96,49.96,Silt,0.69,5.64,5.08,West,1817,Zaid,Canal,246.2,5.56,27.55
rice,143,23,107,7.84,31.98,757.05,41.72,61.11,Clay,1.11,6.13,5.77,South,1171,Rabi,Canal,131.25,8.02,7.37
cotton,56,42,35,4.82,35.87,494.09,88.65,39.73,Sandy,0.75,8.98,7.21,West,1718,Rabi,Sprinkler,284.05,20.92,6.01
potato,83,97,57,7.32,11.12,1241.61,39.53,55.13,Clay,1.35,5.03,13.41,Central,2000,Kharif,Rainfed,96.74,10.47,24.37
rice,114,91,130,6.67,27.31,706.08,89.54,60.49,Loamy,1.2,8.87,12.56,Central,1879,Rabi,Rainfed,335.85,8.48,12.16
rice,156,52,34,6.75,37.42,1575.89,80.67,42.85,Clay,0.73,4.66,4.5,South,865,Kharif,Rainfed,96.17,14.45,7.62
potato,140,57,97,6.4,30.47,1681.92,84.76,15.86,Sandy,1.23,8.76,7.86,South,2183,Rabi,Sprinkler,275.37,6.39,24.65
wheat,44,35,95,7.33,30.29,576.43,38.38,55.9,Silt,1.28,9.48,6.98,Central,910,Rabi,Drip,175.18,16.39,9.63
rice,161,76,91,8.2,16.09,2282.2,48.1,57.3,Silt,0.48,10.31,13.91,West,140,Kharif,Canal,243.82,0.85,12.29
rice,122,60,38,7.22,35.83,358.34,72.12,34.99,Silt,1.05,9.81,7.26,Central,44,Zaid,Canal,151.15,8.74,8.94
sugarcane,152,84,139,7.11,35.95,1160.34,60.32,26.45,Silt,1.35,8.48,13.85,East,1852,Kharif,Rainfed,94.71,12.1,75.5
sugarcane,102,52,82,7.03,28.42,416.99,47.5,63.91,Loamy,0.37,9.51,10.32,South,499,Zaid,Drip,332.04,13.2,74.93
cotton,176,63,124,7.16,22.8,2067.73,71.72,42.58,Loamy,0.96,9.03,17.02,East,739,Kharif,Sprinkler,207.93,1.58,7.81
rice,121,89,51,5.96,34.73,2496.29,76.78,40.81,Loamy,1.39,7.31,17.62,South,1615,Kharif,Rainfed,147.15,20.76,9.19
potato,46,95,129,5.89,23.95,1170.42,47.13,62.3,Clay,1.54,9.51,11.7,North,1228,Kharif,Canal,241.1,9.67,26.25
maize,72,53,26,7.47,34.68,1120.53,35.15,35.4,Clay,1.15,4.04,16.63,Central,950,Rabi,Canal,134.79,11.21,7.88
rice,150,85,106,4.98,24.55,2035.79,64.46,57.41,Clay,0.73,9.63,13.27,South,1285,Kharif,Rainfed,71.73,23.86,9.42
sugarcane,70,44,50,7.38,27.39,2478.84,53.79,50.03,Silt,1.09,10.47,12.52,East,1279,Zaid,Canal,290.16,17.77,76.98
wheat,68,35,64,7.57,32.44,2517.86,82.67,63.39,Silt,0.34,10.4,8.91,South,276,Rabi,Drip,348.8,17.59,11.0
cotton,142,15,75,6.57,17.95,1760.69,32.7,36.43,Clay,0.89,10.99,10.52,Central,411,Rabi,Sprinkler,337.37,13.97,9.67
potato,140,46,50,7.89,17.41,1785.05,68.27,60.38,Loamy,1.25,5.95,7.62,West,1234,Rabi,Canal,315.13,23.86,24.34
cotton,76,22,20,6.41,30.04,1848.41,32.85,43.44,Sandy,0.35,4.96,3.97,West,494,Kharif,Canal,276.75,24.71,9.38
potato,92,83,112,5.41,38.62,1570.27,36.8,38.79,Clay,1.08,7.45,16.72,Central,81,Kharif,Drip,106.96,8.8,24.3
wheat,139,44,87,6.03,23.38,1627.29,52.12,30.28,Sandy,1.06,6.4,4.6,South,2067,Rabi,Rainfed,105.18,14.77,7.86
rice,98,22,55,7.88,36.95,536.7,43.72,42.63,Loamy,0.55,7.2,10.21,East,644,Rabi,Rainfed,103.41,0.43,7.42
potato,72,33,98,8.18,25.55,2756.6,39.71,43.63,Sandy,1.04,6.54,13.53,South,662,Rabi,Canal,193.29,19.31,24.69
cotton,63,73,86,6.23,39.22,454.71,77.59,59.92,Silt,0.83,9.99,15.0,West,1642,Rabi,Sprinkler,198.04,21.89,5.5
rice,69,69,70,5.37,33.76,1500.9,43.94,50.2,Sandy,0.92,7.8,7.05,East,1747,Kharif,Rainfed,227.5,14.04,8.43
maize,90,44,149,5.77,35.79,2263.51,51.88,56.32,Clay,0.72,9.55,12.18,East,2184,Rabi,Drip,125.75,4.27,11.5
wheat,91,93,25,6.68,30.39,1757.69,84.47,53.46,Clay,1.35,6.09,8.53,East,1366,Kharif,Sprinkler,71.52,10.3,7.41
rice,87,50,73,6.75,36.05,540.3,77.13,28.83,Loamy,0.78,6.76,14.97,Central,1765,Zaid,Sprinkler,89.22,15.86,7.41
maize,104,69,107,6.94,27.78,1688.58,61.44,25.29,Clay,1.33,6.0,12.17,North,639,Zaid,Rainfed,80.13,21.78,8.9
potato,45,58,24,7.64,27.02,2563.36,35.63,27.92,Sandy,0.4,10.8,1.79,West,2151,Zaid,Canal,289.92,15.75,26.1
sugarcane,111,41,21,7.22,36.21,1854.95,86.73,22.33,Silt,0.66,7.12,11.37,East,924,Kharif,Rainfed,99.06,18.17,74.53
maize,123,91,77,5.69,10.45,2248.31,72.55,34.3,Sandy,0.82,6.87,12.94,East,1309,Rabi,Drip,277.63,12.69,13.54
potato,77,92,31,6.14,24.36,1456.24,32.11,47.7,Sandy,0.83,9.88,16.45,Central,2138,Rabi,Drip,91.06,13.13,25.45
maize,167,68,24,7.66,36.1,1080.24,86.93,41.85,Sandy,0.87,9.3,1.86,Central,1040,Kharif,Canal,203.79,5.22,8.41
cotton,111,62,125,6.95,15.88,800.26,34.3,48.96,Clay,1.15,10.44,11.15,South,1411,Kharif,Drip,143.48,11.2,7.63
rice,67,44,148,5.37,38.74,2423.04,66.18,32.8,Loamy,1.05,9.28,9.51,North,1218,Rabi,Canal,248.91,11.56,9.76
maize,156,53,75,5.91,32.22,2066.28,53.63,25.26,Clay,0.98,6.43,11.9,East,1402,Zaid,Rainfed,102.33,1.4,10.2
rice,48,27,89,7.49,32.87,744.74,88.85,25.14,Sandy,1.39,6.11,14.01,North,1792,Kharif,Rainfed,230.7,20.92,6.76
cotton,92,30,75,5.39,29.96,1679.32,85.38,45.04,Loamy,0.56,8.79,3.28,Central,1089,Zaid,Drip,225.76,15.56,5.89
cotton,106,58,73,7.15,23.42,2074.24,65.93,23.21,Loamy,1.42,4.91,10.21,South,1271,Zaid,Drip,176.86,1.65,8.1
maize,160,85,22,6.72,23.83,1720.09,72.07,34.86,Sandy,1.35,4.62,9.85,North,738,Rabi,Sprinkler,199.92,22.8,11.01
wheat,131,41,114,5.3,35.17,2673.71,79.3,25.64,Sandy,0.55,9.56,9.76,East,1538,Kharif,Rainfed,102.62,14.71,7.63
sugarcane,94,59,47,7.14,14.17,761.99,79.22,48.14,Clay,1.11,8.45,8.03,South,1778,Kharif,Rainfed,295.05,10.01,77.25
sugarcane,149,49,130,5.28,25.66,2085.86,65.95,45.77,Loamy,0.59,5.53,15.44,East,1279,Rabi,Sprinkler,235.38,4.19,74.49
rice,120,93,126,6.15,19.3,1841.3,45.1,34.06,Silt,1.53,8.69,2.08,East,1289,Kharif,Rainfed,94.64,7.65,11.47
maize,37,42,139,5.85,39.53,2597.31,48.76,21.44,Loamy,0.94,6.17,7.54,North,2121,Zaid,Drip,326.09,10.55,11.37
potato,102,21,143,7.15,10.11,2456.44,69.94,25.59,Clay,0.56,5.99,11.06,West,81,Kharif,Canal,240.56,15.02,26.7
potato,163,76,109,7.46,11.91,1921.15,71.27,38.61,Sandy,1.13,5.91,16.45,West,1638,Zaid,Drip,109.98,23.07,23.69
rice,136,65,35,5.37,39.02,1389.89,52.29,63.6,Loamy,1.22,7.55,11.71,East,313,Zaid,Sprinkler,125.01,0.43,9.11
wheat,118,60,50,7.56,26.31,710.22,83.27,28.54,Silt,1.09,10.59,3.23,North,197,Zaid,Rainfed,119.2,8.47,6.63
potato,68,34,47,4.82,14.16,2307.17,54.0,24.56,Clay,0.61,10.64,12.58,East,1760,Kharif,Sprinkler,125.34,6.79,23.6
rice,142,52,58,6.6,23.46,2361.13,71.91,26.03,Loamy,1.26,7.82,6.77,South,1756,Zaid,Sprinkler,120.83,20.37,11.01
sugarcane,57,75,46,6.56,19.68,1205.26,42.56,50.41,Clay,1.51,10.08,10.98,Central,1106,Zaid,Rainfed,276.33,11.07,74.9
cotton,126,46,95,6.92,37.34,865.62,51.18,60.73,Loamy,1.54,7.54,10.71,Central,201,Rabi,Rainfed,231.51,16.88,7.07
maize,66,40,136,5.61,30.63,2629.23,62.76,18.76,Sandy,1.18,7.44,3.93,West,2183,Kharif,Rainfed,127.67,16.66,10.91
cotton,166,72,108,4.83,13.92,1472.24,32.26,52.46,Silt,1.39,4.27,14.92,Central,1951,Kharif,Rainfed,330.27,1.03,8.06
wheat,111,53,126,6.35,26.09,2140.53,32.51,39.73,Sandy,1.57,9.22,10.18,West,1066,Kharif,Canal,63.37,7.65,9.24
sugarcane,85,34,141,5.04,14.03,1854.21,46.19,56.26,Loamy,0.36,8.46,7.57,West,249,Kharif,Canal,258.82,22.65,76.71
cotton,114,96,145,7.83,29.96,2049.08,79.67,36.08,Silt,0.92,6.57,4.5,South,1417,Kharif,Drip,217.58,18.37,6.03
wheat,31,64,117,5.39,31.82,346.37,42.99,15.26,Loamy,0.68,5.03,16.57,South,588,Zaid,Canal,214.12,22.86,6.52
rice,87,93,52,6.25,26.86,1865.62,83.15,49.14,Loamy,0.92,10.93,5.11,West,1424,Rabi,Sprinkler,219.89,14.83,9.89
potato,136,66,110,6.28,38.98,1674.15,72.96,55.4,Silt,1.49,9.72,16.89,Central,1876,Kharif,Rainfed,201.12,16.61,27.09
cotton,152,36,139,6.68,38.33,2183.73,71.34,60.1,Silt,1.58,8.39,10.2,Central,1227,Kharif,Sprinkler,334.48,23.42,10.27
potato,143,67,21,7.46,16.18,2644.33,70.45,43.45,Clay,1.48,4.12,9.55,West,847,Rabi,Sprinkler,239.43,20.36,26.68
rice,136,99,32,6.41,10.01,2374.81,88.58,21.1,Silt,0.56,10.09,9.02,East,784,Zaid,Rainfed,193.22,7.77,9.46
potato,66,80,43,4.89,29.88,1405.44,68.02,33.49,Sandy,1.34,8.27,15.99,East,914,Rabi,Canal,309.42,15.05,24.61
maize,108,57,88,7.42,24.27,1788.95,68.96,54.21,Silt,1.36,5.11,14.84,South,173,Zaid,Drip,318.0,1.2,10.68
rice,121,96,53,5.08,20.04,896.43,57.2,39.72,Silt,1.05,9.7,12.5,South,698,Kharif,Sprinkler,284.58,22.49,9.15
maize,47,37,106,6.98,37.51,306.0,82.34,49.96,Clay,1.23,8.23,9.91,Central,1911,Rabi,Canal,226.4,22.05,9.13
rice,127,91,38,7.53,39.36,663.22,33.44,15.23,Sandy,1.48,7.72,12.16,Central,1632,Kharif,Rainfed,72.38,6.64,7.07
cotton,92,78,49,5.76,37.92,480.6,50.66,18.65,Sandy,1.59,4.98,5.13,Central,2037,Rabi,Canal,323.93,6.03,5.6
potato,179,23,68,6.33,25.01,2174.67,47.2,49.06,Silt,0.35,5.78,9.45,West,62,Zaid,Canal,297.09,17.02,28.57
potato,168,21,133,4.85,31.1,769.12,53.88,29.51,Silt,0.63,8.83,3.39,South,795,Zaid,Rainfed,330.72,0.03,26.84
wheat,33,55,135,7.53,15.15,578.42,58.79,34.41,Clay,1.51,6.45,3.18,South,1322,Zaid,Canal,99.01,10.23,6.88
rice,164,68,97,7.19,38.53,1012.6,87.37,47.11,Sandy,0.73,6.43,13.05,East,519,Rabi,Drip,338.73,7.47,9.62
rice,90,79,54,5.59,18.51,2634.06,85.47,20.6,Sandy,0.44,5.26,17.03,North,1145,Rabi,Canal,340.05,1.54,10.06
rice,136,16,90,6.13,15.78,986.9,66.68,56.64,Loamy,0.71,5.44,14.64,South,417,Rabi,Drip,191.48,7.54,8.54
cotton,83,18,127,7.16,11.8,1942.21,31.19,22.22,Clay,0.97,8.72,16.96,South,1772,Kharif,Sprinkler,81.57,8.36,6.08
wheat,117,92,73,6.02,26.51,2383.98,63.34,51.66,Clay,0.8,10.45,4.77,North,207,Zaid,Rainfed,240.34,20.56,11.15
wheat,97,46,42,5.35,38.45,2372.3,34.11,29.64,Silt,1.32,4.38,5.45,North,1448,Kharif,Canal,241.61,20.36,10.48
sugarcane,158,16,29,6.56,14.07,2659.28,51.58,28.0,Sandy,1.09,7.45,8.21,North,1101,Kharif,Canal,213.87,21.72,76.08
cotton,84,78,80,7.26,13.62,1206.07,48.27,56.06,Silt,0.87,10.69,7.51,South,1168,Kharif,Canal,155.16,3.06,6.01
cotton,32,28,67,5.89,18.18,1519.95,68.88,42.61,Clay,1.6,7.75,6.07,Central,412,Rabi,Sprinkler,80.83,4.86,4.94
sugarcane,150,34,131,5.21,29.96,893.92,31.07,25.27,Sandy,1.45,6.96,5.97,South,146,Kharif,Drip,223.09,4.04,73.71
potato,158,63,145,7.62,26.43,462.26,77.32,15.13,Sandy,1.42,6.03,16.52,West,1142,Rabi,Drip,151.11,15.28,22.47
potato,131,22,106,5.66,12.89,2745.44,79.59,63.65,Clay,1.04,9.28,4.08,East,487,Rabi,Canal,88.9,6.89,25.42
sugarcane,67,77,45,6.54,23.27,2466.64,31.94,36.57,Sandy,1.31,10.27,15.86,West,1832,Kharif,Sprinkler,115.18,20.23,75.63
potato,114,60,71,7.15,12.01,1087.58,34.91,34.87,Loamy,0.74,10.93,9.67,North,1018,Rabi,Sprinkler,289.25,23.55,25.56
potato,162,35,25,5.88,35.56,2274.75,85.24,17.52,Clay,0.73,6.16,16.76,South,341,Kharif,Rainfed,293.86,0.53,24.27
wheat,121,46,27,7.01,13.21,2374.27,66.96,59.72,Clay,1.46,4.89,1.3,South,1058,Zaid,Sprinkler,282.61,11.68,10.23
rice,50,22,36,6.36,24.14,912.76,87.62,22.03,Sandy,1.08,9.07,4.77,East,1892,Zaid,Rainfed,81.99,24.38,9.62
sugarcane,138,30,95,6.74,25.31,2634.44,57.46,31.77,Clay,0.75,9.82,9.48,East,53,Zaid,Canal,92.07,13.91,76.26
rice,76,54,53,6.81,25.9,1101.2,41.44,36.06,Silt,1.4,10.11,3.41,East,231,Rabi,Sprinkler,127.65,19.84,8.87
cotton,113,41,89,7.6,28.27,1719.93,52.21,55.51,Clay,0.88,8.23,4.66,East,366,Rabi,Canal,344.02,13.4,8.26
cotton,112,32,101,7.03,31.05,2294.08,85.74,32.97,Silt,0.82,10.72,9.06,West,1474,Zaid,Drip,139.72,18.62,6.72
rice,64,49,137,5.7,10.13,1775.23,36.92,41.57,Loamy,0.33,4.78,14.05,West,493,Zaid,Canal,331.08,4.02,10.52
rice,98,66,57,5.0,10.93,948.7,83.53,36.44,Loamy,1.18,6.16,14.35,East,1777,Kharif,Rainfed,251.16,16.68,8.83
potato,158,29,121,4.81,28.35,2631.82,61.78,30.59,Silt,0.99,6.1,11.46,East,38,Kharif,Sprinkler,67.94,20.27,25.09
cotton,169,77,59,7.88,15.46,308.62,34.2,62.32,Clay,0.71,6.79,16.45,West,1984,Kharif,Drip,201.35,18.33,5.78
rice,56,67,72,8.0,34.96,1612.2,53.99,54.84,Silt,0.48,9.26,11.7,South,1956,Kharif,Drip,302.47,7.78,10.85
sugarcane,85,95,137,5.12,28.83,411.87,44.59,23.72,Sandy,0.54,4.14,1.4,South,266,Zaid,Sprinkler,78.42,8.35,74.06
maize,52,80,85,6.46,39.41,1936.97,64.52,42.74,Silt,0.59,4.12,9.81,Central,1845,Rabi,Sprinkler,236.87,24.4,11.92
maize,50,45,99,5.32,31.84,406.02,39.15,54.83,Loamy,1.42,4.96,17.45,South,1985,Kharif,Canal,152.94,23.07,6.95
wheat,90,75,71,8.03,12.72,441.72,86.48,43.99,Loamy,0.92,5.3,12.15,South,1837,Zaid,Drip,118.08,12.93,5.84
rice,92,78,148,5.64,15.13,1532.89,42.68,39.69,Silt,1.2,10.92,12.7,Central,1642,Rabi,Sprinkler,213.26,17.34,9.27
sugarcane,151,48,143,6.51,11.4,2019.59,67.98,18.6,Loamy,0.9,5.81,2.94,Central,1859,Rabi,Sprinkler,290.83,20.27,77.64
rice,81,69,131,5.36,32.24,1352.43,79.88,20.3,Sandy,0.92,7.2,7.11,West,1862,Rabi,Canal,285.78,14.71,8.82
wheat,117,73,20,5.93,13.8,2584.94,65.75,27.26,Clay,1.37,4.2,15.39,East,672,Rabi,Sprinkler,110.52,1.86,10.51
sugarcane,84,17,35,5.71,29.91,2617.59,69.33,40.67,Clay,1.3,10.51,2.88,West,1669,Rabi,Canal,160.97,11.89,73.82
cotton,75,31,131,6.42,26.66,1421.76,54.56,64.36,Silt,0.6,4.33,15.27,East,1971,Rabi,Rainfed,160.98,21.11,7.28
cotton,61,92,131,6.23,29.0,1805.52,36.11,55.11,Loamy,1.11,10.32,10.74,South,1949,Kharif,Sprinkler,299.09,8.12,9.84
potato,84,92,121,5.92,25.26,2747.67,37.88,20.5,Clay,1.18,5.4,7.7,East,390,Zaid,Drip,203.92,12.56,24.35
maize,125,60,101,5.16,10.39,2354.36,72.13,50.86,Loamy,0.83,10.36,16.81,Central,2161,Zaid,Drip,168.82,5.13,10.42
sugarcane,162,52,118,6.45,17.6,635.8,77.83,55.52,Silt,0.39,6.31,1.5,Central,530,Rabi,Drip,293.5,20.59,75.18
cotton,65,49,59,7.69,36.55,477.84,80.54,35.71,Loamy,0.78,7.34,16.76,East,1598,Zaid,Drip,318.38,5.05,6.88
rice,139,15,55,7.28,37.88,1723.38,51.76,31.51,Sandy,0.77,8.98,15.93,East,514,Zaid,Rainfed,153.9,18.55,9.0
sugarcane,135,43,144,7.25,12.92,2406.57,88.13,44.23,Sandy,1.2,9.2,17.78,East,2040,Kharif,Sprinkler,345.72,15.98,77.3
cotton,87,18,23,6.04,38.58,2192.97,68.5,40.96,Loamy,1.35,4.24,8.08,South,969,Kharif,Rainfed,215.36,23.39,7.17
wheat,68,75,137,7.21,30.12,1866.39,39.21,28.26,Sandy,0.81,4.14,8.83,South,942,Kharif,Sprinkler,77.96,14.76,7.23
potato,109,31,44,6.38,37.68,2387.25,34.04,34.87,Silt,1.14,6.25,12.99,South,1788,Rabi,Drip,166.06,17.35,27.26
maize,126,42,114,5.31,22.03,625.44,62.69,42.22,Sandy,1.14,7.58,2.87,South,1036,Rabi,Sprinkler,217.83,24.84,8.48
rice,142,64,97,6.22,13.05,1477.08,74.46,44.0,Sandy,1.14,10.11,5.14,North,2142,Rabi,Drip,299.68,8.19,11.56
rice,90,22,31,5.25,19.07,2273.33,31.08,41.59,Clay,1.02,5.27,8.51,North,1736,Zaid,Rainfed,265.67,6.02,8.94
sugarcane,166,48,46,5.19,30.69,699.77,31.35,57.31,Clay,1.12,6.61,13.2,West,1441,Kharif,Sprinkler,117.86,8.63,72.98
sugarcane,35,73,82,4.88,33.86,1233.58,64.7,16.59,Silt,1.43,7.05,9.44,East,739,Zaid,Drip,182.87,17.32,70.16
rice,138,32,74,5.76,11.5,1448.06,89.39,31.65,Sandy,1.5,7.41,4.9,South,786,Zaid,Drip,88.51,11.87,8.25
potato,64,73,101,5.92,24.61,487.51,74.25,52.49,Clay,0.42,8.93,5.96,South,1809,Rabi,Drip,314.41,15.6,26.48
potato,68,41,33,7.18,11.93,356.3,39.09,47.59,Loamy,0.32,10.37,13.74,Central,1344,Rabi,Sprinkler,61.08,24.25,20.34
cotton,179,30,75,6.63,35.91,1569.05,35.23,60.91,Loamy,0.97,4.9,14.7,North,1116,Zaid,Sprinkler,135.6,13.46,8.79
wheat,147,24,105,7.72,24.29,2567.44,78.86,44.4,Sandy,0.84,7.29,8.41,South,907,Rabi,Drip,281.07,16.59,12.58
sugarcane,34,90,45,5.4,37.44,556.57,78.59,46.91,Silt,0.89,10.89,4.29,East,743,Kharif,Canal,66.38,3.99,72.8
potato,116,36,111,5.7,12.36,623.66,57.41,50.25,Sandy,0.9,8.19,10.77,Central,1938,Kharif,Rainfed,269.1,8.1,25.57
maize,105,30,55,8.0,19.91,444.05,32.14,24.31,Clay,1.46,9.94,7.8,West,2085,Kharif,Rainfed,249.76,20.28,8.43
potato,86,26,97,6.31,30.3,1205.39,75.98,52.66,Sandy,1.13,10.23,11.86,West,1304,Zaid,Rainfed,189.18,0.04,25.46
wheat,156,89,131,7.48,18.81,1284.97,54.72,29.99,Sandy,0.88,4.5,15.02,North,1747,Rabi,Canal,100.99,15.27,7.8
potato,58,98,42,6.47,35.25,2758.3,78.98,36.23,Loamy,0.89,7.37,9.98,East,2110,Rabi,Sprinkler,149.75,19.08,24.19
wheat,116,65,138,6.4,39.61,2357.19,38.65,15.7,Loamy,1.4,10.73,16.33,East,923,Zaid,Canal,117.73,8.2,9.15
maize,170,15,135,5.3,18.44,1213.78,57.8,57.18,Clay,0.58,5.04,7.27,West,645,Zaid,Canal,61.73,7.41,9.54
sugarcane,75,41,41,7.69,20.83,1251.82,61.58,62.67,Silt,0.32,5.32,9.17,South,435,Rabi,Sprinkler,166.65,5.34,74.06
rice,145,81,47,5.07,39.02,1340.6,52.18,18.01,Silt,0.92,7.54,10.7,South,662,Zaid,Rainfed,321.69,19.01,8.42
rice,141,26,62,5.85,20.74,1775.88,89.4,46.76,Clay,1.55,4.93,13.22,Central,1246,Rabi,Drip,199.08,24.57,10.26
potato,74,44,95,7.09,26.68,2491.19,75.77,63.04,Clay,1.36,10.02,9.99,Central,2177,Rabi,Drip,234.18,17.6,26.3
wheat,174,23,37,6.52,33.08,873.81,79.81,45.35,Sandy,0.83,9.34,14.79,East,992,Rabi,Canal,333.01,19.34,9.59
wheat,133,67,119,7.8,23.15,913.91,44.46,54.9,Sandy,0.53,9.95,12.84,North,1177,Kharif,Rainfed,190.76,7.91,7.57
wheat,114,75,143,4.93,21.18,2776.11,53.08,20.91,Silt,1.04,6.84,6.95,South,656,Kharif,Sprinkler,229.21,17.68,9.89
wheat,163,68,128,7.01,24.87,1522.91,36.65,27.24,Sandy,1.44,8.53,11.88,South,1104,Zaid,Rainfed,86.78,15.63,7.0
maize,137,51,55,6.42,33.39,2011.17,89.9,32.29,Sandy,1.23,6.29,6.38,North,2156,Kharif,Rainfed,98.77,3.56,7.41
potato,47,79,144,5.32,19.36,2320.84,45.46,64.06,Loamy,1.0,4.44,13.18,South,797,Zaid,Canal,229.36,16.42,26.71
sugarcane,123,56,26,7.33,20.52,1523.25,36.04,54.09,Clay,1.26,9.42,12.11,South,2020,Zaid,Canal,73.86,23.36,72.17
rice,179,63,42,6.2,15.67,341.02,42.31,59.28,Clay,1.55,10.8,4.01,North,370,Rabi,Drip,70.38,12.52,7.24
rice,62,18,136,6.61,31.05,2174.16,64.29,39.35,Loamy,1.02,6.0,12.91,North,2169,Kharif,Canal,90.31,21.82,9.4
maize,155,78,133,8.09,36.98,1757.79,50.14,50.84,Loamy,1.02,6.01,3.22,Central,1945,Zaid,Rainfed,127.63,22.48,10.03
cotton,151,93,115,6.45,15.57,2494.32,39.84,51.58,Sandy,0.92,5.45,2.56,Central,2131,Zaid,Rainfed,88.29,1.99,8.19
potato,167,65,40,7.6,11.04,2301.62,58.1,43.45,Clay,1.04,6.99,11.93,North,516,Rabi,Canal,134.3,20.82,24.75
potato,144,86,89,7.42,21.44,1287.39,70.23,58.9,Silt,1.13,6.63,6.67,North,780,Rabi,Sprinkler,274.2,13.32,28.06
rice,57,74,72,7.05,22.3,406.51,69.89,22.91,Clay,0.57,10.19,3.73,East,1597,Zaid,Canal,180.53,16.08,7.52
maize,40,93,103,7.85,29.38,1674.42,30.88,17.88,Silt,1.04,9.53,17.79,West,1959,Rabi,Drip,252.6,2.88,10.33
wheat,76,45,125,5.66,12.57,2752.88,75.32,30.2,Loamy,0.32,10.16,15.79,West,420,Kharif,Canal,281.71,3.03,10.32
rice,156,86,60,7.59,34.64,728.61,44.47,19.41,Clay,1.52,10.44,4.01,North,559,Kharif,Rainfed,155.14,17.99,8.68
cotton,176,72,147,6.08,27.22,1568.07,85.33,18.02,Loamy,0.35,8.75,17.04,Central,1704,Zaid,Drip,319.29,20.71,8.3
maize,147,96,107,7.56,26.38,599.62,38.31,35.95,Clay,1.55,8.5,11.3,South,1196,Rabi,Drip,309.84,24.55,10.87
maize,172,18,122,6.48,19.49,2648.01,53.97,25.03,Silt,1.56,7.26,9.84,East,55,Rabi,Rainfed,179.84,23.17,13.39
rice,155,36,126,7.72,20.96,2368.28,48.73,54.51,Loamy,0.98,4.58,7.07,Central,89,Zaid,Rainfed,299.37,20.32,11.48
wheat,101,17,36,7.84,11.66,1642.99,59.48,43.99,Sandy,0.73,7.12,6.46,East,1294,Rabi,Rainfed,157.75,24.27,7.88
sugarcane,136,93,44,6.83,32.61,1896.82,48.81,33.03,Clay,0.54,6.54,2.75,Central,712,Rabi,Drip,269.78,17.74,75.85
potato,166,61,83,6.53,28.14,1914.73,76.27,29.33,Silt,0.51,6.65,4.08,South,1467,Kharif,Canal,341.64,24.85,26.16
rice,62,52,105,7.46,39.29,2684.6,52.92,43.16,Sandy,0.61,7.51,5.57,North,504,Rabi,Drip,150.35,9.35,8.94
rice,48,47,138,5.71,20.61,2727.24,51.01,36.7,Loamy,0.92,7.69,13.52,West,1812,Kharif,Drip,226.04,1.32,10.81
cotton,103,92,54,4.85,29.99,1963.1,88.27,17.79,Clay,1.27,5.51,17.32,North,209,Rabi,Drip,164.49,18.08,6.63
sugarcane,127,62,56,6.18,37.59,1035.03,54.21,48.26,Clay,0.82,5.92,8.91,Central,666,Kharif,Canal,204.24,5.8,74.9
wheat,170,79,74,6.53,31.35,1898.68,37.8,39.99,Sandy,1.32,5.42,7.31,Central,768,Kharif,Drip,123.16,9.3,9.03
maize,158,40,148,5.81,11.21,1689.92,46.08,28.84,Sandy,1.03,9.15,15.6,East,1363,Rabi,Canal,184.17,6.96,10.91
maize,122,22,72,6.1,28.97,2272.55,73.41,29.52,Loamy,0.33,10.75,12.57,South,214,Zaid,Sprinkler,246.93,0.18,10.39
potato,77,64,92,5.25,26.36,2457.93,45.71,37.64,Sandy,0.47,5.71,5.16,West,1189,Rabi,Canal,159.94,12.6,25.15
maize,93,94,132,5.74,24.98,1894.1,70.83,56.38,Clay,1.04,10.05,10.15,East,1137,Kharif,Canal,143.8,2.03,13.17
rice,90,52,32,5.62,26.59,1592.15,84.89,36.15,Clay,0.51,9.11,16.02,South,1190,Zaid,Sprinkler,156.0,5.55,10.93
cotton,68,24,66,5.82,23.82,2442.34,52.45,56.98,Clay,1.09,6.14,12.22,South,1262,Zaid,Sprinkler,150.59,10.17,8.97
sugarcane,157,56,47,5.82,30.75,1415.79,41.56,36.24,Clay,0.88,7.67,7.34,North,1436,Rabi,Rainfed,106.52,12.75,74.33
potato,117,51,72,6.7,10.45,1492.89,73.01,56.5,Sandy,1.2,8.27,8.28,North,1440,Rabi,Rainfed,322.83,18.69,28.46
sugarcane,55,40,50,5.65,15.66,342.86,56.27,61.58,Sandy,0.68,9.4,16.28,South,903,Kharif,Sprinkler,337.16,5.24,72.73
potato,46,26,27,8.0,20.96,479.69,32.77,16.03,Silt,1.37,7.81,13.04,West,34,Zaid,Sprinkler,136.78,12.18,20.46
rice,100,98,91,6.54,23.58,1373.96,64.71,18.11,Loamy,0.81,8.59,9.67,West,1852,Zaid,Sprinkler,238.84,16.97,9.92
wheat,42,63,143,5.24,13.91,319.03,64.83,21.7,Sandy,1.34,6.24,12.53,Central,1213,Rabi,Sprinkler,151.4,15.36,4.36
wheat,98,28,117,5.75,34.6,808.65,70.9,21.11,Loamy,0.33,4.86,12.65,Central,1904,Rabi,Rainfed,228.22,4.01,7.25
potato,55,60,106,7.28,37.88,1998.97,74.12,37.72,Sandy,0.81,4.42,10.64,East,1088,Rabi,Drip,145.05,20.71,24.05
sugarcane,78,49,93,4.85,32.54,1872.14,68.74,53.2,Silt,0.59,6.04,11.67,South,2166,Rabi,Drip,77.64,0.47,73.78
sugarcane,36,43,120,7.99,37.86,1717.1,50.3,63.07,Sandy,0.88,8.67,7.0,West,814,Zaid,Sprinkler,103.44,10.96,74.39
rice,87,26,44,6.31,32.3,2362.81,80.12,35.89,Clay,1.53,4.62,6.94,Central,1488,Rabi,Rainfed,211.73,7.42,8.88
potato,78,96,134,6.57,23.23,1203.41,86.12,49.42,Sandy,0.51,9.17,6.77,Central,246,Zaid,Drip,132.32,2.5,25.24
sugarcane,132,58,52,8.16,21.79,1949.7,48.13,46.78,Loamy,0.41,6.85,1.66,Central,1611,Rabi,Canal,200.25,19.01,77.81
cotton,82,80,116,6.51,14.99,1911.37,46.91,34.66,Clay,0.38,7.28,15.08,Central,1341,Kharif,Sprinkler,323.91,21.71,10.27
wheat,91,16,131,8.02,12.59,1948.02,60.78,51.06,Sandy,0.46,5.49,3.68,West,2019,Zaid,Sprinkler,71.91,13.38,7.06
cotton,46,73,115,7.91,16.59,1984.77,89.15,44.6,Clay,0.38,8.88,2.6,South,733,Kharif,Drip,296.43,14.21,7.49
rice,54,31,24,8.0,25.96,2305.9,39.8,53.0,Clay,1.19,10.79,8.19,East,199,Zaid,Drip,201.2,13.96,9.47
potato,160,24,140,7.56,14.05,1820.73,59.7,24.68,Clay,0.45,6.81,9.15,East,1184,Kharif,Sprinkler,104.76,8.88,23.32
maize,58,32,129,5.81,38.53,2490.41,41.65,33.01,Silt,0.56,4.81,5.47,Central,1977,Zaid,Sprinkler,127.33,13.02,10.15
rice,146,36,36,5.98,16.56,1369.14,54.59,48.56,Loamy,1.14,4.12,17.26,East,312,Zaid,Rainfed,347.36,13.82,11.17
rice,55,97,95,6.04,35.01,2733.64,52.73,21.24,Loamy,0.88,10.06,3.83,Central,1292,Zaid,Sprinkler,160.84,24.94,9.09
maize,153,72,71,8.13,34.56,384.04,64.25,53.52,Sandy,0.37,8.94,10.75,West,1825,Zaid,Drip,78.79,8.36,7.78
sugarcane,173,67,81,6.03,14.24,635.2,32.08,21.67,Clay,1.56,9.92,11.38,South,1322,Kharif,Drip,229.87,19.59,73.02
maize,54,15,40,5.17,31.32,509.28,78.44,31.22,Sandy,1.08,6.75,12.14,North,1807,Zaid,Canal,115.74,6.92,5.69
potato,83,75,104,7.45,34.72,1395.69,72.56,26.88,Loamy,1.1,8.43,14.5,West,2121,Rabi,Drip,320.56,7.51,25.33
sugarcane,102,45,40,6.04,36.53,1769.71,89.99,18.05,Clay,1.41,6.71,15.71,East,536,Zaid,Drip,162.84,1.0,73.89
wheat,149,45,147,6.91,38.62,1406.37,45.34,28.53,Loamy,1.48,6.3,5.96,North,1804,Zaid,Drip,239.32,3.66,10.16
cotton,85,80,73,7.94,37.9,825.35,82.07,60.58,Clay,0.37,8.13,17.76,East,948,Rabi,Canal,306.94,10.12,7.51
wheat,94,33,45,6.76,19.33,880.11,66.62,16.35,Clay,0.39,5.53,8.04,West,250,Rabi,Drip,345.39,20.24,10.19
wheat,122,67,72,6.97,18.03,2317.96,43.86,15.84,Silt,1.31,9.1,14.33,East,1842,Zaid,Rainfed,337.93,13.31,10.41
wheat,115,90,85,6.99,21.93,433.57,47.74,50.21,Clay,1.2,8.44,1.7,East,1006,Kharif,Drip,92.59,10.99,9.26
wheat,109,88,26,6.88,23.95,2778.77,31.22,33.34,Sandy,0.58,6.85,13.67,South,1637,Rabi,Sprinkler,157.95,20.93,7.98
wheat,137,36,51,5.34,17.02,2101.78,50.61,26.49,Loamy,0.72,6.0,15.12,East,1128,Zaid,Sprinkler,246.49,18.68,8.63
potato,147,37,106,6.35,12.58,2602.98,83.97,40.44,Loamy,1.09,6.52,2.84,West,1013,Zaid,Sprinkler,96.02,10.39,26.5
maize,112,29,21,4.83,29.7,757.06,34.51,28.33,Loamy,1.33,6.18,6.2,East,1779,Zaid,Canal,171.01,24.73,6.65
wheat,176,40,94,6.93,15.23,1698.02,85.69,34.6,Clay,1.08,6.53,8.61,South,407,Rabi,Rainfed,335.63,19.93,10.39
wheat,44,17,48,6.76,37.45,1622.4,52.78,50.77,Sandy,1.33,4.11,13.99,South,1554,Rabi,Canal,115.32,10.24,7.51
rice,160,34,146,5.88,18.63,1852.03,74.45,20.85,Silt,0.6,6.38,10.0,East,1053,Rabi,Canal,204.14,20.32,9.28
potato,168,54,68,6.58,15.93,2244.2,69.51,62.98,Silt,0.73,7.79,11.73,West,448,Zaid,Rainfed,74.37,14.13,26.48
rice,59,53,51,6.48,15.82,2084.37,70.35,17.13,Sandy,0.43,7.38,7.27,South,1626,Kharif,Canal,245.58,1.48,10.34
rice,86,86,34,5.65,18.68,1282.42,62.9,55.33,Sandy,1.58,4.99,15.79,South,2024,Zaid,Rainfed,232.02,17.99,9.73
wheat,175,32,81,5.8,28.36,2473.24,57.86,51.23,Sandy,1.35,10.63,7.23,South,1143,Kharif,Sprinkler,302.26,9.94,10.91
wheat,157,55,97,7.39,39.35,335.62,85.7,29.1,Clay,1.23,5.29,9.06,East,768,Kharif,Canal,312.83,18.12,8.96
maize,77,84,36,7.37,24.59,933.09,70.8,20.92,Clay,0.55,8.05,8.52,South,648,Rabi,Sprinkler,121.6,11.77,6.55
wheat,165,41,41,6.4,27.99,1598.66,66.88,57.62,Silt,1.21,6.6,14.36,East,1282,Rabi,Rainfed,309.18,7.15,10.56
sugarcane,51,29,100,7.24,35.28,2447.85,55.09,48.98,Sandy,1.42,8.71,14.96,East,1648,Zaid,Rainfed,344.2,7.38,77.52
rice,35,51,27,6.33,20.02,1297.27,43.5,29.54,Sandy,1.35,7.05,16.4,East,2026,Zaid,Canal,316.57,4.41,9.04
potato,133,72,50,7.69,15.4,2240.09,30.11,15.85,Loamy,1.28,4.29,4.91,East,822,Rabi,Drip,310.46,22.31,25.56
cotton,65,19,31,5.93,23.01,962.76,88.84,61.92,Silt,0.8,8.44,16.49,West,263,Zaid,Rainfed,225.88,23.84,6.11
rice,108,87,52,7.95,19.56,2723.36,75.38,35.21,Clay,1.3,10.48,5.93,Central,229,Kharif,Sprinkler,249.99,17.52,10.05
potato,145,21,31,6.64,35.98,338.64,89.64,23.81,Sandy,0.93,10.09,15.93,West,1163,Zaid,Drip,288.59,1.89,24.78
potato,86,55,44,6.62,39.34,742.09,76.21,60.59,Clay,0.83,6.3,15.57,East,651,Zaid,Rainfed,111.69,12.21,22.1
maize,78,98,67,7.08,30.65,354.78,32.73,32.95,Loamy,1.55,6.28,8.73,North,715,Zaid,Rainfed,343.47,1.88,10.68
maize,111,24,102,5.96,29.61,342.85,56.65,38.16,Sandy,0.49,8.11,14.57,East,1958,Kharif,Canal,146.46,7.81,8.0
potato,95,76,74,7.26,31.43,2564.3,37.01,49.93,Clay,1.42,5.38,13.64,North,124,Rabi,Rainfed,209.22,0.95,25.61
wheat,106,40,144,5.89,24.03,989.75,78.08,55.97,Clay,0.72,8.39,1.76,North,993,Rabi,Canal,218.97,24.89,9.88
sugarcane,74,82,88,6.15,28.86,885.67,41.16,20.01,Silt,0.97,9.61,1.45,East,867,Rabi,Drip,302.63,10.69,74.31
wheat,108,38,70,7.09,12.14,967.81,69.46,59.93,Clay,0.77,5.42,2.49,Central,1077,Kharif,Sprinkler,195.05,6.89,9.29
rice,49,92,46,6.09,24.8,2307.05,69.51,61.63,Clay,0.95,10.71,17.12,East,385,Rabi,Sprinkler,180.19,2.02,9.75
cotton,152,55,44,5.48,19.97,1079.46,68.33,27.96,Clay,1.36,7.52,13.12,East,1770,Rabi,Rainfed,162.6,3.59,5.06
wheat,96,79,52,7.76,11.6,1782.76,82.7,39.87,Clay,0.54,5.52,8.05,East,916,Rabi,Drip,316.49,5.72,9.49
maize,112,31,81,7.94,26.34,2445.89,73.54,57.89,Loamy,1.28,4.47,4.75,North,1762,Kharif,Sprinkler,306.97,11.11,12.69
cotton,32,38,49,6.93,20.81,1096.93,49.65,39.37,Clay,0.88,6.01,17.11,Central,1214,Zaid,Rainfed,184.44,3.44,6.25
wheat,93,41,60,7.56,27.72,664.52,48.89,39.1,Silt,1.52,7.31,5.15,Central,246,Kharif,Sprinkler,180.54,2.34,6.97
cotton,69,21,136,8.15,25.4,468.69,31.34,45.93,Loamy,1.01,7.35,10.24,South,1633,Kharif,Drip,114.86,16.95,4.51
maize,88,87,23,6.89,18.29,1708.32,84.5,53.37,Loamy,0.35,5.43,5.13,East,1257,Kharif,Drip,205.93,14.83,10.18
maize,91,26,85,7.89,26.2,1814.57,36.21,48.28,Clay,1.48,5.81,13.36,East,2032,Kharif,Canal,158.49,4.58,8.8
wheat,161,99,79,6.02,21.36,2477.61,58.75,46.33,Sandy,1.5,8.75,3.93,East,2197,Kharif,Canal,177.74,12.73,10.18
wheat,89,17,50,7.18,37.63,1483.86,60.51,33.58,Clay,0.53,9.42,11.12,West,1167,Rabi,Canal,116.77,5.91,5.85
potato,145,93,108,4.99,21.27,2468.08,56.87,46.5,Loamy,1.56,4.75,12.04,East,2139,Kharif,Canal,238.45,2.13,23.94
wheat,104,99,119,7.48,11.2,1586.21,64.46,20.16,Clay,0.88,8.66,17.39,Central,1612,Zaid,Sprinkler,186.46,17.92,6.8
wheat,151,24,138,7.62,32.91,1775.54,73.76,35.48,Silt,1.49,10.41,11.25,North,1253,Kharif,Rainfed,322.87,13.15,10.8
rice,136,47,88,6.16,38.91,1643.98,41.77,24.42,Silt,0.77,4.25,9.25,East,680,Kharif,Canal,183.6,15.09,10.11
sugarcane,125,60,43,6.97,15.08,1051.04,34.42,41.88,Silt,0.33,8.29,7.68,East,540,Zaid,Canal,288.63,3.77,76.75
wheat,120,73,42,7.72,39.18,2409.15,81.45,28.1,Clay,1.33,8.08,2.8,East,491,Kharif,Rainfed,232.48,18.78,9.49
maize,159,66,82,7.8,28.52,2510.77,59.69,40.3,Clay,1.45,5.65,13.27,South,503,Zaid,Drip,320.65,19.22,12.63
wheat,91,20,137,5.16,35.42,2421.06,37.64,53.87,Loamy,0.51,9.77,5.2,South,1434,Zaid,Rainfed,309.36,12.48,10.76
rice,78,16,133,7.61,24.19,568.3,70.32,36.7,Loamy,1.02,4.05,6.31,West,255,Rabi,Drip,310.59,21.67,6.88
rice,166,43,25,5.73,28.68,1966.25,43.38,25.94,Loamy,1.38,10.5,1.2,North,1278,Zaid,Canal,343.68,24.8,11.79
maize,121,54,25,7.27,35.23,1410.22,34.91,26.15,Sandy,0.9,8.19,12.2,East,964,Kharif,Rainfed,91.43,10.95,6.8
maize,153,75,49,5.91,39.48,544.39,46.95,60.31,Silt,1.32,7.44,13.9,North,392,Rabi,Canal,140.47,17.37,8.31
cotton,90,82,20,4.99,15.54,454.52,47.81,54.05,Sandy,1.13,9.18,2.6,East,637,Zaid,Rainfed,60.04,0.53,6.28
potato,77,82,82,5.51,36.96,2044.61,82.11,16.83,Sandy,1.24,10.6,3.33,North,1206,Kharif,Sprinkler,293.86,1.72,24.32
wheat,165,43,47,6.19,30.02,1294.09,48.44,62.14,Silt,1.49,9.75,14.99,North,1459,Rabi,Drip,261.99,12.55,7.88
rice,87,76,108,7.32,38.41,1255.35,76.82,20.63,Sandy,0.84,7.97,13.49,South,962,Kharif,Rainfed,329.87,4.31,10.72
cotton,130,74,72,5.14,19.54,832.69,64.63,47.65,Clay,1.3,4.88,3.1,South,615,Zaid,Canal,265.31,0.58,5.57
wheat,141,98,57,7.56,17.28,1805.31,35.68,42.58,Silt,1.23,6.66,8.19,East,1449,Kharif,Drip,77.1,1.57,5.03
potato,91,55,71,8.19,20.97,670.99,39.39,17.33,Sandy,0.87,10.11,6.3,North,1098,Zaid,Sprinkler,122.9,2.62,20.41
maize,68,96,97,7.48,36.53,310.18,34.81,29.76,Sandy,0.8,9.96,3.79,North,808,Zaid,Sprinkler,86.92,23.23,7.69
sugarcane,87,79,149,6.41,23.79,335.18,54.09,53.79,Sandy,1.45,6.94,8.45,Central,544,Zaid,Drip,64.71,16.89,74.14
sugarcane,128,78,72,6.73,38.54,1219.64,88.19,30.34,Clay,0.57,7.31,15.48,North,1571,Rabi,Rainfed,138.91,19.72,74.45
cotton,73,93,113,4.82,17.27,2096.96,40.85,39.02,Sandy,0.71,8.79,14.88,Central,1392,Kharif,Canal,228.0,4.25,8.05
sugarcane,58,77,113,5.51,16.62,1806.43,50.53,49.9,Sandy,1.57,7.08,10.96,North,222,Kharif,Sprinkler,312.59,8.14,75.82
cotton,88,62,26,7.86,30.35,926.72,79.2,18.58,Sandy,0.66,4.63,10.51,West,1452,Kharif,Canal,252.49,2.82,6.98
rice,100,34,86,4.87,18.75,554.88,82.55,56.63,Loamy,1.43,9.11,12.13,East,786,Kharif,Canal,113.59,21.7,7.99
maize,121,51,135,7.88,13.87,1204.61,74.12,17.08,Silt,0.78,8.55,17.58,South,600,Zaid,Drip,199.48,11.15,7.73
sugarcane,38,78,56,5.19,21.28,2541.04,58.03,28.12,Sandy,1.02,5.39,15.0,West,1874,Kharif,Drip,126.55,22.13,73.62
maize,156,19,27,5.25,17.98,1167.22,68.93,53.15,Sandy,0.82,9.62,4.63,Central,1608,Zaid,Drip,232.94,16.14,12.05
rice,163,48,78,5.4,22.39,600.03,57.0,60.59,Silt,0.59,9.72,8.94,North,1095,Zaid,Drip,233.99,22.88,9.7
potato,174,53,142,7.52,15.6,2527.9,80.92,53.02,Sandy,1.2,5.73,13.69,East,2036,Rabi,Canal,163.08,17.58,28.56
potato,173,81,26,6.43,38.71,1109.94,54.59,26.35,Clay,1.56,4.99,15.42,North,1083,Zaid,Sprinkler,108.35,13.65,21.19
rice,160,95,139,5.29,34.05,2229.9,79.07,64.29,Sandy,1.46,5.37,2.44,East,1920,Rabi,Drip,268.07,0.25,11.6
rice,50,76,22,7.14,35.23,982.78,65.14,35.67,Sandy,1.58,7.45,12.8,South,1172,Kharif,Sprinkler,146.8,7.93,6.81
wheat,93,38,86,8.0,18.93,2472.79,61.27,33.82,Loamy,1.2,6.24,3.6,South,259,Rabi,Rainfed,329.34,15.59,9.0
maize,119,17,37,6.75,35.7,504.66,69.39,58.26,Loamy,0.34,8.71,2.8,East,849,Zaid,Rainfed,174.2,24.89,8.59
potato,65,85,64,5.14,27.72,932.98,47.53,18.31,Clay,1.02,7.65,15.34,North,333,Rabi,Canal,62.25,12.89,21.6
rice,91,81,116,4.99,11.7,2118.68,53.53,42.8,Silt,1.11,8.7,14.37,Central,1146,Kharif,Canal,216.59,16.53,9.02
rice,105,93,111,7.51,14.6,1286.28,78.3,63.28,Clay,0.46,5.55,13.69,West,1171,Kharif,Drip,208.06,23.35,9.91
wheat,42,64,98,6.93,23.38,1676.51,53.04,20.01,Silt,1.38,8.14,1.41,Central,815,Kharif,Sprinkler,162.43,2.9,7.53
maize,40,43,78,7.94,21.81,992.54,69.22,42.04,Sandy,1.25,10.18,5.37,South,803,Kharif,Sprinkler,97.59,13.34,7.31
cotton,83,88,102,6.66,33.86,1203.13,69.81,21.62,Loamy,0.88,8.09,8.33,South,1537,Kharif,Drip,256.68,19.67,5.21
wheat,45,46,128,5.01,36.21,1816.17,82.18,59.5,Clay,0.68,8.82,15.96,North,431,Kharif,Rainfed,146.67,9.54,8.85
maize,37,53,74,6.17,35.95,2281.07,56.62,44.39,Clay,0.59,10.65,9.89,West,206,Zaid,Drip,73.06,14.71,11.25
sugarcane,133,23,110,7.04,21.26,2529.91,84.15,26.73,Loamy,1.55,10.21,9.48,East,354,Zaid,Rainfed,325.25,17.65,76.97
rice,88,28,102,6.11,29.07,1197.08,89.58,30.35,Silt,1.34,5.57,1.08,South,1527,Zaid,Drip,106.73,19.12,8.68
wheat,86,82,145,8.2,24.91,1876.01,40.15,40.83,Sandy,1.2,9.71,15.11,North,1350,Kharif,Sprinkler,103.41,6.61,6.32
cotton,69,78,100,6.18,36.67,1544.91,72.93,51.27,Silt,1.53,10.86,10.95,Central,2128,Kharif,Rainfed,102.24,5.1,5.12
potato,159,34,24,6.66,36.67,1940.81,71.9,39.37,Loamy,0.56,9.52,7.31,East,735,Rabi,Sprinkler,130.03,23.02,24.74
wheat,123,42,85,5.57,11.62,1854.68,57.37,24.46,Sandy,1.41,4.9,3.73,West,1688,Rabi,Rainfed,127.41,0.58,6.57
maize,167,28,130,5.32,27.16,1850.59,48.23,50.41,Silt,1.06,8.34,8.13,South,2031,Zaid,Canal,100.24,20.11,11.28
maize,73,58,31,6.99,25.1,1390.69,31.63,20.92,Sandy,1.51,8.57,5.06,West,1883,Kharif,Rainfed,281.44,5.54,11.16
potato,168,91,125,6.8,33.11,1033.85,68.17,55.47,Loamy,1.16,5.03,8.65,East,371,Kharif,Canal,269.66,19.09,27.61
wheat,109,53,94,4.81,15.87,1353.11,48.94,34.78,Sandy,1.26,7.89,6.21,South,549,Zaid,Sprinkler,71.53,13.41,5.45
potato,110,42,47,5.77,30.85,2392.72,63.13,47.64,Clay,0.59,10.46,1.75,East,1543,Zaid,Rainfed,95.94,12.5,24.75
wheat,31,78,26,6.99,32.16,1157.14,37.33,32.24,Loamy,0.75,6.07,17.87,South,1301,Zaid,Sprinkler,290.21,8.62,9.55
rice,169,46,96,7.56,10.8,2453.6,32.66,48.45,Clay,0.69,9.65,8.61,East,165,Rabi,Canal,214.27,23.1,10.12
potato,144,23,80,5.86,22.94,715.64,78.14,59.46,Sandy,1.2,8.5,14.83,North,325,Kharif,Canal,120.84,4.52,23.17
sugarcane,119,42,70,7.0,39.37,1684.33,37.38,50.07,Silt,0.83,8.72,2.97,North,1245,Rabi,Drip,289.13,1.34,77.64
cotton,52,31,148,5.7,19.02,572.82,38.24,48.57,Sandy,1.42,6.1,11.35,Central,1979,Kharif,Canal,275.22,13.82,6.91
cotton,175,91,30,7.15,36.54,1406.15,64.24,52.87,Loamy,0.58,9.3,9.92,East,479,Rabi,Sprinkler,270.73,2.6,7.69
potato,91,69,126,7.17,27.61,2726.33,73.87,40.01,Loamy,1.33,8.46,17.21,Central,626,Zaid,Canal,84.53,14.43,25.12
rice,142,24,67,5.24,18.9,1865.8,30.48,26.01,Sandy,1.36,7.67,14.66,North,2173,Zaid,Rainfed,278.49,13.04,10.54
potato,157,94,122,7.06,35.08,344.55,56.53,55.78,Silt,1.12,7.43,8.03,South,1520,Kharif,Sprinkler,176.22,16.75,25.23
maize,91,20,66,5.93,39.72,2356.33,67.88,47.42,Loamy,0.49,6.15,14.5,East,511,Zaid,Drip,122.77,21.68,10.53
potato,67,62,131,5.39,32.26,1551.38,74.29,30.69,Sandy,0.72,5.41,7.94,South,693,Zaid,Canal,193.88,8.93,24.87
cotton,90,89,25,6.5,11.84,1978.87,86.87,28.79,Silt,0.82,9.37,13.93,South,20,Kharif,Canal,146.56,14.78,8.19
rice,158,81,30,6.34,11.57,1905.32,30.97,40.0,Clay,0.91,5.4,5.95,Central,483,Rabi,Drip,312.79,12.59,12.67
sugarcane,178,55,36,7.43,24.75,771.22,83.92,25.37,Loamy,1.26,5.17,7.34,Central,1285,Kharif,Rainfed,209.7,4.45,72.35
maize,151,93,35,5.09,10.18,1313.91,88.0,58.91,Clay,0.74,9.96,11.3,North,149,Zaid,Drip,262.28,9.71,10.69
wheat,139,74,75,7.49,30.28,837.25,81.95,54.43,Loamy,0.32,4.56,10.19,South,721,Kharif,Sprinkler,84.86,12.83,6.73
sugarcane,42,91,85,5.16,10.49,746.46,86.93,30.42,Clay,1.43,5.07,7.72,West,671,Kharif,Canal,151.56,2.05,72.74
cotton,129,56,102,5.51,39.19,1692.6,37.11,17.47,Sandy,0.86,4.64,16.94,South,1127,Rabi,Canal,258.61,5.25,8.75
rice,164,95,94,6.55,36.42,809.07,89.53,17.59,Silt,0.67,10.71,9.57,North,1933,Rabi,Sprinkler,141.34,11.29,9.55
wheat,51,85,146,6.37,34.46,803.61,75.91,29.86,Sandy,1.36,4.73,13.26,West,382,Zaid,Drip,226.72,15.72,6.75
cotton,103,42,37,8.16,34.37,1866.35,34.17,22.38,Sandy,1.44,4.04,8.09,South,1138,Rabi,Rainfed,140.72,15.56,4.66
cotton,161,27,108,6.8,35.03,1305.39,70.73,58.67,Sandy,1.25,8.29,13.3,East,39,Kharif,Sprinkler,133.77,5.88,6.99
potato,52,95,113,5.91,23.03,806.65,72.19,36.04,Loamy,0.76,8.99,14.47,South,1130,Zaid,Rainfed,123.55,23.9,23.77
wheat,148,29,36,7.86,33.76,1259.04,67.76,32.4,Clay,0.6,5.24,10.3,Central,528,Kharif,Canal,126.43,6.72,7.24
potato,99,50,133,5.86,21.01,1748.55,82.48,25.89,Loamy,1.23,6.44,1.56,East,208,Rabi,Sprinkler,276.71,11.64,27.3
rice,113,29,126,5.73,35.45,1796.89,74.93,57.06,Loamy,0.37,6.17,9.57,Central,1237,Rabi,Drip,70.22,13.46,9.76
maize,130,89,118,6.48,28.54,2545.14,39.7,54.62,Silt,0.81,9.07,16.28,South,1563,Zaid,Rainfed,132.01,8.93,10.56
cotton,113,70,32,7.9,20.75,2625.43,45.01,34.22,Sandy,1.29,6.76,2.43,West,941,Zaid,Sprinkler,323.72,13.66,8.79
sugarcane,57,18,82,7.21,32.36,807.54,57.81,23.47,Loamy,1.06,7.7,10.93,Central,2190,Zaid,Rainfed,153.52,9.45,73.38
cotton,165,66,33,7.1,17.28,1525.81,53.69,62.6,Clay,1.25,9.43,1.58,Central,1400,Zaid,Canal,169.96,12.78,9.12
cotton,30,24,37,7.27,38.94,1414.01,69.78,30.79,Loamy,1.04,7.45,9.28,West,1849,Zaid,Sprinkler,288.83,14.78,8.65
cotton,92,59,33,7.04,29.94,2218.2,38.19,53.55,Silt,0.61,9.08,12.76,West,1740,Kharif,Canal,264.42,2.88,11.47
potato,51,98,44,7.38,22.04,781.63,51.26,38.15,Silt,0.93,7.97,7.47,West,1827,Kharif,Rainfed,67.53,17.75,22.68
sugarcane,99,43,63,5.46,26.52,865.24,44.57,54.08,Clay,1.3,8.99,2.94,West,1683,Rabi,Rainfed,90.88,18.6,74.1
rice,154,67,140,5.4,32.13,695.51,47.62,39.08,Silt,0.6,4.63,17.11,Central,740,Kharif,Canal,184.53,2.06,9.89
cotton,178,43,58,6.03,33.92,2130.69,72.65,61.28,Sandy,1.55,10.85,16.86,North,69,Zaid,Sprinkler,204.93,1.17,8.58
cotton,125,37,123,7.69,39.25,868.69,34.83,55.02,Sandy,0.56,4.61,14.52,South,1650,Rabi,Canal,108.12,18.75,6.02
wheat,108,71,81,7.23,16.27,1349.18,83.24,28.01,Silt,0.32,8.45,4.53,East,1045,Rabi,Canal,132.43,23.8,6.49
cotton,34,64,72,6.73,25.13,949.26,68.46,36.52,Loamy,1.31,4.16,14.14,West,517,Kharif,Drip,286.9,9.68,7.98
cotton,89,35,72,4.87,12.74,2755.72,54.7,20.03,Silt,1.51,7.62,6.69,South,850,Rabi,Sprinkler,172.69,22.37,6.83
maize,149,57,137,5.6,12.47,1919.99,59.15,60.17,Clay,0.62,4.67,11.35,South,877,Zaid,Rainfed,289.5,21.36,12.5
maize,75,24,84,7.53,13.13,1014.07,71.89,18.46,Sandy,0.5,4.63,8.6,North,976,Zaid,Drip,276.53,5.06,9.14
wheat,163,90,62,5.62,17.79,590.05,73.85,15.91,Sandy,0.59,5.99,5.26,North,958,Rabi,Sprinkler,168.21,14.88,5.03
rice,85,44,69,7.28,30.89,1396.77,78.28,39.82,Loamy,1.12,5.69,12.1,Central,284,Zaid,Drip,303.61,0.42,9.93
cotton,139,65,55,5.43,35.83,752.88,45.82,45.16,Clay,1.05,4.96,13.22,South,1490,Rabi,Rainfed,238.84,22.04,6.44
rice,133,47,42,6.86,23.08,718.03,81.47,26.16,Sandy,1.11,8.05,9.98,Central,430,Zaid,Drip,68.44,13.02,5.01
potato,106,32,93,6.94,26.66,1037.62,79.84,43.53,Sandy,0.31,10.2,3.75,Central,427,Rabi,Canal,116.85,23.97,23.99
cotton,175,92,69,7.36,16.19,2715.96,81.31,59.78,Clay,0.5,10.42,9.41,South,1647,Kharif,Canal,119.82,8.68,7.71
rice,31,36,74,6.29,33.73,1299.59,34.85,46.31,Loamy,0.62,6.03,14.07,North,331,Kharif,Sprinkler,62.69,0.58,7.15
sugarcane,37,78,144,6.95,36.65,825.9,38.62,37.79,Silt,1.21,10.05,15.39,Central,443,Zaid,Drip,262.52,7.17,73.58
potato,104,35,31,6.46,24.57,1121.1,67.49,22.22,Loamy,1.09,10.77,1.46,West,1912,Rabi,Drip,268.47,8.37,25.98
cotton,154,15,102,8.02,14.83,1494.37,87.18,23.45,Sandy,1.11,6.19,4.17,North,1236,Kharif,Sprinkler,296.82,12.31,6.39
maize,67,29,51,6.57,10.15,479.62,36.6,39.22,Sandy,1.04,10.56,16.81,East,442,Zaid,Canal,200.58,3.87,8.63
rice,56,50,105,5.51,26.09,1062.48,74.33,38.16,Loamy,1.27,6.98,14.29,Central,1550,Kharif,Drip,156.5,16.92,8.76
wheat,49,61,38,7.07,24.93,658.0,38.17,41.12,Loamy,1.52,7.25,13.21,South,1214,Rabi,Drip,253.78,1.89,7.09
sugarcane,169,68,70,6.66,37.77,525.78,87.03,40.39,Sandy,1.18,7.36,3.35,West,477,Zaid,Sprinkler,278.27,5.81,75.23
maize,72,46,83,7.53,11.09,2572.48,78.01,32.06,Clay,1.27,9.12,1.07,Central,504,Zaid,Canal,285.31,0.13,10.95
sugarcane,60,72,149,5.4,14.47,1010.36,47.3,49.79,Clay,1.09,5.82,11.01,North,1472,Kharif,Drip,210.73,13.49,73.27
sugarcane,120,60,147,5.69,15.93,822.84,32.86,25.61,Silt,1.34,5.68,15.72,North,1565,Rabi,Sprinkler,135.77,5.37,72.54
rice,90,68,83,7.93,26.41,2050.88,56.2,57.62,Sandy,1.53,8.41,2.21,South,148,Rabi,Sprinkler,86.6,15.0,10.37
potato,138,47,20,7.96,18.54,443.62,61.5,24.72,Sandy,1.09,7.9,2.18,South,603,Zaid,Canal,204.71,14.1,23.94
rice,120,53,108,6.3,16.17,2733.1,61.62,35.79,Silt,0.54,4.5,17.98,West,659,Zaid,Sprinkler,154.9,19.63,8.91
cotton,124,37,45,4.96,25.43,2762.49,81.11,25.54,Sandy,1.3,10.32,5.02,East,242,Zaid,Drip,329.63,17.44,9.74
sugarcane,172,57,106,5.84,11.22,2212.23,88.85,45.92,Sandy,1.15,6.03,12.31,East,1938,Rabi,Drip,344.74,1.21,77.45
cotton,173,69,21,5.64,39.26,2767.57,55.92,38.88,Loamy,1.51,9.26,10.48,North,1367,Rabi,Canal,65.68,12.95,7.04
sugarcane,42,16,112,6.21,35.83,940.28,39.83,33.72,Clay,0.65,8.05,8.05,North,1433,Kharif,Rainfed,327.32,21.53,76.69
sugarcane,142,80,138,5.88,18.16,936.58,52.62,38.76,Clay,1.56,8.01,14.65,North,295,Kharif,Rainfed,204.58,1.66,75.13
potato,64,52,99,7.62,20.09,2472.35,72.73,36.06,Clay,1.02,10.01,5.04,North,921,Kharif,Rainfed,265.47,23.79,25.77
cotton,178,43,130,4.81,17.38,1818.76,65.02,57.76,Silt,1.55,10.16,5.76,West,556,Zaid,Rainfed,112.39,24.8,6.37
maize,77,81,145,6.99,37.85,2107.71,35.21,21.21,Loamy,1.32,7.92,5.53,West,14,Zaid,Rainfed,312.96,10.58,11.18
cotton,64,85,24,7.06,29.6,334.53,42.6,54.66,Sandy,1.43,7.0,10.3,South,336,Kharif,Drip,103.22,7.88,4.85
wheat,115,50,45,7.05,25.64,1459.64,71.61,47.77,Clay,0.72,8.34,12.15,Central,410,Zaid,Drip,274.87,21.13,6.68
wheat,143,43,25,6.57,25.26,995.86,71.88,32.42,Clay,0.59,4.84,2.58,North,1414,Rabi,Sprinkler,278.24,21.69,9.32
wheat,129,51,142,6.88,14.98,684.96,66.54,60.96,Loamy,1.11,6.94,3.49,Central,1664,Rabi,Sprinkler,69.49,20.59,8.13
potato,128,59,63,7.56,38.88,1596.98,47.64,23.85,Sandy,0.79,8.63,3.01,East,596,Rabi,Sprinkler,230.45,20.26,26.95
wheat,32,30,77,7.47,37.44,992.21,39.8,30.51,Silt,1.58,9.34,12.07,South,564,Kharif,Rainfed,246.67,17.02,8.54
potato,114,45,100,4.92,38.57,1658.52,43.73,33.74,Sandy,0.94,9.05,11.63,West,552,Kharif,Drip,282.69,0.85,23.61
maize,154,48,65,4.9,18.73,495.5,78.45,47.39,Silt,0.44,5.22,15.11,South,964,Rabi,Drip,251.89,14.43,10.07
potato,167,64,121,7.65,24.3,2294.29,59.31,62.32,Silt,0.95,8.28,5.87,South,1563,Rabi,Rainfed,75.29,6.97,27.12
wheat,112,79,67,6.75,25.57,2673.9,51.07,44.67,Sandy,1.0,4.63,13.45,South,1509,Zaid,Canal,199.22,14.89,9.43
maize,54,96,133,8.06,24.69,1873.49,38.15,57.82,Silt,0.31,8.17,5.85,East,1766,Kharif,Rainfed,298.6,7.54,11.85
maize,97,76,39,6.27,10.58,656.96,53.55,60.25,Clay,0.62,9.22,13.78,West,752,Rabi,Sprinkler,233.98,7.23,10.32
cotton,90,57,134,5.4,34.99,2172.69,55.07,38.32,Loamy,0.3,8.42,11.34,East,418,Rabi,Canal,104.14,6.47,7.59
rice,58,70,95,6.41,32.4,2495.92,83.16,38.62,Clay,1.03,8.37,8.04,Central,1484,Kharif,Canal,109.31,9.4,11.14
wheat,156,29,140,6.28,24.24,1216.19,86.41,27.5,Silt,0.68,8.57,11.8,South,640,Rabi,Sprinkler,150.76,9.25,7.85
rice,48,62,128,6.56,18.02,1584.43,80.37,45.08,Silt,0.53,6.93,15.37,Central,944,Kharif,Sprinkler,208.23,21.59,10.76
wheat,103,63,87,7.55,29.05,459.21,53.29,21.0,Loamy,1.39,6.69,4.77,Central,8,Zaid,Canal,155.59,10.13,4.93
rice,90,95,85,7.03,14.15,1669.2,63.55,46.72,Loamy,0.34,7.11,11.46,East,1270,Zaid,Canal,115.66,9.11,9.24
rice,49,58,102,5.43,39.92,418.67,80.47,59.64,Clay,1.2,5.48,17.89,Central,363,Rabi,Sprinkler,237.14,6.35,8.65
maize,77,24,28,7.3,13.76,1180.25,33.03,53.04,Loamy,1.04,7.18,14.56,North,197,Kharif,Sprinkler,297.94,13.68,11.41
potato,116,34,36,6.81,11.75,995.74,61.97,47.46,Loamy,1.3,10.33,6.09,West,362,Kharif,Sprinkler,237.88,8.99,24.61
wheat,168,84,132,6.77,28.37,757.34,53.92,56.92,Silt,0.47,6.04,14.34,South,10,Kharif,Canal,103.14,24.46,8.16
wheat,139,22,139,7.11,23.9,2432.55,52.86,51.49,Loamy,1.43,7.02,9.41,North,2017,Kharif,Rainfed,72.17,11.77,9.7
wheat,57,59,30,6.72,31.57,1808.61,51.01,41.48,Silt,0.72,8.52,14.27,Central,1702,Zaid,Drip,231.5,0.09,8.99
rice,88,48,45,6.36,13.84,1995.17,68.43,41.05,Sandy,0.31,9.37,2.66,West,667,Rabi,Drip,343.82,8.77,11.93
cotton,162,65,82,6.98,20.91,1530.81,55.04,20.35,Sandy,1.15,4.06,15.54,North,1855,Kharif,Sprinkler,114.88,4.74,5.73
wheat,80,18,41,7.26,25.03,2168.7,49.33,36.72,Sandy,1.42,8.65,17.91,East,686,Zaid,Drip,236.46,8.79,9.29
potato,178,53,29,5.57,23.41,1225.28,63.98,41.12,Silt,0.76,5.0,8.51,Central,2190,Kharif,Canal,196.82,6.36,25.47
maize,41,98,102,6.49,27.49,1403.43,52.39,38.5,Sandy,0.99,9.21,9.71,North,2099,Kharif,Rainfed,301.84,5.53,11.12
rice,79,38,45,6.36,13.05,508.04,32.08,53.8,Clay,0.84,4.95,4.18,South,1975,Kharif,Canal,77.18,4.99,8.19
rice,161,69,90,4.94,25.11,1099.19,55.06,23.05,Silt,0.36,9.25,12.62,Central,1480,Rabi,Sprinkler,186.91,22.9,9.59
maize,142,40,56,7.64,26.64,563.88,41.77,54.74,Clay,1.28,10.62,2.32,West,1883,Kharif,Canal,146.99,0.83,7.18
sugarcane,43,39,145,6.08,36.43,1504.1,35.99,52.08,Silt,1.52,5.56,10.63,West,882,Kharif,Sprinkler,130.8,19.61,75.4
sugarcane,61,50,134,5.05,27.13,2646.85,82.36,60.04,Clay,0.85,4.06,8.11,North,926,Kharif,Canal,274.68,3.02,75.0
cotton,168,85,111,6.36,26.42,2327.57,71.51,33.67,Sandy,0.49,4.78,4.4,Central,2188,Rabi,Canal,119.02,1.18,9.15
cotton,175,88,136,5.35,34.36,1393.11,52.85,23.83,Clay,0.96,10.44,15.02,West,153,Rabi,Canal,165.31,8.62,7.35
potato,84,72,68,7.2,11.95,1051.77,89.12,52.93,Sandy,1.48,7.29,13.77,West,1414,Kharif,Sprinkler,318.72,16.23,24.19
sugarcane,149,26,55,6.74,29.44,1123.56,52.03,44.42,Silt,1.09,7.76,6.09,East,1793,Zaid,Canal,283.23,24.74,76.57
sugarcane,104,15,45,5.72,34.35,1481.64,44.67,50.62,Sandy,0.58,5.07,7.57,East,1509,Kharif,Rainfed,256.44,6.55,74.35
rice,50,64,64,8.03,12.84,907.06,58.41,64.84,Loamy,1.02,10.91,5.29,Central,1006,Rabi,Rainfed,166.46,6.48,10.53
potato,162,39,80,5.79,34.35,1145.35,86.73,24.73,Loamy,0.72,5.28,4.57,West,1779,Zaid,Drip,251.64,3.73,24.3
sugarcane,116,94,95,6.69,33.61,1530.7,69.84,35.55,Sandy,0.33,8.22,4.76,South,1334,Zaid,Drip,106.36,20.46,76.17
cotton,88,19,77,7.53,10.03,2402.66,73.84,24.63,Loamy,1.49,7.99,3.27,West,980,Rabi,Canal,240.25,19.89,7.67
potato,118,97,124,6.55,17.38,538.43,39.92,58.03,Loamy,1.33,4.46,6.76,South,1039,Kharif,Sprinkler,123.3,11.66,24.75
sugarcane,179,82,45,8.07,14.54,1311.95,32.41,15.85,Loamy,1.5,10.98,12.79,West,1287,Rabi,Rainfed,108.05,8.58,72.7
maize,112,20,114,7.67,25.34,776.01,62.23,21.76,Loamy,1.19,7.85,5.47,North,188,Rabi,Rainfed,273.54,5.53,10.26
potato,94,40,98,7.93,37.42,1892.58,49.82,27.39,Clay,0.88,5.09,12.95,North,741,Zaid,Sprinkler,296.83,11.48,24.0
potato,93,69,147,6.07,28.08,1726.77,32.56,53.57,Loamy,0.94,9.28,14.01,Central,1129,Rabi,Rainfed,305.06,20.23,26.03
sugarcane,100,53,97,6.66,28.05,1743.16,83.77,46.42,Silt,0.57,6.75,6.75,West,1420,Zaid,Drip,80.33,17.37,75.31
cotton,33,23,55,7.66,13.69,1631.89,31.51,34.43,Sandy,0.8,8.69,1.98,Central,900,Kharif,Rainfed,97.81,12.36,5.88
wheat,172,59,78,7.87,29.99,2133.96,30.76,22.94,Silt,0.51,5.56,13.2,East,1947,Rabi,Drip,321.23,13.41,9.38
cotton,133,28,143,8.01,36.65,685.15,47.95,31.08,Loamy,0.92,10.46,3.36,Central,608,Kharif,Sprinkler,172.93,14.27,5.8
sugarcane,179,69,107,7.79,22.88,764.51,59.84,52.17,Silt,1.14,4.29,5.66,West,2106,Rabi,Sprinkler,270.76,19.05,75.8
potato,122,23,100,7.28,30.45,2072.25,57.05,34.1,Loamy,0.63,4.14,11.06,West,938,Zaid,Sprinkler,157.8,2.9,25.23
rice,171,29,36,4.88,18.85,629.44,51.6,38.13,Clay,1.53,10.05,16.63,Central,1795,Zaid,Canal,120.7,12.98,5.67
rice,177,51,70,5.87,18.07,2117.44,81.83,45.43,Clay,1.14,7.81,13.84,East,548,Zaid,Sprinkler,334.95,5.47,12.85
potato,141,64,74,5.24,15.55,711.06,47.86,60.64,Clay,0.59,6.39,5.58,North,1379,Rabi,Rainfed,122.51,22.67,25.08
maize,148,98,100,5.33,17.25,2778.94,69.17,27.51,Loamy,0.52,4.99,14.82,South,485,Kharif,Drip,240.24,22.93,12.23
rice,88,86,129,5.79,20.28,412.82,53.92,37.4,Sandy,0.52,4.42,7.97,North,1928,Zaid,Sprinkler,157.48,4.87,9.08
sugarcane,72,35,105,5.05,27.0,2241.04,53.32,30.52,Clay,1.57,6.07,3.45,West,226,Kharif,Rainfed,328.85,21.8,76.09
wheat,41,71,21,5.63,33.42,879.9,85.97,38.31,Loamy,0.61,9.68,6.26,South,1439,Zaid,Rainfed,296.41,18.37,8.85
wheat,69,33,64,8.05,18.69,1109.07,71.85,49.82,Loamy,0.52,5.35,14.97,East,1145,Rabi,Sprinkler,135.49,12.63,5.27
rice,147,72,32,5.86,15.04,2579.53,62.29,39.1,Silt,0.51,10.86,7.31,West,288,Zaid,Sprinkler,179.09,18.42,9.74
sugarcane,49,20,74,5.34,23.49,1066.5,40.48,56.73,Loamy,0.75,9.54,7.46,North,2010,Kharif,Rainfed,216.64,1.88,74.41
potato,160,18,41,7.24,33.69,1242.58,38.26,42.66,Silt,1.1,4.08,17.6,South,2165,Kharif,Rainfed,71.67,23.35,21.32
rice,119,57,108,7.62,21.68,755.51,41.62,34.29,Clay,0.4,7.85,9.78,South,761,Kharif,Rainfed,149.92,15.1,6.27
potato,123,56,74,5.87,37.4,492.93,67.62,54.12,Silt,0.51,6.77,9.45,East,1083,Rabi,Rainfed,251.15,0.47,24.98
cotton,42,17,116,5.75,17.44,569.97,33.36,36.57,Loamy,1.57,7.11,13.41,North,1701,Rabi,Canal,79.24,9.57,7.31
maize,95,15,38,5.62,32.75,1784.15,57.85,40.78,Silt,1.1,7.1,17.35,South,1255,Rabi,Sprinkler,148.33,10.28,7.52
cotton,66,69,147,6.14,24.03,417.02,57.58,64.73,Clay,0.48,9.96,17.82,South,995,Kharif,Canal,250.5,21.89,8.87
wheat,95,29,86,5.1,13.21,864.22,85.07,54.32,Loamy,1.02,8.8,14.26,East,553,Rabi,Sprinkler,127.93,18.18,6.05
cotton,65,61,80,7.08,18.43,1283.78,52.2,57.76,Sandy,0.61,6.03,15.82,West,784,Kharif,Sprinkler,126.08,2.13,5.99
potato,55,99,82,7.6,35.75,571.25,83.8,44.64,Sandy,1.57,7.61,16.42,West,2101,Zaid,Drip,118.38,0.59,23.05
wheat,104,60,124,7.06,10.18,2170.77,66.9,32.41,Loamy,0.81,7.41,13.66,East,1937,Kharif,Drip,292.53,0.91,11.61
maize,137,72,123,6.23,32.69,2728.68,53.41,64.56,Clay,0.49,6.01,10.6,Central,1682,Zaid,Rainfed,282.96,0.82,14.66
maize,72,85,53,5.78,34.34,2537.44,61.59,27.2,Loamy,1.1,8.34,5.25,West,1506,Zaid,Sprinkler,269.94,8.16,11.79
wheat,179,95,118,6.19,13.6,2684.12,35.65,58.64,Sandy,0.48,8.42,13.39,South,1618,Kharif,Rainfed,298.39,6.38,12.74
sugarcane,177,97,83,6.24,38.87,1662.16,83.38,60.57,Loamy,0.97,4.75,9.53,Central,563,Zaid,Sprinkler,97.82,20.02,73.31
rice,37,53,106,7.06,36.17,670.16,67.89,55.88,Silt,1.41,4.62,16.59,West,294,Rabi,Drip,256.18,17.17,10.86
maize,58,17,100,7.96,15.36,1967.0,56.14,20.7,Silt,0.75,4.21,1.02,East,921,Zaid,Sprinkler,201.61,3.94,10.68
maize,69,44,85,5.04,17.24,449.18,76.54,57.71,Clay,0.92,8.15,16.64,North,189,Zaid,Drip,149.72,14.44,7.54
rice,157,49,102,8.04,34.55,1490.32,54.27,48.19,Clay,0.44,10.97,17.15,Central,1319,Rabi,Rainfed,169.86,23.53,9.96
maize,113,71,111,7.89,26.39,2273.28,57.66,49.04,Clay,1.14,10.36,4.73,West,346,Rabi,Rainfed,207.17,14.81,9.99
maize,145,43,57,5.2,37.68,2437.3,55.32,54.33,Clay,0.45,7.23,15.94,West,70,Zaid,Drip,178.79,11.37,9.54
potato,173,64,149,5.42,39.37,1038.42,89.79,39.53,Silt,0.73,6.23,11.03,Central,1266,Zaid,Sprinkler,103.56,20.15,23.43
sugarcane,91,76,144,5.86,20.3,854.85,76.21,28.36,Sandy,1.39,9.13,5.99,East,1508,Zaid,Rainfed,226.29,20.86,75.6
cotton,36,66,60,6.7,12.91,2023.67,85.73,43.75,Clay,0.49,6.35,12.48,East,913,Rabi,Canal,73.52,9.52,6.75
cotton,74,28,38,5.26,31.11,646.92,52.78,20.43,Clay,1.39,4.24,14.56,South,73,Kharif,Canal,128.2,4.45,1.76
rice,117,49,124,5.48,37.69,2785.02,59.41,48.74,Sandy,1.12,7.62,8.17,East,1502,Zaid,Rainfed,282.89,20.6,12.72
wheat,102,42,149,7.87,14.95,1130.41,42.08,39.15,Clay,0.48,6.24,11.56,North,1632,Kharif,Rainfed,145.12,19.4,5.92
rice,66,72,111,5.17,39.56,2173.43,30.61,40.12,Sandy,0.52,4.31,4.43,North,1811,Kharif,Canal,332.11,17.1,11.26
maize,148,44,115,6.16,15.88,2113.94,41.69,24.29,Clay,1.16,9.32,1.55,West,1995,Zaid,Canal,302.88,11.33,12.72
cotton,86,21,81,7.39,12.59,1075.47,85.74,17.06,Clay,1.25,8.01,16.9,West,1633,Kharif,Rainfed,171.26,4.26,5.57
cotton,37,53,35,7.82,24.87,1265.49,57.38,45.56,Clay,1.15,6.44,3.62,East,1096,Rabi,Canal,320.84,19.42,7.96
wheat,124,83,113,5.94,34.17,2404.21,37.85,47.94,Silt,1.23,6.92,9.73,East,2116,Rabi,Canal,109.43,5.28,9.84
cotton,146,49,135,5.36,20.63,869.88,57.15,39.91,Silt,0.77,4.55,2.45,West,215,Rabi,Canal,117.55,6.37,7.74
rice,139,66,75,7.31,19.96,450.1,77.56,53.29,Silt,0.3,4.87,15.55,West,1988,Zaid,Canal,302.98,4.08,10.1
wheat,49,28,84,7.43,15.91,668.16,60.05,43.19,Clay,0.99,6.93,14.12,South,1824,Kharif,Rainfed,298.86,22.06,9.03
sugarcane,153,77,73,8.13,39.58,2010.2,86.21,57.41,Silt,1.07,5.06,4.29,West,1734,Rabi,Sprinkler,276.71,12.19,77.36
rice,82,50,105,5.27,20.26,893.6,83.9,29.41,Silt,1.19,5.33,14.83,Central,364,Kharif,Sprinkler,288.96,3.02,8.15
maize,148,38,69,7.21,29.99,1717.79,58.39,27.16,Silt,0.6,6.58,6.8,West,140,Rabi,Rainfed,223.01,19.09,9.87
sugarcane,41,54,124,6.22,13.97,1283.87,34.98,28.06,Loamy,0.52,7.67,15.27,West,1489,Zaid,Rainfed,82.29,13.8,72.9
cotton,46,43,41,7.91,23.49,2470.54,72.27,16.53,Silt,1.38,7.9,5.26,East,938,Zaid,Canal,319.31,18.99,8.53
cotton,93,67,59,6.19,33.87,1518.64,51.38,60.03,Loamy,1.39,7.43,9.02,West,1947,Zaid,Canal,98.08,16.6,7.17
wheat,71,36,58,6.32,39.11,649.02,77.14,64.96,Silt,1.58,4.51,5.45,East,1585,Kharif,Canal,109.73,19.16,7.7
sugarcane,123,86,124,5.23,15.32,2382.09,48.53,55.83,Clay,0.74,4.56,12.39,Central,151,Kharif,Drip,289.89,3.31,78.28
maize,176,29,87,5.89,12.84,506.66,49.84,35.63,Clay,0.38,5.44,1.92,Central,2125,Kharif,Drip,74.85,3.53,10.0
cotton,40,83,26,6.16,39.63,2370.61,62.54,32.7,Clay,0.92,10.13,10.84,North,904,Rabi,Rainfed,202.38,12.55,7.69
rice,127,78,104,4.86,26.63,403.74,31.49,53.73,Loamy,0.92,4.78,13.54,North,730,Zaid,Sprinkler,137.48,19.69,5.97
cotton,100,18,95,6.29,20.36,309.09,40.18,40.5,Clay,0.35,9.06,4.32,South,711,Zaid,Canal,158.53,16.62,4.65
wheat,137,89,110,5.94,38.81,2188.84,81.08,61.97,Sandy,1.05,9.74,5.03,East,841,Rabi,Drip,172.63,19.82,10.83
potato,87,32,103,7.53,21.71,1700.21,87.39,28.98,Silt,0.64,4.73,13.34,North,190,Rabi,Sprinkler,110.45,9.07,24.3
maize,63,56,50,5.16,16.96,837.54,41.53,31.19,Loamy,0.45,8.18,8.07,Central,939,Kharif,Drip,293.46,0.85,7.77
maize,49,44,118,7.38,34.11,2714.87,76.35,64.94,Loamy,1.09,9.38,11.59,Central,992,Zaid,Rainfed,142.82,2.85,9.46
cotton,79,29,71,7.23,19.42,1892.53,36.71,63.91,Loamy,0.67,9.62,8.25,East,1330,Kharif,Canal,178.55,7.27,7.94
sugarcane,131,84,131,5.62,19.66,896.42,58.36,59.26,Clay,1.03,4.2,8.12,North,2123,Rabi,Drip,81.84,23.0,74.39
sugarcane,167,69,91,5.08,23.35,1339.97,60.51,35.23,Sandy,0.32,7.75,6.11,Central,1841,Zaid,Rainfed,88.28,18.35,74.58
sugarcane,81,67,40,7.66,30.79,2582.95,63.82,56.88,Loamy,0.78,5.3,10.95,West,1343,Zaid,Sprinkler,232.89,15.06,76.06
maize,44,30,35,5.65,35.25,808.5,51.69,29.17,Silt,1.43,10.23,11.19,East,110,Zaid,Sprinkler,182.85,22.53,8.23
rice,113,87,35,5.29,16.79,2617.15,81.37,27.74,Silt,1.15,7.25,13.79,South,1667,Zaid,Canal,201.87,0.1,8.55
maize,160,48,75,6.02,20.87,841.96,48.21,42.32,Sandy,1.43,6.91,9.53,Central,1544,Kharif,Sprinkler,233.72,13.0,10.32
maize,66,41,101,6.16,24.89,358.81,59.11,58.01,Silt,1.26,5.45,10.55,East,1512,Kharif,Rainfed,307.5,17.56,11.23
potato,155,27,97,5.91,10.77,971.09,41.63,19.87,Sandy,1.24,5.37,15.41,East,776,Kharif,Drip,128.51,0.68,22.74
cotton,69,41,56,8.12,30.91,436.55,64.37,43.27,Silt,1.43,10.94,1.69,West,1388,Zaid,Canal,72.55,18.12,4.03
cotton,101,87,79,7.79,26.98,882.37,41.83,45.49,Sandy,0.33,4.47,9.83,Central,966,Zaid,Drip,204.06,16.47,6.77
sugarcane,69,83,30,7.77,14.01,979.96,44.49,43.99,Clay,0.85,4.29,3.15,South,887,Zaid,Rainfed,225.19,15.25,73.95
maize,85,45,145,6.16,13.91,1341.7,56.24,25.92,Silt,1.55,5.86,12.65,South,805,Zaid,Sprinkler,72.7,24.01,10.31
maize,133,17,85,8.07,36.86,1006.74,46.67,18.21,Silt,0.53,6.57,16.2,East,60,Rabi,Drip,98.21,4.55,7.12
wheat,168,44,145,7.13,30.5,2079.35,32.41,59.75,Silt,1.15,6.72,8.22,North,641,Rabi,Sprinkler,314.17,24.3,12.92
cotton,139,35,51,7.63,21.64,2727.08,77.79,43.73,Clay,1.33,5.34,11.81,Central,697,Zaid,Drip,63.85,22.96,5.9
wheat,165,20,75,6.5,20.14,418.78,79.21,53.4,Clay,1.51,10.57,7.28,South,1367,Rabi,Sprinkler,291.03,20.02,10.87
maize,122,46,24,5.35,19.51,1582.59,84.04,33.22,Loamy,1.43,10.31,13.85,South,294,Kharif,Canal,262.96,22.98,10.89
potato,123,56,109,7.82,29.64,954.19,88.79,17.13,Loamy,1.18,7.48,11.02,Central,1578,Kharif,Drip,336.79,24.11,24.65
rice,85,76,113,6.45,15.36,1456.85,36.79,27.98,Sandy,1.22,9.28,11.32,North,1510,Rabi,Canal,126.1,13.82,11.06
potato,89,46,91,8.09,39.62,2061.48,46.47,18.67,Loamy,0.75,5.57,3.95,West,374,Kharif,Rainfed,123.14,10.51,24.08
potato,167,53,119,5.67,30.61,2492.0,67.84,18.91,Silt,0.59,9.98,1.12,West,1059,Rabi,Sprinkler,215.0,7.74,26.91
potato,68,78,48,8.17,13.81,2516.7,82.58,25.72,Clay,1.55,6.88,11.64,Central,1154,Kharif,Rainfed,200.46,5.63,25.13
potato,57,44,78,5.56,14.14,707.87,39.74,46.68,Clay,1.57,4.93,2.91,South,1423,Zaid,Sprinkler,250.76,12.62,24.92
potato,78,77,44,6.05,29.45,1706.59,59.01,55.89,Clay,0.85,9.55,3.27,North,1536,Rabi,Canal,259.06,19.52,27.68
potato,154,45,116,6.82,21.5,1007.25,88.73,56.07,Clay,0.83,7.37,3.78,South,1759,Rabi,Sprinkler,76.14,9.41,25.57
wheat,42,54,120,7.16,29.8,1544.55,49.86,61.89,Sandy,0.89,8.25,7.8,East,737,Rabi,Canal,232.33,20.58,9.81
cotton,65,47,136,7.25,31.68,2599.98,59.47,47.82,Loamy,0.9,10.42,5.16,Central,1768,Zaid,Rainfed,258.49,12.44,8.84
potato,130,77,42,6.42,26.14,451.66,71.63,15.99,Clay,1.39,8.01,17.21,Central,226,Rabi,Rainfed,177.75,6.1,22.95
maize,55,39,89,5.06,17.7,1785.39,55.3,33.87,Sandy,0.86,5.86,12.51,South,1051,Kharif,Canal,318.87,15.36,9.92
wheat,115,50,98,6.49,26.53,1199.3,73.05,20.57,Silt,1.45,6.4,4.3,East,863,Rabi,Sprinkler,193.0,23.35,7.96
potato,33,38,98,5.94,22.66,2470.26,38.86,53.87,Loamy,1.2,10.0,14.67,North,1704,Zaid,Canal,284.63,4.14,27.46
cotton,111,72,117,7.04,36.71,845.78,43.84,20.98,Sandy,1.56,9.69,5.77,North,750,Zaid,Sprinkler,88.17,12.7,3.99
maize,156,53,33,5.42,32.21,1132.47,53.21,20.3,Clay,1.18,9.18,14.6,West,635,Zaid,Sprinkler,333.26,1.76,9.23
maize,117,60,48,6.14,28.57,350.78,89.03,16.41,Clay,0.84,4.9,8.97,Central,102,Rabi,Sprinkler,200.56,19.19,8.48
wheat,156,91,106,8.08,11.19,1374.87,50.93,62.78,Clay,1.49,5.36,9.16,East,1951,Zaid,Drip,114.67,21.91,7.89
wheat,149,24,29,5.1,39.71,1883.07,84.93,54.29,Silt,0.6,8.92,7.5,West,975,Kharif,Rainfed,91.08,4.6,8.24
cotton,51,96,66,6.85,26.99,790.4,82.49,31.67,Loamy,1.55,5.95,5.2,East,546,Rabi,Canal,204.12,3.52,6.31
rice,159,46,23,5.11,17.77,1889.19,75.35,33.82,Clay,0.36,8.98,12.68,Central,1613,Rabi,Drip,115.54,0.83,9.27
wheat,60,50,31,5.33,27.75,2161.79,52.22,17.97,Loamy,1.13,8.85,9.56,East,27,Zaid,Canal,128.95,18.28,7.04
cotton,148,42,61,6.86,34.54,781.05,49.83,22.9,Silt,0.32,8.12,1.15,West,1879,Kharif,Rainfed,74.49,1.05,6.55
maize,40,30,23,6.31,26.16,2188.18,68.38,30.57,Sandy,0.57,10.92,6.47,South,539,Kharif,Sprinkler,328.12,24.28,11.53
cotton,75,30,103,6.66,33.31,2631.92,43.95,34.39,Loamy,0.9,10.12,14.03,South,1904,Kharif,Rainfed,174.82,6.09,8.2
wheat,125,32,111,7.79,22.39,856.2,51.63,46.0,Sandy,0.51,4.84,6.02,South,1990,Rabi,Drip,293.2,14.89,7.05
sugarcane,39,22,111,7.58,27.7,637.5,78.91,32.52,Loamy,1.59,9.13,12.65,West,718,Zaid,Canal,291.69,16.51,74.51
wheat,157,94,25,7.82,22.67,1133.52,42.64,62.73,Clay,1.3,9.94,4.45,Central,24,Zaid,Rainfed,278.94,3.93,8.93
cotton,128,89,54,6.9,25.83,776.79,79.69,32.14,Clay,1.41,10.1,13.86,Central,646,Zaid,Drip,294.83,3.89,7.51
potato,141,84,84,6.46,15.03,2238.12,63.12,62.08,Sandy,1.57,7.6,8.27,South,2071,Rabi,Rainfed,66.82,0.39,27.74
potato,89,15,76,6.36,27.96,632.07,60.69,51.49,Loamy,1.18,10.0,1.14,North,1855,Kharif,Drip,266.84,18.81,23.92
sugarcane,116,76,32,7.32,39.37,356.33,66.82,59.99,Silt,0.65,9.98,12.04,Central,1251,Rabi,Drip,290.5,3.23,75.38
wheat,174,90,37,6.57,32.94,1179.52,67.88,50.16,Loamy,1.28,7.88,10.8,West,777,Rabi,Rainfed,171.54,7.56,11.18
rice,94,52,106,5.16,19.6,2261.82,63.5,43.43,Sandy,1.06,7.79,10.69,Central,604,Rabi,Canal,209.41,12.85,9.78
sugarcane,86,59,133,5.28,35.92,1928.24,72.09,40.45,Loamy,0.65,8.31,17.18,West,779,Kharif,Rainfed,297.57,19.08,75.49
cotton,135,72,45,6.01,36.87,1626.34,51.48,29.57,Loamy,0.78,5.1,7.36,South,1013,Kharif,Sprinkler,328.09,6.8,9.53
sugarcane,38,95,85,5.03,15.3,1444.87,78.64,29.91,Sandy,1.09,9.17,16.31,West,1222,Rabi,Rainfed,181.62,18.76,73.37
sugarcane,51,15,45,5.61,11.59,1923.68,43.27,26.16,Sandy,0.81,10.23,1.04,East,156,Zaid,Canal,156.14,9.32,72.28
cotton,170,46,145,7.03,27.17,1530.46,72.86,34.28,Sandy,0.61,7.92,17.37,West,1977,Zaid,Drip,116.13,16.59,8.16
rice,118,22,76,4.84,24.28,2237.15,53.13,21.35,Loamy,0.86,9.16,10.38,East,1364,Rabi,Drip,125.97,10.28,9.74
cotton,47,54,44,6.85,31.44,2466.11,71.69,34.38,Sandy,0.6,7.66,9.66,Central,1883,Zaid,Sprinkler,152.14,22.1,8.19
sugarcane,144,70,49,7.43,18.79,734.06,31.95,56.69,Sandy,1.44,7.93,16.15,South,766,Kharif,Drip,68.02,8.18,72.94
cotton,174,77,46,5.38,21.41,879.9,53.42,58.51,Silt,1.2,8.04,11.81,North,104,Zaid,Canal,300.9,17.95,8.41
maize,172,88,120,5.42,17.92,1584.15,87.79,47.14,Silt,0.79,5.79,9.87,East,932,Rabi,Sprinkler,311.6,14.95,11.6
cotton,135,88,30,4.9,18.76,2464.46,64.37,27.84,Silt,1.53,9.36,7.53,East,500,Rabi,Canal,90.8,20.38,7.89
rice,44,50,145,6.54,10.28,2596.02,59.96,27.02,Sandy,0.81,6.92,12.21,North,760,Zaid,Rainfed,299.19,22.3,12.38
cotton,92,71,49,7.03,25.32,614.56,44.85,28.9,Sandy,1.05,4.42,1.9,Central,1245,Zaid,Rainfed,239.49,22.97,7.28
maize,42,88,113,6.35,24.19,1057.84,59.49,40.0,Silt,0.97,7.39,5.21,South,541,Kharif,Sprinkler,144.46,15.9,9.97
potato,110,97,135,6.12,20.68,2224.03,79.4,63.82,Clay,0.46,4.87,2.71,North,1719,Kharif,Rainfed,111.04,7.77,27.59
maize,61,59,34,6.35,26.21,2634.17,50.31,20.46,Clay,0.85,9.59,9.59,East,1140,Kharif,Drip,306.95,1.72,11.66
potato,166,93,54,7.46,21.75,502.97,63.89,40.03,Silt,0.4,5.2,2.64,South,1954,Kharif,Sprinkler,307.61,5.49,25.68
sugarcane,69,94,58,4.91,22.98,1473.78,70.41,49.11,Silt,0.52,10.32,14.79,South,118,Zaid,Drip,206.17,4.14,73.66
cotton,177,16,43,7.46,10.06,1539.22,54.05,27.28,Clay,1.32,10.22,5.95,North,1976,Rabi,Rainfed,336.08,5.01,6.49
cotton,111,82,27,7.07,11.99,321.47,46.98,63.46,Silt,0.69,10.22,11.58,South,647,Rabi,Sprinkler,228.73,23.38,7.93
rice,106,64,62,5.62,14.52,2435.83,39.33,32.45,Sandy,0.42,6.22,6.67,West,943,Zaid,Drip,197.16,12.4,10.01
cotton,105,43,103,6.58,15.52,568.48,36.07,61.62,Silt,1.23,6.22,12.89,South,1029,Zaid,Canal,113.66,10.8,6.62
wheat,67,95,66,4.97,23.57,2393.73,44.47,44.87,Loamy,1.34,6.54,7.01,East,2113,Rabi,Rainfed,106.13,5.68,7.45
maize,100,24,45,6.09,36.25,352.43,31.17,15.2,Clay,1.05,10.17,7.45,North,2103,Rabi,Sprinkler,124.89,12.48,7.36
rice,77,41,120,5.39,22.18,2757.58,75.61,30.56,Sandy,1.49,6.67,9.16,West,14,Zaid,Drip,323.39,24.69,12.23
potato,47,29,82,4.88,28.82,1612.32,36.71,16.08,Clay,1.4,7.96,6.5,South,825,Zaid,Drip,128.09,5.24,22.48
rice,173,74,112,6.01,10.77,1047.06,83.94,34.07,Silt,1.02,10.8,3.9,West,1742,Rabi,Drip,323.1,7.14,10.29
potato,68,45,74,7.27,35.65,1815.71,60.64,61.63,Clay,1.26,8.89,8.43,North,2182,Kharif,Sprinkler,279.4,19.1,25.58
sugarcane,118,35,91,7.93,13.39,1009.48,57.42,53.95,Silt,0.73,9.58,12.28,East,1147,Kharif,Drip,209.55,23.22,74.53
cotton,91,74,79,7.05,18.53,569.32,33.89,46.01,Sandy,1.13,7.21,6.54,West,1515,Kharif,Rainfed,172.2,13.14,6.44
cotton,170,72,48,6.17,34.5,930.34,38.0,41.93,Sandy,1.57,9.3,14.76,North,1634,Rabi,Canal,119.44,19.33,7.59
cotton,138,55,38,8.2,17.95,2402.01,81.41,33.63,Clay,1.34,9.59,14.95,Central,28,Rabi,Drip,246.92,0.4,6.42
potato,110,60,92,5.76,17.74,917.59,70.37,25.58,Sandy,0.79,8.78,4.55,East,184,Zaid,Rainfed,342.3,16.02,26.84
sugarcane,163,59,120,5.44,28.09,1327.16,35.67,18.13,Clay,1.51,11.0,5.59,Central,939,Zaid,Canal,317.13,1.07,75.46
cotton,106,40,76,6.38,37.1,1673.68,70.87,24.51,Clay,1.37,4.55,1.04,West,367,Zaid,Drip,144.67,24.75,7.34
cotton,119,65,87,6.52,16.41,2474.98,37.86,32.58,Clay,0.35,9.83,7.0,North,699,Rabi,Canal,345.56,13.79,10.53
maize,43,50,106,6.01,28.62,327.09,73.96,41.0,Clay,1.27,5.52,16.52,West,530,Rabi,Sprinkler,291.55,4.03,10.8
cotton,124,66,122,7.16,28.01,2505.23,86.67,25.22,Loamy,1.57,8.39,14.3,West,1290,Zaid,Canal,255.79,21.56,10.68
rice,83,95,91,5.43,29.79,2152.82,75.5,63.72,Loamy,0.71,9.72,17.33,Central,753,Kharif,Sprinkler,90.23,17.91,8.99
cotton,161,65,148,6.54,38.4,1266.93,79.43,18.84,Silt,0.66,8.55,4.64,West,271,Zaid,Rainfed,288.74,8.41,7.03
wheat,68,17,137,6.5,14.98,2780.13,67.24,19.74,Sandy,1.13,5.92,10.73,East,1567,Kharif,Rainfed,91.28,1.1,8.71
wheat,101,28,135,7.6,29.63,447.07,30.22,49.13,Loamy,0.44,6.15,7.2,East,2098,Zaid,Drip,204.55,16.19,8.44
wheat,54,63,101,7.95,15.47,2144.41,77.11,52.75,Loamy,1.18,8.2,11.47,West,1383,Kharif,Drip,286.27,15.9,9.04
maize,106,91,128,7.06,19.43,2099.63,54.25,63.62,Sandy,0.59,10.34,13.65,West,1721,Rabi,Drip,96.57,7.81,10.69
wheat,149,15,35,5.84,21.7,2667.13,82.38,41.52,Clay,0.89,8.6,2.61,East,326,Kharif,Sprinkler,320.27,16.11,12.78
wheat,82,71,54,7.14,35.06,2361.07,64.37,23.3,Loamy,1.46,6.97,2.49,East,1659,Zaid,Canal,325.38,4.24,8.79
sugarcane,160,31,63,5.65,11.61,1738.97,41.49,61.9,Loamy,1.34,10.05,2.85,West,2065,Zaid,Rainfed,241.91,23.1,75.46
wheat,179,64,104,8.09,32.01,881.1,33.29,64.01,Loamy,0.44,6.09,5.77,South,1287,Kharif,Drip,269.44,9.14,10.51
potato,125,28,101,7.6,37.38,1574.52,63.31,61.18,Loamy,1.29,7.69,13.66,East,427,Rabi,Drip,183.16,3.85,26.8
wheat,101,73,121,6.27,12.38,556.77,64.01,58.58,Clay,0.84,6.17,11.86,South,1138,Zaid,Drip,163.43,21.62,9.9
cotton,91,95,82,7.47,33.72,1521.44,81.6,18.88,Sandy,1.59,9.5,6.11,South,1823,Zaid,Canal,285.71,9.67,6.96
potato,35,17,52,6.19,13.23,784.87,32.33,57.74,Loamy,0.69,5.4,15.55,Central,1876,Rabi,Drip,106.54,16.97,22.04
potato,61,54,79,5.05,38.89,2636.46,79.28,62.66,Loamy,0.91,8.59,13.39,East,1457,Zaid,Canal,223.94,15.44,25.48
rice,128,80,142,7.2,34.46,1316.53,54.34,42.62,Loamy,0.74,8.62,17.54,East,1963,Rabi,Drip,205.37,4.23,10.24
rice,167,48,21,6.18,30.85,673.71,61.7,53.63,Loamy,1.06,10.52,12.66,East,619,Zaid,Sprinkler,276.06,10.38,8.92
wheat,160,23,76,7.96,26.5,359.36,62.0,48.04,Sandy,0.65,7.09,13.19,East,378,Zaid,Rainfed,306.13,20.71,8.99
cotton,105,98,64,5.84,37.62,1126.13,52.94,29.4,Clay,1.49,7.47,15.0,Central,569,Kharif,Drip,246.98,4.82,8.07
potato,88,35,50,7.67,13.57,444.55,41.16,44.38,Silt,1.1,8.19,16.73,Central,1992,Zaid,Sprinkler,330.55,12.41,25.15
wheat,60,39,42,7.11,13.65,1448.28,34.73,59.47,Sandy,1.53,4.89,5.71,North,704,Rabi,Canal,185.86,13.11,8.58
rice,122,58,48,7.7,34.67,417.62,42.42,39.82,Loamy,1.18,7.19,11.98,Central,2066,Kharif,Sprinkler,304.45,22.09,8.87
wheat,98,39,50,5.79,24.47,2383.2,72.86,44.51,Silt,0.54,5.05,8.01,East,2177,Rabi,Sprinkler,114.57,15.2,8.6
wheat,81,23,37,6.37,35.35,1464.13,70.94,41.57,Loamy,0.32,9.51,4.9,South,211,Kharif,Sprinkler,61.16,21.67,6.12
rice,118,76,30,7.6,21.72,2282.08,70.53,29.12,Sandy,0.83,6.29,4.27,East,580,Kharif,Drip,242.8,21.96,10.36
wheat,156,40,122,6.99,23.56,1210.18,84.46,47.18,Clay,1.59,7.06,2.67,East,11,Zaid,Canal,111.61,10.96,7.53
sugarcane,60,71,66,6.02,19.96,2219.68,57.41,40.47,Silt,1.44,5.98,15.42,South,2133,Kharif,Canal,343.48,2.25,76.85
sugarcane,113,51,22,6.54,38.52,1313.27,75.55,26.63,Silt,1.4,5.8,1.19,South,1004,Rabi,Drip,78.46,22.27,72.83
sugarcane,156,30,149,8.19,23.95,1978.45,70.09,59.77,Clay,1.04,10.91,17.91,West,1383,Kharif,Canal,222.14,4.5,74.03
cotton,179,51,91,7.32,32.65,2083.11,86.22,62.5,Clay,0.42,9.83,17.4,Central,2148,Kharif,Canal,312.17,13.56,8.47
rice,161,90,149,6.89,30.88,1806.2,70.19,17.77,Silt,0.32,7.14,10.02,North,2077,Zaid,Canal,231.36,3.18,11.21
sugarcane,42,38,41,7.61,17.05,437.98,40.81,46.12,Silt,1.39,9.8,13.63,Central,1480,Zaid,Drip,201.55,24.03,71.69
cotton,74,40,143,6.3,37.42,1217.65,74.65,35.75,Silt,0.53,8.74,8.79,Central,302,Kharif,Drip,205.28,0.31,8.0
wheat,156,34,39,8.03,26.34,2241.84,51.48,41.3,Silt,0.4,6.87,4.73,North,1753,Kharif,Sprinkler,105.06,8.23,7.48
cotton,143,23,96,6.68,35.67,2611.72,45.3,33.69,Clay,1.22,4.2,13.56,South,2150,Rabi,Sprinkler,185.76,24.56,8.18
sugarcane,49,43,149,5.91,34.97,1951.21,46.69,38.72,Sandy,0.3,10.39,8.62,South,1817,Zaid,Sprinkler,331.38,4.44,77.28
rice,110,45,51,5.09,11.76,2718.37,79.5,31.17,Sandy,1.26,5.59,15.72,East,1113,Rabi,Sprinkler,70.2,17.93,9.46
sugarcane,158,33,109,6.08,28.59,985.89,57.17,20.88,Clay,0.55,9.07,15.63,North,1425,Kharif,Rainfed,248.83,15.86,73.88
sugarcane,172,34,22,6.73,33.67,640.87,58.15,30.1,Sandy,0.72,9.71,17.29,East,593,Rabi,Drip,248.19,0.3,75.03
wheat,46,41,61,7.19,37.19,1119.75,30.64,48.52,Sandy,0.52,8.11,12.87,West,720,Zaid,Sprinkler,328.46,22.1,9.74
sugarcane,87,99,96,7.78,25.19,1995.27,46.21,17.52,Loamy,1.31,8.6,9.37,South,2145,Rabi,Drip,93.15,0.57,72.8
maize,101,58,120,8.01,32.52,1276.24,83.0,34.14,Sandy,0.93,4.48,10.54,West,946,Zaid,Drip,262.71,17.73,9.36
cotton,138,49,147,5.15,39.09,1947.82,59.88,17.11,Silt,0.52,7.92,7.1,Central,484,Zaid,Canal,303.97,11.27,9.95
rice,52,85,66,6.84,34.84,2054.89,54.98,32.81,Sandy,0.35,6.08,12.21,Central,610,Rabi,Rainfed,92.07,1.63,7.8
sugarcane,101,36,142,7.07,35.63,1834.91,34.44,19.38,Clay,1.58,7.98,2.57,North,1928,Kharif,Sprinkler,139.49,11.78,74.3
cotton,37,88,53,5.39,22.22,2247.13,47.6,31.98,Sandy,1.23,8.23,17.86,North,1935,Kharif,Sprinkler,224.07,16.87,5.87
wheat,88,29,61,6.66,12.75,882.85,37.87,56.9,Clay,1.18,4.51,2.07,South,947,Zaid,Sprinkler,62.11,1.42,6.39
cotton,140,27,52,5.94,38.98,574.25,39.86,45.67,Silt,0.95,7.06,11.24,North,724,Rabi,Drip,89.5,22.72,4.41
potato,42,18,142,5.06,30.87,420.64,50.33,49.11,Loamy,0.87,9.93,5.94,South,1018,Rabi,Sprinkler,74.0,8.22,23.85
rice,45,96,46,5.02,15.13,2740.24,34.03,40.19,Loamy,1.33,4.85,14.98,West,1471,Rabi,Sprinkler,60.77,4.92,8.82
wheat,148,70,78,7.38,39.21,2094.55,76.7,61.12,Sandy,1.37,9.24,11.71,North,205,Zaid,Rainfed,227.9,21.07,11.89
potato,31,37,134,6.89,31.47,896.1,67.31,42.06,Sandy,0.38,7.86,11.33,Central,1084,Kharif,Rainfed,210.28,10.34,23.4
rice,174,48,147,7.23,12.71,1492.33,77.98,20.21,Clay,1.42,8.3,13.73,South,256,Kharif,Canal,197.44,21.48,9.32
cotton,59,31,139,7.13,15.12,455.59,50.87,61.66,Loamy,1.29,4.15,3.01,West,1843,Kharif,Drip,341.65,7.55,9.18
maize,132,42,132,5.26,35.96,1961.81,43.33,21.65,Silt,0.93,10.05,6.3,East,1764,Zaid,Sprinkler,219.93,14.62,9.72
maize,42,28,34,5.32,38.61,2717.77,65.4,64.96,Clay,0.92,10.32,9.6,South,938,Kharif,Rainfed,335.77,24.41,11.61
wheat,125,48,102,5.66,20.94,2064.57,31.32,36.77,Sandy,1.39,8.36,6.44,Central,2158,Zaid,Drip,234.02,9.0,10.16
potato,123,89,102,6.16,22.4,1856.44,35.34,18.67,Loamy,1.33,10.92,2.87,North,835,Rabi,Sprinkler,244.59,12.53,27.87
cotton,111,71,42,7.99,21.86,2605.49,74.49,58.21,Sandy,0.48,6.11,6.26,West,1634,Kharif,Drip,92.13,20.2,5.69
potato,42,91,30,7.09,35.06,1580.98,83.24,19.64,Loamy,1.01,5.46,8.79,East,2057,Rabi,Drip,182.06,15.83,22.62
potato,123,69,135,5.67,23.6,2162.82,42.33,23.72,Clay,1.56,5.03,3.51,North,1180,Kharif,Sprinkler,304.59,19.7,25.44
potato,178,80,122,4.99,21.26,2631.98,77.46,35.87,Silt,1.26,5.26,12.25,South,2024,Kharif,Sprinkler,305.6,8.91,28.21
wheat,141,51,26,7.13,28.66,1917.2,53.02,48.81,Silt,1.56,4.24,2.23,Central,2033,Kharif,Canal,301.59,10.33,9.55
potato,84,82,125,6.93,24.72,1615.09,54.96,21.06,Silt,1.31,8.92,16.16,East,1735,Zaid,Rainfed,241.27,0.73,24.87
cotton,110,90,133,7.1,26.0,1751.11,83.04,46.13,Silt,0.98,9.41,7.17,East,1850,Kharif,Drip,193.26,20.06,7.23
potato,145,40,42,5.69,22.21,2223.62,67.26,54.02,Silt,1.09,4.08,7.1,North,1144,Zaid,Rainfed,264.59,13.89,27.71
potato,172,75,121,6.56,23.82,429.7,78.72,21.17,Sandy,1.22,5.64,4.57,West,2027,Kharif,Rainfed,163.29,14.01,25.21
potato,137,81,77,6.03,11.08,1120.3,76.55,47.38,Sandy,1.25,5.53,9.19,Central,201,Rabi,Canal,149.28,8.31,24.42
potato,82,98,39,7.58,37.77,428.66,64.45,62.94,Silt,1.27,8.44,15.15,West,544,Zaid,Sprinkler,286.92,22.37,24.44
sugarcane,157,88,136,5.04,10.92,2265.56,74.87,63.37,Loamy,1.51,9.51,10.97,West,560,Kharif,Canal,152.77,17.73,75.55
sugarcane,86,66,120,5.74,33.18,2587.14,72.49,23.08,Clay,0.7,9.03,14.77,West,2044,Rabi,Canal,108.04,1.46,75.25
rice,81,32,21,6.85,18.95,1298.75,58.82,52.99,Loamy,1.38,9.33,17.47,North,1005,Kharif,Drip,342.9,19.1,11.41
rice,166,67,41,5.5,13.37,930.19,39.11,57.33,Loamy,1.04,8.99,11.63,West,115,Kharif,Sprinkler,210.14,1.02,8.45
cotton,140,77,89,7.09,28.29,401.46,45.98,59.45,Silt,1.45,9.32,3.87,East,1149,Kharif,Canal,141.83,8.48,9.48
maize,30,67,122,5.27,31.21,317.09,52.58,31.18,Loamy,1.12,7.93,6.15,Central,1590,Kharif,Drip,190.13,11.39,8.68
potato,73,41,123,4.88,28.91,1663.22,65.2,28.51,Sandy,1.52,7.82,12.24,East,708,Zaid,Rainfed,106.6,16.21,24.76
potato,104,45,55,7.74,27.28,1133.55,47.87,17.39,Clay,0.85,9.76,14.29,South,2023,Rabi,Sprinkler,143.56,16.85,22.75
rice,127,15,127,5.93,26.09,2710.26,42.32,34.97,Clay,0.43,8.29,12.13,West,125,Rabi,Drip,188.23,12.55,10.42
potato,38,20,43,5.33,26.23,2343.63,32.13,21.2,Clay,1.14,5.02,10.84,West,431,Zaid,Canal,115.29,8.2,22.25
maize,61,25,41,5.39,35.96,1427.27,42.75,54.31,Loamy,1.31,10.06,16.76,North,667,Zaid,Drip,260.93,14.98,8.45
rice,44,48,102,7.81,12.7,796.57,62.34,22.15,Clay,1.2,7.37,9.44,North,813,Rabi,Rainfed,100.53,17.09,5.7
rice,169,98,92,7.03,14.72,1256.95,38.38,55.95,Clay,1.24,5.76,12.33,South,1739,Kharif,Canal,311.39,7.22,11.89
rice,165,77,143,8.05,34.38,479.08,31.76,20.38,Sandy,0.34,6.63,6.31,Central,722,Zaid,Sprinkler,263.77,14.9,8.49
rice,101,67,100,7.52,19.09,1856.8,34.48,39.03,Silt,1.55,7.99,7.61,East,1790,Kharif,Sprinkler,213.41,12.58,11.02
cotton,41,99,93,7.41,33.15,2462.8,87.13,34.23,Silt,0.64,6.76,4.99,Central,1752,Kharif,Drip,299.42,1.71,8.54
wheat,94,99,49,6.5,20.58,1388.53,32.13,45.08,Sandy,0.84,8.15,14.6,South,1425,Kharif,Sprinkler,75.62,21.18,8.81
rice,136,32,45,7.59,37.76,1500.89,58.34,40.94,Sandy,0.84,7.93,4.39,Central,1134,Zaid,Drip,259.63,22.83,9.36
cotton,71,35,147,6.2,18.44,2644.62,71.3,44.93,Silt,1.48,7.86,4.95,North,223,Kharif,Canal,114.02,15.19,7.2
rice,144,33,30,7.61,22.81,1073.96,43.39,15.05,Loamy,1.27,7.96,2.82,East,1076,Zaid,Drip,142.91,20.06,7.53
sugarcane,168,18,39,7.38,14.77,554.22,87.85,21.38,Sandy,1.11,6.23,13.49,East,440,Zaid,Drip,175.52,14.84,72.86
maize,132,91,137,7.11,30.0,472.43,31.36,40.86,Clay,0.46,10.03,2.29,West,1057,Kharif,Sprinkler,213.2,13.06,8.37
potato,124,96,75,5.92,22.09,2220.53,82.81,26.48,Sandy,0.72,7.73,2.01,West,1982,Kharif,Rainfed,279.52,16.22,27.52
sugarcane,46,43,66,6.94,38.24,845.86,53.49,18.82,Loamy,0.94,4.32,11.63,North,948,Zaid,Rainfed,122.7,15.01,72.86
maize,114,39,108,6.52,10.47,2797.37,53.03,25.89,Sandy,0.45,6.06,7.38,West,1609,Kharif,Canal,227.2,17.68,12.76
sugarcane,85,70,77,6.37,21.63,2707.86,58.33,53.99,Clay,1.04,9.02,16.76,West,2070,Rabi,Canal,137.49,15.48,75.81
potato,163,91,29,8.17,10.71,2434.44,88.28,42.08,Sandy,0.58,8.66,15.91,North,1861,Rabi,Sprinkler,104.29,24.32,24.47
rice,115,77,41,6.51,19.87,1559.72,67.69,24.5,Sandy,1.37,5.36,9.44,Central,886,Zaid,Sprinkler,325.05,15.6,11.27
wheat,131,41,90,4.91,21.41,1569.39,82.71,15.8,Sandy,1.38,10.99,2.4,Central,126,Zaid,Sprinkler,196.21,10.39,7.88
maize,83,74,43,6.93,17.74,2630.38,31.67,32.88,Silt,1.08,8.38,10.36,South,739,Kharif,Drip,115.59,1.2,8.97
sugarcane,144,97,115,7.28,17.67,1043.31,83.82,32.87,Silt,0.77,6.29,17.9,East,1415,Rabi,Rainfed,299.14,18.93,74.84
wheat,168,63,26,7.81,17.8,1516.74,42.81,51.76,Loamy,0.36,6.75,12.23,Central,1416,Rabi,Sprinkler,152.44,2.76,9.71
rice,117,79,91,6.95,17.99,1306.48,48.9,60.97,Silt,1.12,10.44,14.5,North,409,Rabi,Rainfed,97.74,13.87,9.39
wheat,78,52,146,4.87,18.47,1196.43,34.42,33.6,Loamy,1.32,7.02,7.86,East,1582,Rabi,Sprinkler,77.78,0.22,7.51
rice,178,97,57,5.21,35.54,2529.6,84.9,49.41,Silt,1.33,5.69,2.27,South,1840,Rabi,Rainfed,156.99,17.83,10.48
maize,144,66,140,5.35,11.17,2111.01,61.57,46.75,Loamy,0.93,6.41,16.98,East,797,Zaid,Sprinkler,306.29,4.61,11.43
wheat,92,15,108,5.52,39.67,2661.15,35.4,36.1,Loamy,0.48,7.71,6.6,West,1835,Rabi,Rainfed,185.2,8.72,8.24
sugarcane,133,54,47,7.52,18.45,480.19,53.85,18.29,Loamy,0.38,5.1,3.57,North,573,Zaid,Drip,110.5,18.48,71.28
potato,112,95,111,5.85,10.84,2368.15,52.87,38.67,Sandy,0.37,4.36,3.64,South,627,Kharif,Canal,146.26,14.89,26.07
cotton,132,35,73,5.86,15.25,1120.1,33.05,32.71,Sandy,0.62,6.83,3.31,South,511,Kharif,Canal,94.93,5.21,7.04
maize,46,29,135,7.37,38.26,1777.4,50.86,42.51,Loamy,0.48,10.27,8.3,South,761,Rabi,Sprinkler,256.91,8.38,10.09
potato,35,64,135,6.2,39.93,2059.06,47.57,21.27,Loamy,0.52,10.49,15.62,North,241,Zaid,Sprinkler,111.46,11.17,23.03
potato,176,62,139,5.02,17.4,653.89,85.17,51.21,Sandy,1.21,9.83,3.5,South,496,Zaid,Drip,188.63,9.87,24.88
cotton,57,46,60,6.79,16.76,2171.18,78.41,54.39,Clay,0.53,5.19,13.84,West,1291,Zaid,Rainfed,70.17,15.68,6.19
sugarcane,67,63,56,5.24,35.08,1151.75,39.61,34.42,Sandy,1.2,4.34,2.23,West,1472,Kharif,Canal,249.99,10.52,74.23
rice,148,82,144,6.74,37.43,996.38,85.89,23.76,Loamy,0.76,7.7,3.05,Central,1339,Zaid,Sprinkler,146.95,14.67,7.95
rice,66,59,95,7.45,29.51,1478.85,74.59,46.18,Sandy,1.31,8.74,2.98,South,400,Zaid,Sprinkler,112.4,6.22,7.98
maize,144,46,56,7.96,38.07,2257.35,59.45,62.79,Silt,0.51,8.59,9.78,East,120,Kharif,Rainfed,263.54,24.99,13.54
potato,97,18,120,5.03,38.5,1322.57,55.96,50.03,Loamy,0.33,5.89,15.95,South,583,Zaid,Sprinkler,195.19,19.34,24.86
sugarcane,72,79,50,5.83,32.79,1663.04,85.61,21.17,Sandy,0.42,6.37,13.65,East,1812,Kharif,Sprinkler,261.04,9.87,74.6
maize,87,85,109,7.02,20.46,896.22,48.33,34.86,Silt,1.56,10.77,15.69,West,2052,Kharif,Drip,190.53,24.21,8.76
potato,42,87,25,5.87,14.48,1094.74,52.24,60.77,Sandy,1.0,6.99,15.69,West,1141,Kharif,Rainfed,107.15,17.68,24.66
rice,81,79,114,6.33,25.53,2653.62,71.47,46.72,Sandy,1.09,8.54,2.94,West,972,Rabi,Drip,230.64,11.34,10.53
potato,87,94,138,4.87,18.69,2597.52,75.56,22.36,Clay,1.56,7.5,10.37,North,1504,Kharif,Drip,317.26,5.3,28.08
potato,61,32,129,7.16,13.56,2518.99,49.63,51.23,Sandy,1.31,9.98,14.41,East,1448,Rabi,Drip,289.53,14.49,27.54
sugarcane,134,68,139,7.8,21.82,1271.19,85.32,32.68,Sandy,0.45,9.86,17.14,Central,821,Zaid,Drip,178.41,8.42,74.09
wheat,112,61,149,8.12,24.39,373.37,45.37,39.48,Clay,0.85,8.54,12.63,South,1326,Rabi,Drip,304.61,1.08,6.98
cotton,128,20,142,7.62,29.86,2597.62,50.85,35.75,Sandy,1.37,10.52,15.56,East,914,Rabi,Sprinkler,69.83,8.56,6.85
maize,133,80,48,4.91,16.63,1301.88,41.79,51.28,Clay,1.16,5.45,7.32,East,1983,Kharif,Sprinkler,282.63,0.48,11.03
cotton,57,23,129,7.02,36.05,2308.93,62.23,25.9,Silt,0.58,7.76,13.0,West,318,Kharif,Sprinkler,262.46,13.38,8.92
wheat,158,82,140,6.49,15.56,1589.19,89.96,34.42,Clay,1.35,5.64,7.3,North,911,Zaid,Canal,269.82,1.38,11.09
rice,77,37,88,7.99,39.92,2533.48,73.08,52.23,Silt,1.03,4.72,4.31,East,2010,Rabi,Drip,100.04,2.23,8.07
sugarcane,69,57,26,7.87,26.71,592.34,58.28,50.24,Clay,1.32,9.4,2.11,North,486,Kharif,Rainfed,62.46,23.47,72.41
wheat,126,65,147,8.16,14.41,2374.43,88.98,25.09,Silt,1.11,8.29,16.04,North,369,Kharif,Drip,151.18,14.6,6.51
cotton,143,86,75,7.73,35.03,2468.52,32.95,32.53,Sandy,0.9,4.73,2.1,North,1958,Rabi,Canal,149.48,22.7,7.3
potato,161,39,146,6.66,17.61,1025.19,47.15,15.72,Silt,1.25,10.92,17.99,South,500,Rabi,Rainfed,231.63,1.8,24.35
wheat,166,94,96,7.23,15.65,1863.1,80.29,41.51,Silt,1.43,4.59,9.68,East,1016,Kharif,Canal,155.36,24.69,8.8
rice,140,49,81,8.08,14.04,437.55,61.46,29.05,Loamy,0.91,8.81,9.57,West,1106,Zaid,Rainfed,110.78,19.1,5.74
wheat,173,31,93,6.77,26.53,1083.53,30.28,15.59,Silt,0.34,8.23,2.25,East,158,Kharif,Canal,336.81,20.38,9.55
wheat,105,32,34,7.66,36.38,1231.58,57.41,36.24,Sandy,1.07,6.9,2.27,North,1618,Zaid,Canal,250.19,22.79,9.01
maize,60,41,72,8.0,36.91,537.14,31.31,61.34,Loamy,0.42,10.03,13.21,East,927,Kharif,Canal,154.49,23.51,7.31
sugarcane,148,29,139,6.74,33.57,1383.33,64.41,61.17,Loamy,0.72,6.45,8.53,West,2024,Rabi,Drip,228.75,17.87,77.58
sugarcane,171,95,54,5.34,27.44,1919.84,67.96,33.61,Clay,1.01,9.76,4.02,West,556,Zaid,Canal,220.02,15.27,76.68
maize,54,83,33,5.33,25.9,1923.03,42.08,37.46,Silt,0.75,8.15,4.44,North,367,Zaid,Rainfed,292.87,3.07,11.26
sugarcane,63,94,112,5.19,21.21,1474.88,89.19,27.13,Clay,0.67,6.75,4.94,West,1001,Zaid,Rainfed,276.82,2.71,74.73
rice,96,29,141,6.42,11.32,608.57,80.03,18.42,Clay,0.33,6.41,14.78,North,1204,Kharif,Sprinkler,121.4,7.67,5.91
cotton,147,56,37,6.43,35.1,496.91,57.83,49.7,Silt,0.65,5.83,11.4,East,75,Zaid,Sprinkler,202.99,10.3,4.75
cotton,102,48,148,6.9,39.98,2356.14,48.57,55.0,Clay,0.8,4.12,2.23,Central,126,Rabi,Rainfed,164.12,24.74,8.93
wheat,55,62,144,6.44,37.63,1698.93,30.74,59.01,Sandy,0.68,8.35,12.74,East,1027,Kharif,Sprinkler,117.76,16.03,10.13
potato,177,97,46,8.11,37.99,2174.74,71.6,61.76,Sandy,1.12,7.18,9.84,Central,918,Rabi,Drip,299.14,16.18,26.41
sugarcane,133,22,83,5.79,20.0,382.59,45.77,60.8,Silt,1.17,6.36,10.86,East,1936,Kharif,Drip,72.56,13.73,73.78
maize,39,24,79,7.77,12.98,1403.75,53.68,16.37,Silt,1.31,5.23,6.14,West,988,Rabi,Sprinkler,126.84,3.24,9.03
cotton,96,19,33,5.14,36.15,2559.47,55.72,63.9,Loamy,0.54,4.01,1.3,East,1252,Kharif,Sprinkler,304.8,13.66,10.47
cotton,34,62,135,6.85,32.91,2070.19,81.23,33.98,Silt,1.1,8.73,9.65,East,492,Rabi,Drip,265.1,6.57,9.43
sugarcane,56,40,111,7.0,21.71,2215.87,81.08,59.31,Silt,0.86,10.02,11.12,East,1958,Rabi,Rainfed,186.02,14.18,74.38
wheat,142,37,104,7.43,35.01,1477.72,76.57,37.04,Sandy,0.72,6.46,11.97,South,725,Rabi,Rainfed,128.66,7.42,8.6
rice,44,76,106,6.51,14.16,2162.56,76.01,36.11,Sandy,0.93,7.79,8.52,South,850,Zaid,Drip,158.0,12.86,10.94
maize,134,27,139,5.47,29.53,1980.41,59.68,15.56,Silt,0.93,8.19,10.53,Central,432,Zaid,Rainfed,269.1,15.61,9.7
rice,73,23,103,6.05,38.6,634.27,77.47,17.62,Loamy,1.13,5.73,10.25,South,361,Rabi,Rainfed,266.97,11.66,8.8
rice,55,34,43,5.73,37.31,527.83,81.49,48.56,Sandy,1.03,7.42,7.28,South,1028,Kharif,Sprinkler,153.93,0.48,7.39
cotton,124,71,138,6.22,32.83,741.41,59.91,61.88,Sandy,1.12,8.66,14.73,West,1294,Kharif,Sprinkler,293.39,4.03,8.02
rice,113,38,108,6.6,18.0,498.82,84.02,26.22,Clay,1.57,10.13,8.36,West,761,Zaid,Rainfed,276.03,15.24,8.24
potato,169,47,56,6.93,13.08,1744.9,89.42,19.7,Silt,1.35,9.65,5.03,Central,958,Rabi,Sprinkler,178.19,5.1,25.51
potato,161,34,105,7.67,19.74,2713.06,40.52,25.69,Clay,0.68,10.09,1.15,West,1689,Zaid,Drip,277.98,5.11,25.37
potato,116,74,146,7.89,28.52,2233.79,88.74,25.62,Silt,0.99,10.98,5.88,Central,615,Kharif,Canal,85.95,17.25,26.08
maize,141,62,34,6.37,19.5,2163.15,44.74,29.66,Loamy,0.6,5.84,2.76,West,554,Zaid,Canal,175.38,10.6,10.29
cotton,158,78,31,5.1,22.39,2375.19,86.04,19.74,Clay,0.97,9.09,9.52,Central,467,Zaid,Canal,270.6,18.13,8.24
maize,118,44,114,7.51,22.11,2552.98,81.07,26.78,Sandy,1.23,7.93,7.48,Central,1481,Kharif,Drip,154.06,2.21,9.27
wheat,95,87,50,6.42,20.07,1060.0,84.96,61.06,Silt,0.39,8.1,5.27,East,1259,Rabi,Canal,87.7,19.56,8.13
rice,160,31,113,6.66,37.7,525.5,57.66,59.51,Silt,0.48,6.03,3.2,Central,409,Zaid,Rainfed,107.38,14.6,9.03
cotton,151,28,103,6.83,19.6,2178.37,39.06,30.82,Clay,0.31,9.94,14.7,Central,1727,Zaid,Canal,233.16,13.13,8.29
potato,178,33,91,7.07,39.81,1367.09,43.36,64.84,Clay,0.79,9.52,17.74,Central,266,Rabi,Sprinkler,348.02,20.14,26.25
cotton,113,85,63,7.83,16.28,2663.44,48.28,29.92,Loamy,1.3,9.75,15.65,North,2080,Kharif,Sprinkler,330.37,23.7,9.72
potato,145,73,49,8.04,36.18,2633.65,44.98,51.09,Sandy,0.88,10.98,14.38,Central,1907,Rabi,Drip,170.57,16.3,25.15
maize,145,81,54,8.0,31.97,2735.22,88.04,47.2,Loamy,1.04,6.16,10.03,East,623,Zaid,Rainfed,115.04,3.32,9.41
cotton,67,58,40,7.55,30.06,2237.11,39.36,18.23,Sandy,1.07,10.82,15.2,North,1864,Kharif,Canal,271.13,15.44,7.56
sugarcane,172,46,130,7.82,23.36,1832.17,71.15,32.11,Sandy,0.42,5.47,10.08,East,18,Rabi,Rainfed,308.46,0.08,76.58
maize,139,25,82,4.97,34.5,2217.37,60.7,62.57,Silt,0.53,4.63,6.47,East,2136,Zaid,Rainfed,315.5,8.21,12.77
maize,75,16,111,7.69,24.77,988.11,32.05,17.54,Sandy,1.49,4.07,4.84,East,720,Zaid,Canal,135.17,17.54,8.48
wheat,54,82,31,5.05,14.07,305.5,42.7,23.74,Clay,0.9,5.64,4.67,West,152,Kharif,Drip,210.66,21.79,6.12
sugarcane,50,31,111,7.34,18.41,1452.49,86.01,63.55,Silt,0.84,6.19,8.75,Central,1522,Rabi,Drip,102.94,8.96,74.95
rice,150,95,79,5.38,15.47,1899.24,79.01,16.99,Loamy,1.28,6.16,11.85,West,2129,Kharif,Sprinkler,60.65,6.09,6.67
wheat,151,54,86,6.02,27.09,2397.31,65.16,37.33,Sandy,0.36,10.51,3.58,East,783,Kharif,Drip,97.27,4.09,8.32
rice,162,60,134,5.43,29.66,426.95,34.6,60.92,Silt,1.39,6.19,1.21,Central,391,Rabi,Rainfed,298.59,12.13,11.64
wheat,99,18,34,6.31,20.08,414.34,38.31,62.18,Clay,1.17,8.61,1.39,East,852,Zaid,Rainfed,203.87,11.17,9.23
rice,142,52,35,6.2,11.19,2641.79,73.84,63.97,Loamy,0.49,10.9,6.24,West,1829,Rabi,Drip,134.59,12.42,10.78
sugarcane,136,77,41,4.96,29.76,803.25,75.42,39.07,Silt,0.38,6.06,13.25,South,1421,Zaid,Sprinkler,347.91,6.59,73.67
potato,141,43,137,7.62,11.86,2020.68,87.49,19.32,Silt,0.3,10.83,1.06,North,1138,Zaid,Drip,154.49,11.74,25.07
cotton,137,33,132,7.7,38.97,667.28,42.34,53.64,Clay,0.68,9.34,8.94,East,983,Kharif,Rainfed,214.61,8.78,6.8
rice,76,43,114,7.48,36.62,2552.9,68.94,50.45,Clay,0.72,9.69,6.06,West,209,Kharif,Drip,232.39,24.62,10.8
maize,120,49,20,7.68,34.93,2170.07,55.85,43.98,Sandy,0.53,7.98,16.54,West,1233,Kharif,Rainfed,115.21,4.71,9.0
maize,47,84,94,7.35,21.03,436.15,36.83,59.41,Loamy,0.67,9.44,17.3,Central,319,Zaid,Drip,115.69,3.0,7.23
rice,178,37,25,7.99,32.35,980.51,50.17,60.58,Silt,1.03,8.27,7.78,West,382,Rabi,Rainfed,337.22,20.32,10.74
rice,133,60,106,6.76,11.38,2724.51,52.05,49.16,Clay,0.45,7.39,17.61,South,159,Kharif,Rainfed,203.34,19.3,11.33
cotton,69,58,81,6.78,12.69,2415.58,57.21,20.6,Clay,0.56,9.98,17.51,East,1412,Zaid,Drip,148.47,20.46,6.72
sugarcane,167,62,77,7.72,24.84,419.15,47.58,19.78,Silt,1.03,9.75,10.79,Central,661,Rabi,Rainfed,103.74,12.41,71.37
maize,118,66,127,5.99,27.6,1068.26,63.16,35.43,Clay,1.22,6.77,7.55,East,159,Rabi,Sprinkler,71.68,5.47,10.88
potato,90,22,38,4.97,33.01,1122.31,66.39,29.64,Clay,1.51,4.29,2.8,South,2089,Rabi,Drip,333.14,22.65,24.24
sugarcane,34,69,128,7.35,18.93,1499.31,54.77,21.65,Sandy,0.96,10.48,10.41,Central,434,Zaid,Rainfed,127.64,19.84,71.87
maize,151,80,142,5.67,26.28,989.77,52.4,45.56,Silt,0.45,9.48,15.19,South,1044,Kharif,Canal,193.56,18.65,11.31
rice,84,91,119,6.41,11.88,2373.45,69.33,49.18,Sandy,1.07,10.0,7.73,West,1195,Rabi,Canal,70.62,0.89,11.37
potato,66,54,28,5.62,24.13,1477.05,33.25,49.9,Loamy,1.59,4.17,9.59,South,1835,Kharif,Rainfed,290.66,12.15,24.53
cotton,85,99,68,7.61,30.14,331.38,81.98,23.76,Clay,1.45,10.12,7.77,West,1845,Rabi,Rainfed,141.95,8.5,6.43
cotton,131,45,50,8.06,39.69,1273.8,88.48,30.29,Sandy,1.31,7.28,12.96,North,889,Rabi,Drip,337.58,8.6,9.08
wheat,122,62,78,4.99,33.04,1782.42,33.32,24.95,Silt,1.25,10.37,10.36,Central,1466,Zaid,Drip,296.77,3.15,8.53
potato,102,75,149,5.59,39.86,1948.13,72.55,45.07,Loamy,1.28,8.84,9.74,Central,1901,Zaid,Sprinkler,306.24,22.08,26.46
potato,88,66,64,5.44,24.94,540.86,45.13,43.35,Loamy,0.42,6.98,4.7,North,1006,Kharif,Rainfed,119.54,6.06,24.67
sugarcane,31,52,115,7.09,22.99,1543.26,55.8,40.17,Sandy,0.98,4.87,11.08,East,270,Rabi,Sprinkler,115.43,1.23,74.87
rice,133,50,62,6.26,35.03,1375.93,46.24,29.8,Sandy,1.2,7.9,9.41,East,688,Rabi,Drip,237.08,11.48,10.72
sugarcane,80,69,117,6.35,23.87,739.94,42.85,26.85,Clay,0.39,8.96,12.94,West,2073,Zaid,Drip,95.18,13.59,74.65
wheat,59,99,20,5.33,32.68,750.55,56.46,59.52,Sandy,1.49,10.33,11.75,Central,1025,Rabi,Canal,338.5,8.91,8.41
rice,40,27,110,6.21,39.84,2732.62,52.3,17.44,Sandy,0.47,10.2,6.0,North,611,Zaid,Sprinkler,87.73,9.19,7.88
potato,137,51,63,5.83,31.74,1333.79,55.55,47.82,Sandy,0.41,5.81,11.71,West,2174,Zaid,Rainfed,263.39,9.83,25.99
wheat,105,61,52,6.88,10.43,1900.72,78.49,15.98,Loamy,0.46,4.53,13.99,West,51,Kharif,Rainfed,107.52,17.12,6.41
maize,119,85,49,5.54,15.41,815.54,88.72,24.69,Silt,0.85,7.29,12.07,North,1290,Zaid,Sprinkler,240.19,6.42,9.88
sugarcane,152,36,75,6.89,18.29,2691.18,38.6,29.47,Sandy,1.01,5.94,9.49,Central,1579,Rabi,Sprinkler,311.34,23.5,78.6
wheat,154,53,124,6.08,34.66,2666.93,74.65,59.32,Loamy,0.42,6.22,12.24,South,1776,Zaid,Canal,119.85,9.54,10.11
potato,151,72,50,5.98,37.96,2283.75,62.95,21.89,Loamy,1.32,8.67,9.04,South,1669,Kharif,Sprinkler,97.13,10.49,24.45
maize,123,44,108,5.84,29.49,1390.4,52.38,61.89,Sandy,0.56,9.23,6.77,South,1606,Rabi,Drip,243.08,3.69,11.42
wheat,132,32,20,7.09,12.64,1338.01,69.63,55.77,Loamy,1.03,9.13,11.57,West,2157,Kharif,Canal,88.11,11.62,7.61
sugarcane,60,32,129,6.71,24.99,2524.49,82.89,48.95,Clay,0.94,9.72,1.32,West,1814,Kharif,Rainfed,311.87,17.41,76.1
sugarcane,81,88,101,7.7,35.77,2471.78,68.49,35.59,Silt,1.48,4.3,2.58,East,369,Zaid,Rainfed,316.96,8.46,76.06
wheat,118,53,38,5.62,20.87,2611.46,72.22,60.26,Clay,1.46,10.76,4.11,West,228,Kharif,Rainfed,282.67,4.81,11.07
potato,105,40,134,4.94,11.96,982.98,38.89,41.4,Silt,0.61,6.37,17.64,East,1645,Rabi,Rainfed,171.8,19.19,25.79
cotton,158,85,145,5.42,33.39,1955.41,72.78,33.56,Loamy,1.0,6.57,5.87,North,133,Zaid,Sprinkler,177.13,14.87,9.66
potato,51,21,83,5.97,29.71,1979.39,89.17,44.28,Sandy,1.58,8.42,9.5,North,1133,Rabi,Canal,121.66,12.23,24.72
sugarcane,69,83,72,5.41,24.01,1200.01,87.58,26.61,Sandy,0.73,5.58,10.69,Central,1878,Rabi,Canal,247.37,9.65,75.31
maize,130,79,25,5.08,35.49,536.38,54.55,28.64,Loamy,0.4,8.74,1.22,Central,270,Zaid,Sprinkler,81.9,7.13,5.7
wheat,140,60,36,6.31,35.49,560.97,82.94,60.97,Sandy,1.23,5.84,2.3,West,2158,Kharif,Rainfed,279.13,2.89,10.52
maize,158,32,65,7.1,31.03,2407.24,65.48,54.7,Loamy,0.95,8.91,3.65,Central,1761,Zaid,Drip,117.33,6.65,10.37
maize,94,27,137,7.36,38.27,1154.35,37.1,40.68,Clay,1.52,9.72,4.7,East,1340,Kharif,Rainfed,324.36,6.86,11.07
maize,178,39,92,6.16,23.62,2525.98,88.69,35.83,Loamy,1.05,10.3,2.24,North,1460,Kharif,Rainfed,274.76,8.39,12.53
sugarcane,108,22,120,6.43,31.87,1015.71,66.79,55.38,Loamy,0.96,6.86,12.06,East,1336,Kharif,Canal,181.66,6.81,74.87
wheat,51,88,110,7.37,34.92,806.65,36.35,43.53,Clay,1.49,9.65,3.03,East,1602,Kharif,Rainfed,146.61,0.58,7.08
sugarcane,128,46,25,6.0,29.07,1282.18,64.34,35.75,Clay,0.79,7.26,16.22,South,349,Rabi,Canal,131.47,7.35,72.36
wheat,37,31,128,7.47,26.59,2109.95,73.29,40.77,Loamy,1.08,5.72,9.55,Central,449,Zaid,Drip,260.29,0.23,8.46
wheat,46,93,59,8.09,31.96,1850.47,44.24,26.64,Clay,1.4,9.12,4.18,East,1584,Kharif,Rainfed,319.52,18.41,10.34
maize,46,93,110,7.79,20.64,675.46,70.95,25.1,Silt,1.08,6.06,4.93,South,891,Zaid,Canal,334.02,4.75,8.75
cotton,119,62,85,6.34,20.99,2752.83,87.96,64.45,Clay,0.69,5.2,12.0,West,360,Rabi,Drip,340.51,3.0,11.36
cotton,170,77,30,6.77,39.3,2746.04,43.9,63.48,Sandy,1.03,4.85,2.92,South,563,Zaid,Drip,332.47,15.81,10.36
rice,174,54,135,7.24,13.57,979.74,59.45,36.04,Clay,0.86,6.78,1.76,North,268,Rabi,Rainfed,266.55,23.73,8.92
rice,110,98,62,5.99,35.26,1625.21,48.84,40.76,Clay,1.58,9.22,14.59,South,2074,Kharif,Sprinkler,116.43,23.05,8.13
sugarcane,107,29,77,7.52,33.66,869.04,53.27,56.36,Loamy,0.37,9.7,9.37,West,1541,Rabi,Drip,157.06,13.75,74.54
cotton,35,20,57,6.29,11.62,2780.46,80.23,51.29,Clay,1.3,9.84,15.45,North,1698,Kharif,Rainfed,171.5,8.67,6.9
maize,139,77,113,7.68,31.11,1170.76,79.41,19.98,Silt,0.33,7.0,17.16,South,1250,Kharif,Drip,251.07,5.5,7.96
rice,43,22,55,5.67,12.82,2554.9,30.5,33.73,Loamy,1.09,4.26,8.72,South,1937,Zaid,Drip,188.74,9.59,8.89
sugarcane,101,46,25,4.84,16.32,1372.6,37.32,27.51,Silt,0.86,5.25,6.16,East,289,Zaid,Rainfed,160.65,1.11,74.56
cotton,172,59,84,6.95,38.75,2090.54,50.94,64.63,Sandy,1.48,5.37,7.29,East,163,Zaid,Canal,163.64,14.65,10.38
maize,83,66,143,6.34,20.86,2563.52,48.18,52.44,Loamy,1.0,7.53,16.18,East,1387,Rabi,Canal,221.55,22.68,13.45
maize,56,93,136,5.0,11.7,1853.01,35.62,17.39,Loamy,1.38,10.41,17.97,Central,753,Rabi,Drip,277.26,16.63,9.46
potato,42,96,37,6.46,25.64,877.22,71.26,60.0,Sandy,1.17,4.91,7.48,East,311,Rabi,Canal,137.81,15.48,25.79
maize,89,27,115,5.37,16.19,2293.92,68.56,61.4,Sandy,0.88,4.24,17.4,East,1311,Kharif,Canal,218.71,7.12,9.85
cotton,35,38,147,6.94,22.79,2572.25,44.89,31.66,Silt,0.74,4.0,9.59,West,972,Kharif,Canal,109.3,11.09,6.28
rice,87,54,55,6.31,13.05,522.79,51.7,47.1,Clay,0.45,10.3,1.62,East,983,Rabi,Drip,349.61,23.84,10.11
cotton,78,28,89,5.38,12.88,1233.37,59.28,49.1,Loamy,0.32,9.75,4.44,South,143,Kharif,Rainfed,213.63,18.53,6.34
rice,55,89,114,6.2,25.12,2781.56,32.72,51.48,Loamy,0.3,10.74,7.58,East,1369,Rabi,Drip,125.48,1.57,10.77
rice,76,84,63,5.59,20.08,1929.68,39.29,49.68,Silt,0.59,8.9,7.02,North,1423,Kharif,Canal,243.89,4.7,9.13
cotton,34,76,63,7.02,14.66,735.42,68.81,42.99,Loamy,1.03,8.27,14.82,North,42,Kharif,Canal,139.59,10.91,5.77
wheat,49,75,46,5.8,27.41,2407.67,59.14,62.69,Sandy,1.57,4.86,14.39,East,1243,Zaid,Drip,254.75,20.99,11.81
cotton,163,15,119,7.59,11.87,1477.78,66.03,40.62,Loamy,1.22,8.03,3.15,South,403,Kharif,Canal,126.63,22.75,7.84
rice,88,80,71,4.85,32.58,2454.62,88.4,20.55,Clay,0.39,9.54,1.97,Central,786,Kharif,Sprinkler,98.04,8.23,8.37
sugarcane,175,46,44,6.17,11.54,2208.77,75.33,19.02,Sandy,1.14,10.09,13.07,East,391,Rabi,Drip,132.91,4.39,74.8
potato,161,27,93,6.9,39.11,2105.23,88.09,15.92,Silt,0.93,10.09,8.24,North,1234,Rabi,Canal,224.31,3.1,25.01
sugarcane,46,47,58,4.88,32.07,975.58,65.46,36.4,Silt,1.13,6.12,3.92,South,1517,Kharif,Rainfed,192.32,2.05,73.02
sugarcane,43,46,132,5.53,36.92,1696.11,30.09,28.66,Loamy,1.11,5.33,2.47,Central,2194,Rabi,Canal,277.75,4.01,75.2
potato,42,70,22,5.91,23.2,2438.22,35.63,59.76,Sandy,0.49,5.04,4.64,East,1377,Rabi,Drip,133.55,2.5,25.51
cotton,164,38,134,4.87,11.74,2435.58,71.82,58.36,Sandy,1.5,8.51,17.29,Central,1985,Kharif,Drip,250.91,12.44,9.02
potato,157,18,41,6.66,16.88,726.38,48.3,56.89,Sandy,1.02,4.49,2.48,West,912,Kharif,Canal,168.44,18.96,23.65
rice,73,37,23,6.94,39.13,1302.8,54.83,58.36,Loamy,1.21,10.09,10.36,West,1146,Rabi,Sprinkler,196.41,7.48,10.36
wheat,148,43,33,5.57,28.57,1449.64,70.53,29.88,Loamy,0.8,9.65,1.45,South,649,Rabi,Sprinkler,326.03,12.85,11.34
rice,172,35,33,6.65,16.84,1502.19,50.01,36.31,Silt,0.46,4.05,16.36,Central,764,Kharif,Drip,290.31,21.98,7.83
cotton,48,44,35,8.2,24.48,1444.64,82.42,30.59,Clay,1.2,8.11,9.7,West,2023,Zaid,Canal,132.45,22.99,5.37
potato,92,34,83,7.82,19.52,539.88,53.25,19.3,Sandy,1.53,8.43,16.94,East,1727,Zaid,Rainfed,264.28,8.78,21.46
potato,110,30,35,5.0,24.69,2558.8,32.66,61.2,Loamy,1.06,10.34,6.52,East,493,Kharif,Canal,95.41,18.32,26.73
wheat,176,81,71,5.23,35.1,2253.65,89.05,45.8,Loamy,0.56,7.74,7.89,Central,1709,Zaid,Canal,349.32,1.79,10.66
cotton,177,63,38,6.48,16.68,1378.29,59.38,21.63,Clay,1.11,4.36,13.74,West,732,Rabi,Rainfed,317.9,14.33,8.96
sugarcane,129,72,88,5.63,21.97,2678.27,51.03,25.3,Loamy,0.86,8.78,17.01,South,272,Kharif,Rainfed,305.75,14.79,75.11
wheat,151,58,112,5.08,23.38,1653.49,83.95,37.54,Loamy,0.82,6.45,3.38,East,253,Rabi,Rainfed,245.59,13.64,7.88
wheat,73,39,24,5.67,27.61,444.85,81.65,17.59,Loamy,1.49,7.57,7.76,Central,470,Kharif,Sprinkler,117.78,4.13,6.48
wheat,133,37,61,5.01,12.33,1407.88,32.27,28.6,Sandy,1.26,5.68,17.5,West,1415,Rabi,Canal,204.12,16.66,7.56
sugarcane,90,73,36,6.6,16.21,815.98,78.51,50.17,Clay,0.96,10.02,6.54,South,695,Kharif,Sprinkler,192.69,5.78,75.68
wheat,154,15,130,6.47,21.93,2795.4,59.4,61.02,Silt,0.84,8.12,16.93,East,1595,Zaid,Canal,179.99,22.93,10.88
cotton,174,29,91,4.82,34.28,610.0,70.41,61.44,Clay,0.62,9.22,11.54,Central,615,Kharif,Rainfed,249.3,2.22,6.22
cotton,100,95,123,6.44,15.61,1065.52,38.76,41.0,Clay,0.75,5.05,9.17,North,80,Kharif,Sprinkler,274.19,16.9,8.85
rice,136,95,113,6.57,36.45,1995.68,70.05,30.61,Silt,1.0,7.96,6.64,Central,1516,Rabi,Canal,138.71,9.74,9.87
maize,79,66,29,6.86,20.17,858.42,43.81,61.04,Silt,0.36,6.11,9.65,Central,1038,Kharif,Canal,252.01,8.26,10.36
sugarcane,94,72,35,8.1,17.62,580.58,37.04,54.33,Loamy,0.76,4.18,12.11,Central,1667,Kharif,Canal,165.69,7.6,73.4
wheat,128,55,61,8.14,22.28,1264.78,38.08,44.36,Loamy,0.94,9.1,13.08,East,939,Zaid,Canal,65.01,9.29,6.78
sugarcane,61,58,22,6.59,26.61,2538.65,48.0,56.73,Loamy,1.09,10.85,2.3,East,1040,Kharif,Canal,105.76,5.82,76.6
sugarcane,170,18,140,7.67,32.02,1742.95,89.5,37.94,Sandy,1.27,9.1,11.89,East,2074,Zaid,Rainfed,248.2,21.07,73.74
wheat,87,91,43,5.09,24.31,2164.29,33.26,20.61,Sandy,0.32,4.59,16.17,Central,1966,Rabi,Rainfed,295.84,15.69,8.32
maize,157,82,38,6.61,34.54,1012.54,49.85,61.91,Clay,0.68,8.41,8.26,Central,2003,Rabi,Drip,77.97,18.47,9.09
potato,171,21,94,7.11,34.56,2532.32,61.5,41.7,Sandy,0.64,9.8,5.26,West,34,Zaid,Canal,105.43,5.81,25.3
cotton,141,60,59,6.72,10.05,1701.92,42.41,49.76,Sandy,0.98,5.13,12.89,West,1932,Rabi,Canal,193.43,5.25,8.2
sugarcane,97,23,65,5.58,33.75,1184.72,87.7,34.61,Silt,0.91,10.87,2.93,South,785,Zaid,Sprinkler,91.09,10.7,72.02
wheat,69,47,59,5.01,23.28,1937.75,57.63,21.79,Loamy,0.4,8.37,16.86,North,218,Rabi,Rainfed,248.53,17.71,6.88
wheat,173,47,81,6.11,39.01,1317.37,71.56,28.59,Silt,1.29,10.87,9.72,East,2029,Rabi,Drip,69.81,24.3,8.72
sugarcane,161,98,37,7.0,34.61,993.1,51.6,17.18,Loamy,1.19,8.41,12.25,North,141,Rabi,Sprinkler,91.07,9.2,74.59
potato,119,18,101,8.17,21.52,2216.93,41.65,19.38,Clay,1.37,8.68,6.99,East,765,Kharif,Sprinkler,271.5,21.55,24.84
cotton,57,79,127,5.6,29.04,569.35,48.22,25.25,Silt,0.44,9.32,8.31,West,14,Kharif,Canal,299.88,23.29,7.7
cotton,125,48,31,7.92,15.83,1959.77,46.78,43.05,Loamy,0.96,9.63,10.81,South,831,Rabi,Canal,134.41,0.17,7.22
potato,60,99,123,5.03,18.71,1613.49,80.85,64.64,Silt,1.08,10.15,17.78,North,1560,Kharif,Sprinkler,192.93,17.86,24.16
potato,32,93,107,7.97,16.06,1583.92,30.89,57.19,Silt,0.36,9.26,12.94,Central,1288,Kharif,Sprinkler,227.96,10.7,23.73
maize,165,78,134,7.63,32.53,1156.25,83.62,19.29,Loamy,1.55,7.22,16.89,West,1564,Rabi,Rainfed,66.45,14.76,8.53
sugarcane,53,39,52,4.87,10.25,987.54,53.57,57.12,Sandy,1.33,5.78,17.24,South,1610,Rabi,Rainfed,265.61,13.21,73.32
wheat,44,69,137,5.81,22.22,2025.74,67.01,41.82,Silt,0.62,6.78,14.28,East,794,Kharif,Canal,77.32,21.65,7.2
cotton,74,23,99,4.97,35.13,2327.16,78.33,48.02,Clay,1.12,10.44,1.7,East,2027,Zaid,Rainfed,112.51,4.66,7.59
sugarcane,37,31,31,8.18,31.27,1265.62,57.66,21.49,Sandy,0.49,10.04,5.6,South,1669,Rabi,Drip,272.62,17.22,74.15
maize,100,35,114,6.25,22.65,660.52,35.56,34.77,Silt,1.44,6.54,14.72,East,1648,Zaid,Rainfed,301.01,6.28,10.69
cotton,137,74,72,7.05,28.99,353.74,62.5,59.21,Clay,0.43,6.96,1.23,East,1687,Kharif,Rainfed,266.18,20.87,6.81
wheat,144,27,32,5.6,22.95,1749.38,37.29,36.27,Clay,1.48,6.06,9.25,Central,694,Rabi,Canal,325.71,21.83,7.54
wheat,132,17,141,7.97,35.32,925.06,79.48,21.36,Loamy,1.38,8.35,14.03,East,2012,Zaid,Drip,346.24,5.36,8.52
cotton,154,82,121,5.73,27.18,1332.24,68.87,30.55,Sandy,0.92,6.52,16.83,North,2185,Zaid,Canal,295.52,8.88,9.56
rice,86,18,77,5.68,28.98,1693.19,65.53,26.08,Sandy,1.15,9.62,8.5,South,1455,Zaid,Canal,239.06,13.31,8.41
cotton,59,21,23,5.87,39.66,2108.94,30.02,49.34,Loamy,0.62,7.33,15.1,South,347,Zaid,Rainfed,75.62,1.66,7.21
maize,175,40,85,6.37,33.1,1358.86,87.6,60.55,Silt,0.8,5.54,8.76,Central,1322,Kharif,Drip,321.04,12.64,12.21
sugarcane,143,89,134,4.86,18.58,2056.34,37.82,51.67,Silt,0.58,7.12,3.42,West,721,Rabi,Drip,143.35,14.98,74.89
sugarcane,146,38,55,6.83,33.19,2583.88,41.01,57.18,Clay,0.99,9.15,8.77,West,336,Rabi,Drip,173.37,22.76,77.0
wheat,89,24,42,4.91,37.85,993.37,89.17,55.29,Clay,0.71,7.18,8.51,East,1116,Rabi,Drip,211.02,9.15,8.36
potato,127,27,38,6.63,18.85,2042.35,35.37,15.73,Clay,0.76,8.0,9.92,South,1707,Rabi,Rainfed,316.26,6.01,26.5
cotton,155,58,59,6.36,34.52,1059.95,74.5,21.22,Clay,0.88,10.4,16.82,North,1582,Rabi,Canal,293.01,13.29,7.54
maize,123,53,91,5.62,17.13,469.93,35.7,36.17,Loamy,1.43,8.99,11.51,North,61,Rabi,Rainfed,206.01,20.42,8.26
cotton,163,33,77,5.92,23.02,506.88,73.97,20.6,Silt,1.01,10.98,2.53,East,1324,Zaid,Canal,314.81,14.22,7.18
potato,151,65,126,7.2,30.71,2055.91,83.36,51.75,Clay,1.35,4.54,8.32,West,1491,Kharif,Sprinkler,307.11,21.62,28.03
cotton,137,33,37,4.83,17.31,673.22,50.98,18.51,Sandy,1.4,9.25,8.75,East,1296,Kharif,Rainfed,159.95,4.49,4.49
rice,33,90,55,5.88,15.62,2791.32,48.74,35.81,Clay,0.62,9.13,15.04,West,43,Kharif,Rainfed,141.64,21.77,9.64
cotton,122,66,148,7.11,23.88,1658.99,85.98,34.61,Clay,1.31,4.76,9.79,Central,64,Rabi,Rainfed,174.04,14.01,9.04
cotton,35,61,20,5.32,33.5,1081.23,34.48,42.17,Silt,1.14,10.76,8.35,Central,1512,Rabi,Canal,282.53,7.07,7.36
maize,61,44,83,6.71,27.88,1813.12,50.85,46.47,Clay,0.96,9.92,3.29,Central,583,Kharif,Drip,242.03,2.27,13.12
wheat,135,60,81,5.37,31.04,525.27,69.18,62.35,Loamy,0.42,7.58,14.26,South,1513,Rabi,Sprinkler,94.77,1.92,6.53
sugarcane,175,90,129,5.33,30.68,432.05,71.25,28.56,Silt,1.04,5.54,14.12,West,2047,Kharif,Rainfed,152.56,16.87,75.44
sugarcane,44,35,94,7.43,26.33,1642.71,57.18,48.3,Silt,0.5,5.3,4.41,West,1279,Kharif,Canal,314.31,23.74,75.79
rice,151,89,35,5.71,19.47,748.34,81.22,16.75,Clay,1.36,4.89,12.23,South,490,Rabi,Canal,330.33,18.12,9.72
sugarcane,125,62,36,6.08,22.65,481.38,80.94,15.05,Loamy,1.52,5.35,2.43,Central,1691,Rabi,Drip,99.19,18.46,73.05
cotton,35,76,43,7.28,21.42,1869.82,79.02,16.27,Silt,0.92,10.47,10.82,South,1439,Zaid,Rainfed,342.57,4.99,6.61
maize,141,72,117,5.41,12.37,1422.33,40.25,37.45,Sandy,0.87,8.44,10.23,East,696,Kharif,Rainfed,241.88,7.84,10.53
potato,149,32,149,6.61,36.95,1542.7,68.8,42.75,Clay,0.94,4.87,3.12,Central,282,Zaid,Canal,291.83,19.99,29.3
cotton,152,73,33,7.92,29.26,2210.85,81.06,15.31,Silt,0.39,10.45,12.26,West,852,Kharif,Canal,300.08,12.52,7.46
potato,96,62,131,6.68,35.72,2020.19,35.66,34.82,Clay,0.61,4.38,2.48,East,684,Kharif,Drip,102.14,0.61,24.31
cotton,135,77,85,4.97,33.28,2313.71,44.68,17.04,Sandy,1.52,6.86,14.82,East,2135,Zaid,Rainfed,240.0,6.57,8.36
cotton,168,26,101,6.8,12.05,521.07,88.68,47.66,Clay,0.75,9.2,3.58,Central,555,Kharif,Rainfed,100.15,22.01,6.49
maize,72,48,112,5.11,16.49,505.63,57.71,46.56,Clay,1.07,9.75,8.25,South,641,Zaid,Canal,186.84,20.45,9.54
rice,174,75,91,5.76,38.52,1742.76,61.81,54.21,Loamy,1.14,9.9,15.46,West,1240,Kharif,Canal,163.36,4.65,9.71
wheat,125,67,120,7.69,23.86,2607.24,51.02,42.31,Loamy,1.44,10.62,2.1,Central,17,Zaid,Drip,305.48,6.16,10.77
wheat,161,39,68,4.84,34.36,2165.43,53.53,46.15,Sandy,0.61,5.88,14.62,East,281,Rabi,Sprinkler,103.03,23.59,6.06
wheat,110,76,109,5.06,27.26,2053.37,83.67,28.97,Loamy,1.46,6.68,13.7,East,610,Rabi,Rainfed,306.9,10.07,8.0
sugarcane,70,18,56,6.04,34.71,1185.01,42.55,19.27,Silt,0.81,8.44,5.96,East,1987,Kharif,Canal,163.29,3.51,73.75
potato,162,27,89,8.2,32.04,1722.85,46.75,51.87,Loamy,1.5,10.14,16.23,East,898,Zaid,Sprinkler,77.67,12.51,22.22
maize,64,56,52,5.79,18.39,2040.38,60.04,45.59,Silt,0.83,8.21,16.55,South,477,Rabi,Rainfed,252.67,11.79,9.52
maize,51,63,47,5.33,39.74,1563.47,48.63,61.92,Sandy,0.44,5.9,13.44,West,6,Zaid,Canal,348.68,24.32,11.81
maize,179,92,107,6.67,24.72,876.57,83.56,64.46,Sandy,0.37,9.61,15.06,South,816,Zaid,Canal,317.83,16.14,12.99
potato,141,70,23,6.57,27.55,1997.27,67.98,57.36,Clay,1.56,10.31,3.47,Central,983,Kharif,Sprinkler,328.0,11.36,26.56
wheat,40,61,85,6.33,26.21,1588.07,60.22,64.28,Silt,0.46,4.06,8.52,South,1027,Zaid,Canal,164.92,9.25,8.87
cotton,32,22,96,8.02,36.56,924.87,66.24,47.37,Clay,1.0,4.04,17.49,Central,1480,Kharif,Drip,119.34,15.35,3.96
cotton,166,69,129,5.75,18.4,1619.44,31.19,19.6,Clay,0.99,10.68,2.63,North,501,Rabi,Drip,311.01,13.32,10.39
maize,89,32,68,5.8,11.85,1157.18,74.51,19.49,Clay,0.82,7.9,8.07,North,1692,Zaid,Drip,69.06,16.73,8.05
potato,105,49,147,5.28,22.84,466.84,50.13,55.36,Silt,0.84,4.62,17.35,Central,1110,Rabi,Drip,334.95,13.73,25.52
wheat,116,95,54,7.17,37.55,1480.86,66.49,26.84,Loamy,0.92,6.5,10.96,South,705,Zaid,Rainfed,168.02,22.72,8.9
maize,43,46,93,5.89,23.18,2722.04,79.93,18.05,Silt,0.43,7.97,1.49,Central,2130,Rabi,Canal,262.82,0.1,10.09
wheat,47,38,88,7.53,18.33,922.91,50.73,38.61,Loamy,1.33,8.38,15.49,East,1659,Rabi,Canal,171.25,14.0,6.38
cotton,142,21,53,8.1,28.55,1402.52,32.22,30.73,Silt,0.79,5.14,6.49,South,2001,Zaid,Drip,240.5,19.82,4.74
sugarcane,102,27,143,4.95,32.13,2353.63,30.06,44.41,Sandy,0.62,9.88,1.61,North,1118,Kharif,Sprinkler,156.74,2.24,75.4
cotton,52,83,130,8.18,23.88,2674.56,81.59,45.01,Sandy,0.71,7.81,15.13,West,2114,Rabi,Canal,151.95,2.34,7.0
sugarcane,112,56,51,5.66,21.4,439.71,62.79,49.08,Loamy,1.1,7.68,13.68,North,686,Zaid,Sprinkler,164.15,2.37,72.1
rice,154,45,35,6.23,20.94,2174.21,69.03,43.82,Clay,1.31,7.79,10.03,West,1938,Kharif,Drip,288.72,23.54,10.32
potato,98,88,87,7.44,22.64,1104.73,65.81,34.05,Clay,0.5,4.44,7.17,Central,1481,Zaid,Canal,119.47,21.14,23.88
wheat,76,40,73,7.06,35.28,568.37,40.14,16.18,Clay,1.07,9.27,13.89,Central,1210,Rabi,Sprinkler,186.82,2.73,7.44
potato,145,90,143,7.45,24.48,2189.33,32.29,60.25,Clay,0.85,4.56,11.17,East,1284,Zaid,Sprinkler,148.14,16.28,25.87
rice,59,46,131,6.39,19.43,1477.43,44.59,31.35,Silt,1.42,7.24,5.0,North,1688,Rabi,Drip,84.01,14.55,9.92
wheat,54,66,79,7.91,15.47,817.72,89.45,40.36,Sandy,1.53,8.12,15.95,North,1998,Zaid,Rainfed,270.85,3.35,7.22
maize,141,34,97,7.49,18.48,2093.58,55.07,42.85,Silt,1.18,5.48,10.08,Central,1019,Rabi,Rainfed,315.9,13.19,11.26
potato,54,54,95,5.85,23.88,852.74,85.5,30.74,Silt,1.07,7.38,15.59,Central,521,Kharif,Rainfed,131.23,0.99,23.57
wheat,103,73,79,8.02,26.43,1873.1,45.62,30.42,Silt,1.31,6.01,2.41,East,1421,Zaid,Drip,168.71,0.15,8.25
sugarcane,87,91,104,8.07,28.64,1135.66,72.92,28.04,Loamy,0.94,8.97,4.9,South,1691,Kharif,Canal,316.52,7.23,74.97
rice,123,28,131,6.21,12.14,867.32,31.56,27.17,Sandy,0.37,7.74,6.34,Central,120,Rabi,Canal,316.92,22.98,10.74
wheat,148,58,99,7.02,28.4,399.24,30.79,16.52,Loamy,1.21,4.65,15.37,East,88,Kharif,Drip,267.53,14.01,8.92
maize,156,96,137,7.57,20.56,691.07,57.95,62.9,Clay,1.05,8.2,15.82,Central,1531,Zaid,Sprinkler,196.22,0.79,10.26
potato,54,62,21,7.58,17.71,2636.53,68.95,44.76,Sandy,0.5,4.95,14.11,South,544,Rabi,Drip,104.87,0.87,24.42
cotton,107,57,42,4.85,19.93,1426.56,87.73,20.4,Loamy,0.58,4.02,10.9,West,1051,Zaid,Canal,232.95,2.99,7.07
wheat,128,30,65,6.94,33.53,2412.51,31.78,44.6,Loamy,0.6,5.02,8.74,West,250,Kharif,Rainfed,171.41,6.79,9.31
cotton,145,49,92,8.11,34.1,2201.35,89.27,26.61,Silt,1.25,4.03,2.61,Central,1466,Rabi,Drip,152.63,3.82,7.04
rice,77,67,73,5.59,13.11,2030.31,58.31,30.53,Loamy,0.97,10.92,12.14,South,900,Kharif,Rainfed,300.23,5.62,10.01
rice,39,48,90,7.51,24.84,2142.21,75.98,55.06,Loamy,0.36,8.44,15.2,East,1766,Kharif,Drip,180.75,3.95,9.77
rice,128,17,144,6.62,25.88,719.14,68.78,59.29,Clay,1.39,8.38,15.6,North,1193,Rabi,Drip,207.58,19.42,7.35
potato,40,82,100,5.55,10.91,916.55,44.87,49.99,Clay,1.14,10.53,5.1,Central,116,Kharif,Rainfed,180.68,10.11,25.1
cotton,114,19,28,4.97,31.51,2246.22,49.95,61.63,Loamy,1.25,4.89,10.98,North,1349,Zaid,Canal,264.07,16.83,8.58
sugarcane,178,24,89,7.38,21.0,1969.79,65.47,60.25,Loamy,1.52,4.19,17.04,West,2097,Rabi,Canal,122.38,7.67,74.78
potato,164,66,103,5.88,22.54,2329.09,35.78,42.56,Loamy,0.64,8.78,15.51,Central,863,Zaid,Sprinkler,250.99,11.26,26.21
potato,155,43,93,6.08,28.3,2014.44,76.48,60.39,Silt,1.07,8.32,3.67,South,425,Rabi,Sprinkler,210.02,15.24,28.47
potato,93,45,92,6.45,24.07,2263.83,77.98,42.25,Silt,1.29,10.33,7.67,Central,1964,Rabi,Sprinkler,281.41,1.7,28.65
rice,31,80,31,6.52,32.44,1756.86,79.24,20.21,Silt,0.97,6.26,2.67,West,1070,Kharif,Rainfed,211.27,6.31,11.38
maize,105,90,51,5.5,27.88,2342.32,80.92,56.47,Clay,0.93,7.87,15.16,South,210,Zaid,Drip,166.26,24.08,12.04
potato,150,83,102,7.08,16.78,1108.98,71.35,21.56,Sandy,1.51,7.95,11.32,Central,175,Zaid,Drip,93.29,21.4,23.39
rice,71,51,52,7.15,36.11,469.86,74.64,30.8,Silt,0.62,5.8,12.91,South,1851,Rabi,Rainfed,209.36,23.21,8.3
maize,83,41,83,5.28,16.47,803.26,65.32,33.99,Silt,1.15,6.52,3.8,East,1033,Kharif,Rainfed,150.43,1.0,9.01
sugarcane,104,47,67,6.61,31.41,679.35,43.6,55.36,Loamy,1.56,6.44,13.34,South,504,Kharif,Canal,320.7,14.1,76.24
maize,45,82,35,6.87,33.77,1480.89,34.98,19.18,Silt,0.59,9.91,4.83,North,1972,Zaid,Canal,132.09,6.94,7.91
potato,47,73,133,5.43,30.65,2561.2,40.71,37.25,Sandy,0.9,6.63,17.54,South,1984,Zaid,Drip,291.55,21.12,26.53
wheat,119,78,45,7.84,22.65,1077.32,41.59,36.84,Clay,1.57,8.36,15.88,North,320,Rabi,Sprinkler,194.81,14.93,6.82
potato,173,99,73,6.44,36.34,1592.62,75.47,44.11,Silt,0.35,6.62,1.27,South,1086,Kharif,Canal,63.74,4.74,26.83
cotton,35,58,56,5.19,19.83,2337.68,86.86,32.69,Clay,1.12,4.59,12.45,East,712,Rabi,Rainfed,137.6,1.72,5.64
sugarcane,137,63,28,5.94,30.61,2477.74,78.87,43.86,Silt,0.83,10.48,6.73,East,968,Zaid,Canal,325.84,17.55,78.19
rice,77,67,32,6.42,36.33,995.53,89.53,64.29,Clay,1.3,4.55,12.64,North,2120,Zaid,Sprinkler,149.58,23.24,7.84
wheat,71,88,79,4.83,14.66,1608.26,32.62,18.58,Clay,0.72,4.07,4.0,South,1985,Rabi,Rainfed,230.27,8.01,8.36
maize,105,63,125,4.91,29.58,940.88,31.93,58.73,Silt,0.78,5.9,5.64,East,1085,Rabi,Canal,228.34,10.83,9.35
potato,106,80,145,4.99,37.03,1348.67,71.01,30.43,Silt,0.97,5.94,1.79,West,38,Kharif,Drip,251.31,18.32,24.92
potato,161,77,99,6.63,13.09,1280.79,31.54,38.29,Clay,0.75,6.03,7.27,East,736,Zaid,Canal,335.65,14.78,28.2
wheat,159,39,147,5.94,14.37,460.16,83.44,52.06,Sandy,0.64,9.61,11.26,Central,958,Kharif,Canal,274.5,15.47,10.19
wheat,88,18,149,7.84,21.35,368.35,58.33,60.5,Sandy,0.76,6.01,15.75,East,720,Rabi,Rainfed,222.71,6.6,8.53
sugarcane,56,65,79,6.7,39.83,1844.79,85.46,15.45,Sandy,1.48,8.42,4.59,West,328,Kharif,Rainfed,324.79,2.65,76.59
wheat,108,25,134,7.38,16.72,729.5,44.99,48.11,Sandy,0.75,4.05,15.93,East,1444,Zaid,Sprinkler,284.6,11.8,8.06
sugarcane,101,31,62,7.14,19.74,670.88,68.54,18.48,Silt,1.47,10.25,14.65,Central,1162,Rabi,Rainfed,133.73,13.84,72.64
rice,36,80,143,6.57,35.05,1195.42,71.94,41.28,Loamy,0.57,5.82,12.02,South,2085,Kharif,Sprinkler,128.39,19.25,7.16
wheat,140,84,66,7.33,13.92,878.59,47.24,52.49,Clay,1.17,7.76,15.64,Central,1134,Kharif,Drip,306.47,1.98,10.08
rice,148,87,82,6.65,39.89,2163.69,52.04,23.48,Sandy,1.27,7.98,6.54,North,66,Zaid,Drip,95.77,4.72,8.96
sugarcane,92,83,113,6.11,32.17,1923.18,63.09,53.19,Sandy,0.44,5.68,17.01,East,458,Kharif,Canal,112.88,5.67,74.67
cotton,153,98,142,6.28,38.78,2705.94,53.02,30.48,Loamy,1.01,8.14,4.05,Central,2087,Rabi,Rainfed,263.38,13.63,10.04
rice,41,43,50,7.65,14.33,1305.05,59.49,45.53,Loamy,0.32,10.07,10.83,North,373,Zaid,Canal,113.22,10.32,8.5
sugarcane,170,99,74,6.72,16.97,366.33,57.36,47.9,Silt,1.51,6.32,8.94,Central,1312,Kharif,Rainfed,308.69,17.65,76.09
maize,72,87,49,6.08,21.12,2417.12,69.96,47.45,Clay,0.98,10.54,13.76,Central,365,Zaid,Canal,117.46,21.52,9.72
wheat,46,86,55,5.41,11.53,606.76,34.88,15.93,Clay,0.35,5.64,6.93,North,2124,Kharif,Drip,138.93,15.55,4.49
potato,92,34,69,6.48,11.82,971.99,87.4,22.61,Loamy,1.19,4.83,16.63,West,1099,Rabi,Rainfed,211.93,21.78,25.14
cotton,149,41,48,5.66,37.11,1876.0,36.17,57.81,Loamy,1.45,6.45,2.64,West,772,Zaid,Drip,235.75,16.45,9.45
maize,65,22,136,8.05,11.28,1453.99,50.29,61.99,Loamy,1.26,10.25,11.43,Central,1908,Kharif,Drip,221.75,14.71,10.84
wheat,37,99,55,6.47,32.5,2029.7,30.52,43.18,Silt,0.47,5.13,2.26,North,2038,Zaid,Sprinkler,195.78,13.48,8.79
rice,98,75,40,4.83,31.53,784.47,78.96,44.85,Clay,1.0,6.91,17.52,Central,354,Zaid,Drip,80.92,12.54,4.86
sugarcane,119,42,57,5.12,12.18,1763.72,36.75,52.75,Loamy,1.25,8.37,4.44,East,1598,Rabi,Sprinkler,230.66,4.25,74.83
sugarcane,65,84,94,5.77,15.63,1435.1,46.71,35.31,Sandy,1.34,9.71,14.14,East,1177,Zaid,Sprinkler,279.65,12.32,74.24
maize,57,17,145,5.11,23.64,1768.15,57.11,31.4,Clay,0.32,10.34,13.39,East,1072,Zaid,Sprinkler,195.68,19.43,8.43
cotton,147,83,56,7.84,29.25,2504.98,80.64,53.41,Clay,0.67,10.94,17.59,West,903,Kharif,Sprinkler,143.15,13.67,8.39
cotton,122,87,139,7.7,36.87,1633.64,76.03,16.41,Sandy,1.45,9.92,16.88,South,155,Rabi,Canal,99.41,10.69,3.52
sugarcane,105,21,137,8.1,25.8,2152.34,39.0,59.27,Sandy,0.64,4.07,15.81,Central,795,Kharif,Sprinkler,154.92,23.5,73.38
rice,130,74,20,7.2,38.09,2160.21,56.8,37.05,Clay,0.91,6.75,11.94,South,564,Rabi,Sprinkler,327.37,0.51,13.17
maize,173,18,74,6.99,15.71,1955.17,49.96,40.21,Clay,1.21,9.98,9.87,East,1213,Zaid,Canal,166.91,3.17,10.64
maize,43,19,78,7.94,28.68,1508.52,86.91,46.71,Loamy,1.58,10.83,4.44,East,2141,Kharif,Sprinkler,273.22,22.39,9.45
potato,100,25,70,8.02,35.34,308.44,81.34,28.72,Silt,0.85,4.42,11.77,Central,1461,Rabi,Sprinkler,145.92,2.98,20.76
sugarcane,153,29,126,7.78,17.0,602.9,39.03,44.87,Silt,0.95,6.38,13.18,East,1196,Kharif,Canal,95.28,13.91,72.68
sugarcane,154,78,27,7.73,33.66,1657.76,55.78,49.65,Loamy,1.03,8.56,17.03,South,1286,Rabi,Sprinkler,314.47,22.99,75.85
rice,66,27,113,7.08,22.01,409.59,56.68,20.9,Sandy,0.6,6.86,5.8,East,2057,Kharif,Drip,120.61,17.13,7.99
potato,58,21,116,4.81,39.99,413.21,87.65,41.02,Sandy,0.78,5.1,7.09,South,1238,Zaid,Canal,83.39,11.02,20.83
maize,172,20,26,6.26,12.75,615.31,77.72,31.47,Sandy,0.86,10.3,8.64,East,1543,Zaid,Sprinkler,171.31,2.03,9.18
maize,48,70,37,6.96,26.6,882.84,78.54,42.87,Sandy,0.33,6.13,12.75,East,1295,Rabi,Drip,307.1,5.1,8.76
cotton,135,78,31,6.66,33.49,2799.07,52.09,16.06,Loamy,0.31,5.79,15.31,South,774,Kharif,Canal,87.85,17.63,6.26
cotton,50,64,21,7.59,30.29,600.82,71.73,52.13,Clay,0.59,8.0,5.38,South,1916,Kharif,Drip,106.75,17.3,3.68
rice,93,44,112,7.58,25.17,978.0,49.21,23.42,Loamy,0.97,9.91,10.18,South,224,Kharif,Sprinkler,268.0,14.63,8.19
maize,56,36,26,6.84,25.39,2007.16,79.47,49.47,Sandy,1.54,7.34,5.28,South,1466,Zaid,Sprinkler,160.8,13.06,11.06
rice,84,39,31,4.87,22.16,1991.68,87.61,53.44,Loamy,1.56,4.79,8.9,West,969,Rabi,Sprinkler,224.34,7.25,9.56
sugarcane,58,42,103,6.06,20.27,2486.95,66.61,52.63,Silt,1.14,7.14,16.88,West,1725,Rabi,Drip,167.76,16.05,76.42
wheat,177,98,76,5.58,27.81,1826.68,61.72,55.88,Silt,1.38,4.69,16.0,West,726,Zaid,Rainfed,342.69,23.68,10.21
cotton,54,53,97,5.95,32.45,964.52,82.35,30.39,Sandy,1.47,5.22,8.84,East,1071,Rabi,Rainfed,309.63,16.38,7.7
maize,99,81,93,6.9,18.38,898.04,84.3,63.36,Loamy,1.39,7.05,7.23,Central,747,Kharif,Drip,284.02,22.05,11.14
cotton,92,19,42,5.03,38.4,2374.75,35.41,16.19,Silt,1.01,4.8,10.26,West,642,Kharif,Drip,253.99,17.9,6.46
sugarcane,159,79,49,4.88,20.94,544.45,71.84,39.06,Clay,1.22,8.69,13.47,East,785,Zaid,Sprinkler,205.8,18.8,73.2
wheat,179,29,130,6.29,23.02,1502.17,67.71,28.51,Sandy,0.3,7.81,2.99,Central,1092,Rabi,Rainfed,177.83,3.25,12.47
sugarcane,45,81,77,7.5,22.33,1507.07,42.61,51.99,Loamy,1.14,6.4,4.85,North,1648,Kharif,Canal,61.74,2.43,72.87
cotton,175,54,114,4.9,13.34,2147.52,37.49,55.26,Sandy,0.85,5.11,3.04,Central,2117,Rabi,Canal,257.94,7.93,8.69
potato,129,83,71,7.69,13.48,2788.74,47.12,56.12,Silt,1.14,7.59,1.32,North,645,Kharif,Rainfed,223.58,9.4,27.15
maize,59,91,75,6.11,33.86,1540.71,40.14,29.85,Clay,1.2,9.59,14.33,Central,1971,Rabi,Canal,88.41,15.94,8.95
potato,74,57,29,5.2,21.44,2238.52,44.55,28.71,Silt,0.43,9.24,7.37,East,1525,Rabi,Sprinkler,261.44,9.94,25.79
sugarcane,48,15,127,6.73,16.48,2428.81,85.06,48.85,Sandy,1.44,10.81,13.99,East,212,Kharif,Drip,213.47,7.96,75.43
maize,63,36,106,8.04,31.23,385.22,84.97,61.41,Clay,0.53,7.5,9.44,North,777,Rabi,Rainfed,157.78,24.85,6.87
sugarcane,170,76,103,6.64,38.79,1889.38,45.21,27.71,Loamy,0.31,8.42,12.65,West,869,Kharif,Sprinkler,126.43,14.82,74.84
maize,91,93,23,7.13,38.1,2510.93,42.13,60.53,Silt,0.86,5.7,9.46,South,1399,Rabi,Drip,245.13,1.59,12.95
rice,147,40,116,7.58,31.7,2101.11,57.27,44.57,Clay,0.42,9.4,9.28,West,1048,Kharif,Drip,116.36,0.5,10.19
maize,129,32,131,7.52,15.75,2233.69,69.84,51.9,Sandy,1.54,7.5,16.07,East,1777,Rabi,Rainfed,207.63,18.37,8.12
wheat,51,62,86,5.05,14.62,2327.35,38.28,36.99,Loamy,0.67,7.31,11.85,Central,1808,Rabi,Sprinkler,273.53,11.57,8.56
cotton,140,23,112,7.32,36.13,348.54,79.04,55.34,Sandy,0.59,6.09,2.87,Central,546,Kharif,Sprinkler,289.67,22.37,7.81
rice,102,15,114,8.03,38.88,2622.16,34.41,63.52,Sandy,0.64,6.23,10.66,West,351,Rabi,Sprinkler,182.26,18.61,10.98
potato,176,23,60,7.18,28.67,2565.58,36.8,23.53,Loamy,0.67,5.45,3.38,Central,1007,Rabi,Drip,176.54,19.83,26.36
sugarcane,67,37,21,7.64,37.04,1803.25,68.18,34.28,Clay,0.38,10.62,10.89,East,1383,Kharif,Rainfed,213.63,5.38,73.32
sugarcane,99,59,41,6.45,34.45,1172.07,42.25,58.12,Clay,1.0,5.67,12.23,East,618,Zaid,Rainfed,156.96,8.67,76.16
potato,145,16,60,5.88,14.62,1222.52,43.74,23.83,Loamy,0.32,4.27,4.29,West,1031,Kharif,Drip,311.02,17.01,25.26
cotton,108,28,114,7.1,16.69,1638.12,82.58,35.65,Loamy,1.27,6.96,3.73,Central,1420,Zaid,Rainfed,251.37,21.08,8.5
potato,177,52,135,6.47,12.03,1029.16,51.85,23.31,Sandy,1.3,10.78,4.12,South,1768,Rabi,Rainfed,166.03,20.25,25.54
cotton,38,54,139,7.84,24.22,1715.13,85.28,47.42,Sandy,0.82,4.21,15.0,East,919,Rabi,Sprinkler,110.75,8.43,5.81
rice,61,77,33,8.11,19.72,1844.78,36.52,26.92,Silt,1.56,5.81,3.69,South,1008,Kharif,Rainfed,343.35,14.79,11.13
rice,161,96,112,7.59,22.78,2121.2,85.9,34.04,Loamy,1.32,5.75,14.27,South,2027,Zaid,Rainfed,338.87,0.09,10.82
wheat,79,30,54,8.18,10.26,464.47,84.88,39.56,Silt,0.46,7.73,1.34,West,550,Zaid,Sprinkler,127.44,23.32,6.58
rice,111,89,28,5.98,31.64,466.9,62.39,29.86,Loamy,1.57,9.3,15.02,West,623,Kharif,Sprinkler,140.04,6.96,7.27
sugarcane,34,20,137,7.85,16.02,2606.28,75.5,49.0,Silt,1.4,6.9,5.14,West,357,Rabi,Canal,143.08,3.09,74.87
potato,177,17,115,5.92,21.05,2161.26,56.23,20.56,Sandy,1.22,6.3,4.2,North,1833,Zaid,Sprinkler,159.71,19.4,24.2
potato,116,28,78,5.2,22.07,1155.03,75.94,58.99,Sandy,1.15,5.99,11.72,West,2117,Zaid,Drip,151.42,17.78,25.98
wheat,155,80,75,6.91,11.99,361.8,44.58,39.07,Clay,1.09,10.42,15.83,North,500,Zaid,Sprinkler,63.32,9.22,5.79
cotton,104,89,29,6.35,20.97,1823.43,84.19,43.64,Silt,1.59,10.58,13.18,North,569,Kharif,Canal,284.41,9.96,7.2
maize,51,81,44,7.93,37.0,922.56,77.31,46.11,Loamy,0.92,8.06,10.53,North,2059,Kharif,Rainfed,226.01,17.55,8.76
rice,97,45,30,6.47,36.8,445.18,73.95,17.98,Silt,0.52,10.17,5.07,North,229,Rabi,Canal,83.32,0.6,6.37
maize,73,47,120,7.95,10.74,2187.65,78.29,52.85,Sandy,0.68,10.91,7.95,South,1506,Kharif,Sprinkler,341.97,23.81,12.88
potato,63,15,28,5.07,10.89,2741.68,50.69,62.3,Clay,0.79,7.96,15.58,West,1200,Zaid,Sprinkler,156.98,23.21,25.55
wheat,106,58,90,7.62,27.82,2167.89,41.4,41.0,Silt,0.71,6.08,14.57,South,1288,Zaid,Drip,308.96,9.96,8.38
cotton,71,29,102,7.38,16.14,580.27,51.29,34.54,Sandy,0.34,6.35,4.77,East,1545,Rabi,Drip,332.66,18.65,7.6
cotton,166,51,39,7.25,36.96,1219.35,32.32,54.24,Loamy,0.4,8.29,15.91,North,562,Kharif,Canal,64.66,14.16,4.99
rice,135,41,133,6.01,24.49,920.55,46.21,51.02,Clay,0.31,6.67,5.08,North,1038,Kharif,Canal,339.02,17.58,9.87
sugarcane,124,62,108,7.46,19.77,1235.05,66.44,47.55,Sandy,1.18,7.57,17.71,South,2185,Kharif,Rainfed,167.94,22.69,72.28
potato,164,41,24,6.44,38.6,1693.91,80.79,63.27,Loamy,1.16,5.61,13.64,West,124,Kharif,Canal,89.03,10.74,24.71
rice,97,26,131,7.23,19.54,1887.12,85.82,44.09,Silt,0.39,10.96,13.05,North,918,Rabi,Sprinkler,224.41,10.77,9.84
rice,176,81,74,6.68,19.62,1070.49,73.33,27.42,Loamy,0.71,5.34,10.92,East,164,Zaid,Drip,71.46,20.96,6.29
maize,157,44,108,5.34,13.99,1985.64,83.51,16.24,Loamy,0.67,10.4,15.55,West,328,Rabi,Rainfed,147.75,0.58,10.34
maize,114,80,34,5.02,16.67,2010.82,47.48,37.67,Loamy,0.89,10.08,16.02,South,1824,Rabi,Sprinkler,302.17,6.39,9.68
potato,112,21,23,6.05,32.81,2782.7,70.66,47.62,Clay,0.77,9.67,5.33,West,464,Zaid,Rainfed,289.83,3.49,25.83
cotton,124,48,97,7.97,32.79,1502.72,88.61,23.61,Sandy,1.37,10.56,14.46,North,290,Rabi,Sprinkler,341.74,22.43,7.94
cotton,61,46,139,6.6,21.6,1121.86,66.65,16.29,Sandy,1.45,9.64,3.81,West,657,Rabi,Rainfed,68.45,14.11,2.58
sugarcane,95,53,132,7.53,20.48,2444.64,55.67,60.45,Loamy,0.57,6.47,7.71,North,1160,Zaid,Sprinkler,219.99,1.01,75.37
wheat,145,57,40,6.76,22.55,720.47,45.76,30.1,Silt,0.46,5.19,16.55,West,954,Zaid,Sprinkler,90.26,10.43,7.63
maize,167,57,85,8.06,19.03,1417.14,48.89,38.3,Silt,1.39,7.53,6.18,West,1697,Kharif,Rainfed,323.82,20.63,11.76
wheat,159,92,126,6.06,28.23,1866.35,42.15,19.55,Sandy,0.95,4.04,8.34,South,1318,Zaid,Canal,70.84,2.34,7.07
rice,89,17,131,4.99,35.1,656.21,72.17,34.08,Silt,0.72,10.64,8.16,South,576,Zaid,Drip,327.57,7.38,10.34
potato,46,60,136,7.45,10.28,436.48,73.44,36.19,Loamy,0.37,9.99,10.7,Central,793,Kharif,Rainfed,147.5,22.36,22.84
potato,125,46,147,7.2,38.08,1292.9,76.77,60.14,Sandy,1.09,9.75,15.18,West,1340,Rabi,Rainfed,253.58,1.62,25.74
potato,173,57,121,6.59,13.54,1174.73,58.05,58.27,Sandy,0.57,6.5,10.3,South,111,Kharif,Rainfed,188.42,24.9,25.71
rice,45,95,97,5.91,36.99,2162.46,38.3,24.45,Silt,0.35,4.8,16.97,South,215,Kharif,Drip,236.05,7.74,10.92
cotton,75,17,56,5.44,17.01,1632.85,55.32,42.8,Sandy,0.88,8.98,15.87,East,357,Kharif,Sprinkler,181.13,0.93,7.24
cotton,136,88,25,6.44,37.51,356.74,74.91,51.56,Clay,1.08,8.54,11.43,East,172,Zaid,Sprinkler,267.44,3.95,9.2
sugarcane,117,77,101,7.07,33.62,2597.81,81.35,29.59,Loamy,0.52,9.76,8.34,North,2120,Rabi,Sprinkler,111.08,16.02,76.33
wheat,158,54,105,6.77,18.08,2452.12,34.87,34.72,Clay,1.15,7.57,6.52,North,1474,Zaid,Canal,151.53,3.33,10.66
maize,168,32,101,6.29,10.85,486.87,44.63,64.24,Sandy,0.55,5.06,11.41,West,1210,Zaid,Sprinkler,128.01,19.04,9.34
potato,148,81,70,6.63,31.48,937.26,87.72,52.99,Silt,0.33,9.72,14.74,South,189,Zaid,Drip,149.6,9.87,25.08
sugarcane,114,76,85,5.17,34.65,1859.57,55.92,36.86,Clay,0.49,8.92,9.59,East,928,Zaid,Drip,109.12,22.45,73.91
rice,33,24,115,7.17,30.39,751.07,34.24,41.7,Clay,1.06,10.71,15.98,Central,411,Rabi,Rainfed,237.88,1.98,7.78
potato,100,66,84,7.3,21.45,2734.56,42.22,46.29,Clay,1.13,4.63,5.89,North,932,Zaid,Sprinkler,190.53,9.91,27.53
cotton,140,87,28,4.84,13.82,1351.76,79.65,39.94,Silt,1.42,8.11,15.62,Central,1740,Rabi,Sprinkler,175.59,14.73,5.66
potato,79,60,120,5.72,20.41,2061.41,75.57,35.58,Silt,0.38,8.46,12.29,Central,491,Rabi,Canal,309.9,21.13,25.91
rice,169,69,50,5.11,18.06,1578.05,43.05,32.97,Sandy,1.54,11.0,5.96,Central,1871,Zaid,Drip,233.88,13.38,8.59
rice,124,60,82,8.19,31.69,1070.79,36.09,23.45,Silt,0.98,9.83,8.04,Central,278,Kharif,Rainfed,217.67,18.77,6.62
rice,121,89,78,6.82,14.78,2042.33,34.76,63.68,Clay,0.62,6.19,1.65,North,1426,Kharif,Canal,255.67,15.69,11.92
sugarcane,94,74,29,6.38,34.59,1488.45,59.98,19.57,Sandy,0.78,7.31,16.56,Central,800,Zaid,Canal,240.25,7.24,75.21
potato,76,40,108,6.37,28.36,1889.5,71.73,45.05,Silt,0.37,6.5,14.06,Central,228,Kharif,Canal,248.63,10.09,24.21
sugarcane,135,41,143,8.08,24.48,1282.7,49.42,62.98,Loamy,0.44,10.42,11.37,North,78,Rabi,Drip,242.71,21.09,75.94
maize,159,52,119,7.04,20.81,2793.38,35.17,33.75,Silt,1.45,7.67,17.51,North,1210,Rabi,Canal,142.04,2.71,9.99
potato,135,36,109,5.37,25.22,816.51,59.52,27.62,Silt,0.44,10.31,16.67,North,1040,Zaid,Rainfed,265.14,24.21,24.27
cotton,53,40,45,6.32,26.2,757.77,43.14,62.78,Sandy,0.37,6.53,16.58,Central,278,Zaid,Drip,207.98,15.76,6.35
cotton,33,83,96,7.43,17.11,323.59,40.86,55.09,Sandy,1.08,5.26,6.17,West,1633,Rabi,Rainfed,285.33,10.53,8.42
maize,137,49,36,6.24,39.66,2476.35,76.48,47.75,Sandy,0.8,7.79,4.85,East,962,Rabi,Rainfed,156.93,21.68,13.08
wheat,48,80,87,5.85,37.29,692.82,66.26,45.6,Loamy,0.83,10.91,13.64,East,250,Kharif,Drip,212.46,14.3,6.73
wheat,69,87,42,8.17,21.72,916.55,48.91,33.01,Loamy,0.46,8.4,6.55,Central,1316,Zaid,Sprinkler,277.21,17.43,8.66
cotton,79,65,28,7.98,17.62,815.89,57.63,47.07,Silt,0.36,4.39,5.62,Central,1567,Zaid,Canal,160.41,2.52,5.3
sugarcane,104,32,64,8.0,19.21,2748.1,43.44,51.25,Silt,1.43,4.24,5.29,South,1413,Kharif,Drip,265.49,20.72,76.57
potato,41,57,94,5.25,39.41,2432.63,63.7,16.59,Sandy,0.81,7.01,2.18,Central,371,Kharif,Sprinkler,279.92,22.86,26.31
sugarcane,56,26,46,5.6,22.21,2172.75,75.42,20.88,Sandy,0.44,4.26,13.32,South,472,Kharif,Rainfed,219.03,2.2,72.88
sugarcane,142,17,28,6.3,37.36,1270.28,55.7,30.76,Loamy,0.56,4.73,1.14,East,953,Rabi,Drip,120.9,5.64,73.74
wheat,78,96,111,7.63,11.77,316.9,53.02,31.16,Loamy,0.43,9.27,10.6,East,1139,Zaid,Rainfed,331.59,10.2,8.31
cotton,173,21,96,7.31,33.3,2719.63,45.11,60.03,Sandy,0.92,9.31,5.53,West,1510,Kharif,Canal,196.45,12.75,10.68
maize,159,20,103,7.69,32.86,808.28,49.41,49.23,Silt,1.34,5.29,12.35,West,63,Rabi,Drip,310.14,22.64,10.75
potato,89,96,96,7.93,29.53,464.41,51.6,33.68,Loamy,0.81,9.96,17.07,East,1865,Rabi,Drip,323.29,24.97,23.8
wheat,59,59,48,7.45,13.63,1250.71,48.77,55.46,Sandy,1.11,5.23,12.75,East,572,Kharif,Sprinkler,82.13,18.65,6.75
wheat,113,53,92,5.69,39.44,996.76,35.42,31.16,Sandy,1.18,9.35,7.43,East,692,Zaid,Drip,183.43,18.54,10.01
rice,57,65,107,5.77,16.38,2660.16,38.87,64.54,Sandy,1.23,8.22,4.03,North,673,Zaid,Sprinkler,179.68,19.55,11.85
cotton,54,23,125,6.0,31.29,368.18,89.77,54.08,Loamy,1.09,10.0,6.76,North,1783,Rabi,Canal,198.78,4.13,7.17
potato,125,37,57,5.83,32.54,2747.11,51.78,55.42,Silt,1.02,9.27,8.8,West,499,Kharif,Drip,115.75,10.38,26.99
rice,154,26,114,5.65,32.8,1766.79,78.32,28.05,Loamy,0.92,4.0,15.98,North,1756,Kharif,Rainfed,331.47,19.16,12.14
potato,39,76,58,7.36,34.78,1049.57,73.04,22.25,Silt,0.92,4.43,17.61,East,2109,Zaid,Drip,103.58,22.57,21.59
rice,71,87,73,4.92,39.67,2470.3,63.85,34.48,Loamy,0.73,4.23,16.77,South,881,Zaid,Drip,94.42,23.2,9.01
sugarcane,69,91,129,7.28,12.88,1342.73,56.99,31.71,Sandy,0.96,9.83,9.51,Central,2045,Kharif,Canal,133.59,0.04,75.08
potato,106,54,131,7.6,24.17,1631.47,69.92,53.49,Sandy,0.92,8.17,9.02,North,455,Rabi,Sprinkler,83.07,23.08,23.87
wheat,134,68,71,5.02,39.25,656.72,65.05,23.71,Clay,0.72,10.78,5.62,North,1427,Rabi,Canal,176.52,23.69,7.4
wheat,147,95,54,5.01,36.46,2500.79,74.03,41.37,Sandy,0.69,6.72,7.46,East,605,Zaid,Rainfed,126.13,0.05,8.31
potato,71,21,56,5.77,39.72,2495.72,89.63,46.41,Silt,0.88,5.25,16.6,East,1597,Zaid,Rainfed,198.69,0.3,24.72
wheat,76,31,97,5.51,27.47,2179.15,48.89,34.26,Sandy,1.34,6.38,15.65,East,1307,Kharif,Drip,225.35,6.76,7.53
potato,51,64,80,6.78,30.19,2115.01,50.04,25.03,Clay,0.62,5.89,3.5,East,2003,Kharif,Rainfed,208.97,1.45,25.18
rice,136,38,130,7.1,17.91,800.59,71.35,59.78,Sandy,1.4,9.94,7.03,Central,284,Zaid,Drip,317.04,15.51,10.72
potato,56,16,133,6.96,23.75,1406.7,80.67,21.94,Sandy,1.24,5.86,10.87,Central,537,Rabi,Canal,318.94,11.14,26.32
sugarcane,70,97,28,6.01,10.63,529.78,41.4,30.19,Loamy,0.64,4.93,2.9,North,1524,Rabi,Rainfed,232.33,5.86,73.08
cotton,109,47,38,6.49,31.59,1778.72,81.28,52.83,Silt,0.32,6.33,6.98,Central,967,Rabi,Sprinkler,213.05,19.77,11.38
sugarcane,118,35,140,6.98,37.78,827.86,83.79,45.27,Clay,0.4,9.58,10.94,North,1375,Zaid,Rainfed,172.37,4.3,75.13
rice,95,88,124,5.21,13.36,1046.32,53.69,51.53,Loamy,1.45,6.8,8.68,West,1454,Rabi,Sprinkler,260.39,19.16,9.34
potato,41,67,99,5.58,23.63,2339.09,45.99,55.44,Clay,1.35,8.31,15.69,South,789,Zaid,Sprinkler,122.24,24.33,24.65
wheat,102,60,45,7.83,28.7,2762.79,54.03,59.77,Sandy,0.79,5.44,11.1,East,799,Rabi,Rainfed,137.98,14.54,6.78
rice,105,59,59,5.96,28.97,1249.42,41.2,30.23,Clay,0.38,4.53,12.41,South,2165,Zaid,Canal,219.88,20.63,7.35
sugarcane,119,23,44,7.52,19.2,2285.85,33.55,38.72,Loamy,1.35,5.64,9.97,Central,1265,Kharif,Rainfed,235.11,2.49,74.17
potato,39,20,118,5.65,10.59,630.0,77.84,49.42,Sandy,0.63,9.74,6.25,North,528,Rabi,Rainfed,268.23,7.61,24.81
cotton,125,65,137,4.94,36.63,1622.2,64.19,54.74,Loamy,1.54,8.82,11.09,Central,1476,Rabi,Sprinkler,338.35,17.26,7.15
wheat,49,49,88,6.5,12.75,1678.05,59.65,43.89,Silt,0.98,4.58,17.97,North,1507,Kharif,Rainfed,74.15,17.51,5.78
maize,68,96,90,7.83,15.33,2520.54,42.84,40.69,Silt,1.23,5.5,4.41,North,165,Rabi,Rainfed,244.95,2.91,11.72
potato,89,67,108,7.59,38.88,903.48,63.15,49.59,Silt,0.9,5.62,13.3,East,346,Kharif,Sprinkler,207.35,22.92,25.45
maize,95,33,84,5.66,25.01,460.52,54.1,34.1,Clay,0.34,5.97,13.1,North,136,Kharif,Drip,173.63,23.74,9.08
sugarcane,94,83,83,7.89,36.22,1174.69,60.37,59.69,Silt,0.38,8.62,14.27,East,2113,Zaid,Canal,86.4,0.79,73.72
cotton,153,39,77,6.43,36.91,2165.52,35.45,25.61,Clay,1.57,5.16,8.44,East,2023,Zaid,Rainfed,262.45,20.27,8.09
cotton,159,25,131,4.97,39.68,414.99,85.37,59.2,Clay,0.84,4.83,1.18,Central,1392,Kharif,Rainfed,273.28,3.44,6.57
wheat,86,88,142,4.89,11.22,665.27,75.85,47.18,Loamy,0.54,7.59,16.37,West,2017,Zaid,Sprinkler,107.34,3.05,7.73
potato,107,31,116,6.45,11.59,413.44,74.47,45.03,Sandy,1.24,6.29,5.38,South,1596,Kharif,Sprinkler,261.94,17.51,24.18
cotton,58,50,125,6.66,15.72,1541.12,64.91,38.5,Sandy,1.45,5.55,7.82,East,1629,Zaid,Drip,70.45,2.02,6.71
cotton,44,35,23,5.07,29.69,2362.48,43.66,22.74,Loamy,0.65,5.22,15.12,East,2073,Zaid,Rainfed,104.9,11.21,3.18
maize,41,32,148,7.94,17.86,966.25,36.22,58.25,Silt,1.04,5.83,15.82,Central,1468,Rabi,Canal,118.97,9.61,7.72
sugarcane,130,74,45,7.24,24.87,378.58,51.68,17.63,Loamy,0.62,4.27,12.69,East,512,Rabi,Drip,340.11,16.98,72.98
potato,113,32,52,7.52,33.59,741.21,54.77,28.5,Loamy,1.37,6.18,8.48,South,2014,Rabi,Rainfed,220.93,19.91,23.63
potato,154,15,46,6.79,15.57,509.36,75.66,20.49,Sandy,0.41,6.68,11.96,Central,1170,Zaid,Rainfed,206.93,5.27,23.97
maize,132,28,61,7.06,18.58,1683.65,38.89,20.34,Clay,0.78,5.58,8.34,South,634,Rabi,Canal,344.56,4.61,9.43
maize,53,22,90,6.12,31.83,1550.34,79.01,34.52,Loamy,0.79,8.52,4.49,North,1500,Rabi,Canal,106.17,22.66,9.12
rice,178,80,83,7.11,10.23,912.63,56.57,23.02,Loamy,1.13,10.01,6.75,Central,313,Zaid,Rainfed,342.37,0.15,10.68
sugarcane,167,65,44,8.13,32.72,2405.64,78.0,44.07,Clay,0.53,9.17,11.27,South,1942,Rabi,Drip,127.87,14.04,73.46
maize,139,93,91,7.0,30.29,1327.08,59.68,46.36,Sandy,0.92,5.39,2.46,West,52,Rabi,Canal,252.29,14.82,11.03
cotton,107,74,124,5.96,13.89,2722.69,33.09,59.1,Silt,1.02,4.91,1.36,South,740,Zaid,Sprinkler,281.55,20.47,11.82
cotton,130,48,31,5.77,17.32,882.86,66.48,29.98,Loamy,1.46,10.47,1.08,Central,530,Kharif,Canal,62.85,5.43,6.99
rice,175,50,77,8.08,10.46,1856.37,55.63,30.46,Silt,0.98,7.18,2.91,West,1958,Zaid,Sprinkler,272.7,23.73,9.62
maize,171,76,114,5.43,27.44,2288.77,57.56,27.32,Silt,0.47,10.05,3.33,West,1503,Kharif,Sprinkler,206.89,1.73,11.24
maize,157,15,120,7.54,21.91,772.71,76.96,54.09,Loamy,0.43,8.56,12.49,Central,411,Rabi,Canal,210.64,7.6,10.14
wheat,87,99,127,6.38,22.7,2283.15,43.35,36.4,Silt,1.5,9.11,7.88,South,386,Zaid,Drip,151.58,6.14,11.46
potato,105,56,78,6.31,13.1,2510.72,31.54,42.62,Loamy,1.57,5.36,1.76,East,1298,Zaid,Sprinkler,322.83,5.42,28.04
sugarcane,179,15,136,7.34,20.57,1969.31,47.17,33.73,Clay,0.52,9.55,4.21,East,1815,Zaid,Rainfed,115.41,4.18,74.25
sugarcane,65,98,128,5.3,37.57,2539.82,39.31,22.84,Clay,1.28,6.82,9.71,South,695,Rabi,Sprinkler,169.96,4.65,74.18
potato,51,68,41,6.39,11.94,1281.17,50.63,20.13,Clay,0.63,6.59,11.56,Central,346,Kharif,Drip,72.28,19.37,23.11
cotton,156,61,84,4.92,39.25,1304.4,42.48,58.41,Clay,1.38,8.31,17.76,West,1415,Zaid,Canal,188.35,24.13,5.76
rice,109,53,69,7.08,35.44,346.08,35.82,28.27,Sandy,0.43,5.94,9.82,North,464,Zaid,Drip,325.77,19.31,9.69
sugarcane,129,44,23,5.0,16.09,2297.45,79.65,62.08,Clay,0.87,5.89,3.02,West,1233,Zaid,Canal,130.57,6.26,74.39
potato,125,21,121,5.1,31.16,382.79,42.57,62.36,Loamy,1.07,4.55,12.01,North,1084,Kharif,Drip,287.8,6.25,25.77
wheat,177,36,62,7.67,12.73,959.69,51.83,38.95,Loamy,1.41,6.77,11.31,South,548,Rabi,Canal,71.04,18.31,7.11
rice,47,64,124,6.31,14.79,1850.6,30.11,62.93,Loamy,1.41,8.27,6.83,North,1586,Kharif,Sprinkler,297.71,8.25,11.78
wheat,67,59,23,5.48,24.64,1819.22,76.3,16.42,Silt,0.54,5.85,12.2,Central,1324,Kharif,Drip,150.78,19.96,7.16
cotton,138,88,86,6.81,22.01,1501.19,57.8,19.58,Loamy,1.56,10.26,16.81,Central,193,Kharif,Drip,78.05,0.36,4.37
rice,152,86,74,6.57,34.45,1844.15,81.88,27.17,Sandy,1.13,10.83,1.34,West,548,Rabi,Rainfed,156.58,9.38,9.41
rice,173,24,115,6.2,38.18,1105.63,33.17,25.46,Sandy,1.16,5.02,4.51,Central,266,Zaid,Drip,222.74,9.6,8.49
maize,178,28,84,7.88,38.28,809.25,39.83,27.63,Sandy,1.46,7.68,3.01,East,762,Kharif,Rainfed,329.52,8.21,9.91
maize,133,60,94,7.35,14.41,1032.45,45.46,37.61,Sandy,0.72,6.11,12.99,West,1664,Rabi,Drip,155.31,17.94,8.31
rice,169,89,149,5.32,30.59,918.9,83.29,18.15,Sandy,0.84,6.75,12.24,West,1170,Rabi,Sprinkler,168.48,16.87,9.26
potato,173,20,139,6.74,27.12,1372.82,51.24,42.77,Sandy,1.58,7.1,2.59,East,1075,Kharif,Sprinkler,261.43,24.88,27.94
wheat,110,35,105,5.1,21.11,2195.68,41.21,30.47,Clay,0.32,7.16,3.3,East,283,Zaid,Canal,65.71,15.34,4.68
wheat,116,76,81,5.63,39.84,1112.95,78.09,18.58,Sandy,1.43,6.64,15.49,South,593,Rabi,Canal,264.28,20.86,8.31
wheat,171,33,131,7.89,23.68,1189.49,48.14,52.66,Silt,1.4,6.5,11.07,South,106,Kharif,Rainfed,71.13,5.97,9.88
rice,90,96,145,6.37,29.96,2043.59,50.98,47.67,Sandy,0.64,4.54,9.68,South,1316,Kharif,Drip,334.07,16.32,10.63
maize,75,76,96,7.83,25.09,2583.18,69.28,54.67,Loamy,1.37,6.72,9.95,North,2194,Rabi,Sprinkler,348.25,12.09,13.7
sugarcane,61,97,141,5.36,13.09,950.76,53.03,61.96,Loamy,0.73,10.92,3.81,West,1339,Zaid,Rainfed,276.04,21.35,76.93
potato,44,67,27,5.5,14.23,2139.12,30.99,44.29,Silt,1.12,7.21,7.76,Central,768,Rabi,Rainfed,187.39,22.04,24.54
potato,73,38,73,6.0,32.5,1859.55,89.35,54.34,Sandy,0.88,6.59,10.9,West,1626,Kharif,Rainfed,112.13,6.35,25.44
maize,174,70,102,6.05,34.05,1603.13,44.32,24.96,Clay,0.43,9.33,9.35,East,1791,Zaid,Rainfed,72.6,1.49,8.66
cotton,83,76,122,7.33,20.91,347.72,44.66,35.52,Clay,1.46,10.23,8.28,Central,1931,Rabi,Canal,300.31,13.48,6.07
maize,73,48,119,6.84,12.01,1251.86,38.04,41.5,Clay,1.01,8.64,5.85,North,1834,Zaid,Rainfed,284.11,8.4,14.23
wheat,127,36,51,6.68,38.71,813.45,39.48,42.06,Clay,0.93,6.52,7.27,Central,182,Rabi,Canal,326.34,17.77,9.53
potato,34,82,81,6.85,24.91,650.46,60.12,50.92,Sandy,1.44,6.83,12.51,Central,484,Kharif,Rainfed,137.32,0.15,23.38
potato,138,71,49,7.29,14.02,988.76,86.38,54.8,Silt,0.73,6.93,17.54,Central,2008,Rabi,Drip,180.81,17.21,24.46
cotton,56,24,125,7.84,15.95,1932.63,71.83,48.34,Clay,1.04,4.72,16.23,West,106,Zaid,Drip,324.13,13.47,8.68
maize,145,80,58,6.21,11.36,1646.14,69.45,17.36,Sandy,1.45,7.76,14.58,West,1565,Zaid,Canal,167.08,8.09,11.23
sugarcane,116,22,41,7.53,31.3,1392.36,51.69,32.56,Sandy,0.75,5.3,13.13,South,347,Zaid,Rainfed,139.0,14.34,74.21
rice,133,52,147,6.48,31.12,662.66,78.79,43.62,Sandy,1.33,8.68,8.54,Central,519,Kharif,Rainfed,229.51,23.36,9.88
wheat,152,76,48,7.26,28.08,2245.71,58.4,40.39,Sandy,0.97,9.31,7.7,West,214,Rabi,Rainfed,197.18,22.15,10.89
rice,108,42,61,7.77,26.39,1502.8,57.45,17.24,Sandy,0.51,8.12,12.19,North,1291,Rabi,Canal,119.52,21.83,7.34
potato,72,24,79,4.91,21.44,1913.01,89.67,64.03,Loamy,0.35,5.95,4.14,West,840,Zaid,Sprinkler,315.11,5.92,25.68
cotton,126,59,138,6.66,38.52,392.03,66.54,62.81,Sandy,1.24,9.74,16.83,East,1424,Kharif,Canal,245.19,10.09,8.98
cotton,60,79,96,8.16,34.02,2530.74,82.09,53.69,Sandy,0.64,5.41,3.0,Central,2149,Rabi,Drip,138.06,1.82,6.43
rice,128,81,115,6.49,37.23,1595.01,61.47,17.77,Sandy,1.36,5.53,2.95,South,939,Rabi,Drip,243.65,3.26,12.04
cotton,46,23,105,7.74,19.35,1173.61,39.7,36.51,Loamy,0.55,4.96,4.11,Central,259,Kharif,Rainfed,336.11,5.92,8.72
maize,112,19,131,5.43,39.35,2367.29,89.24,35.49,Loamy,1.04,9.32,2.19,East,1885,Kharif,Sprinkler,112.76,22.09,9.89
rice,139,24,103,6.85,14.96,2329.36,69.34,42.9,Silt,0.42,7.81,1.9,East,1840,Rabi,Sprinkler,242.06,3.0,12.12
cotton,61,26,25,7.76,11.69,850.11,38.92,17.8,Silt,1.26,4.77,3.59,West,998,Kharif,Drip,349.55,8.77,6.5
potato,170,96,92,6.27,19.6,1227.75,74.4,36.18,Sandy,1.3,8.14,6.57,East,462,Kharif,Drip,202.85,0.74,26.22
potato,64,72,96,6.45,16.04,1813.91,56.35,52.89,Clay,1.49,10.01,10.67,Central,823,Zaid,Drip,282.16,6.57,25.47
potato,162,35,50,5.08,25.53,2796.47,79.34,64.9,Sandy,1.03,7.16,10.18,North,1555,Zaid,Drip,265.26,19.95,26.92
maize,58,35,58,4.94,20.51,2266.12,46.62,44.77,Silt,0.44,9.81,2.26,South,1522,Zaid,Rainfed,203.18,23.14,9.4
maize,99,79,69,6.39,15.15,424.74,86.54,62.03,Clay,1.38,10.55,12.88,North,419,Rabi,Sprinkler,183.01,10.32,12.2
wheat,124,17,97,7.67,35.33,2140.59,47.83,64.93,Clay,0.71,5.87,5.98,North,807,Rabi,Drip,256.36,6.99,10.6
wheat,51,83,145,7.97,25.24,1526.66,89.84,36.74,Silt,1.47,7.95,8.02,East,1732,Kharif,Drip,232.26,14.36,8.59
potato,98,78,128,7.04,13.29,345.76,72.01,48.43,Sandy,1.57,10.24,7.25,West,1489,Kharif,Rainfed,198.89,0.69,24.51
cotton,118,63,107,7.61,12.26,1432.1,88.28,25.66,Silt,0.47,8.27,9.42,North,1288,Zaid,Sprinkler,94.83,8.33,5.05
rice,101,86,34,7.3,21.5,1118.48,73.45,38.78,Clay,0.41,7.05,1.56,East,1057,Kharif,Sprinkler,285.25,19.65,10.67
sugarcane,158,31,70,7.19,37.24,560.94,75.25,18.92,Loamy,1.47,8.17,4.29,North,93,Zaid,Sprinkler,291.86,0.49,74.97
rice,116,87,42,7.41,25.24,1633.09,37.28,16.46,Sandy,1.47,9.23,3.61,North,1874,Rabi,Drip,156.29,6.89,7.41
sugarcane,125,46,29,6.52,14.17,2654.22,30.9,59.65,Silt,1.06,5.92,14.65,Central,731,Kharif,Rainfed,150.56,4.85,75.93
rice,104,84,92,6.36,17.4,2486.7,35.18,57.92,Silt,1.45,5.0,10.44,Central,1353,Zaid,Canal,195.77,8.81,10.29
wheat,83,35,132,5.34,11.48,1701.23,56.24,30.6,Silt,1.51,5.33,13.93,Central,1544,Zaid,Drip,161.69,1.81,7.85
wheat,117,21,96,7.67,34.96,816.61,54.12,37.85,Loamy,1.02,9.09,13.01,North,2063,Kharif,Sprinkler,284.96,10.68,8.34
rice,83,21,51,4.95,38.38,586.6,41.03,39.68,Loamy,1.19,4.78,5.55,West,1738,Rabi,Rainfed,337.67,11.76,9.23
wheat,45,41,132,5.71,12.33,2009.49,32.61,41.04,Sandy,1.1,6.26,9.68,South,1047,Kharif,Sprinkler,87.09,2.4,7.1
cotton,128,22,84,6.57,15.19,1279.87,71.53,21.73,Sandy,0.53,9.84,3.47,East,1698,Zaid,Sprinkler,100.62,20.52,6.69
wheat,49,87,120,8.1,15.13,1604.75,41.87,53.75,Sandy,0.87,10.2,14.28,West,1964,Zaid,Drip,168.97,18.19,6.11
rice,75,42,37,7.47,34.11,2243.71,88.71,32.39,Silt,1.19,10.78,4.48,South,2092,Rabi,Sprinkler,190.96,6.55,9.43
maize,156,93,50,6.05,35.18,1806.53,36.21,16.58,Loamy,1.09,8.26,17.74,West,537,Rabi,Rainfed,133.83,3.6,8.4
potato,87,80,73,7.23,22.58,491.82,51.81,48.83,Sandy,0.58,5.67,17.54,South,888,Zaid,Sprinkler,320.59,24.96,25.3
rice,140,85,82,7.97,39.08,2765.09,58.74,56.49,Loamy,1.48,8.66,3.82,Central,421,Rabi,Sprinkler,274.0,0.66,12.59
cotton,158,61,20,6.63,17.78,659.83,43.11,60.91,Clay,1.32,5.32,1.12,East,378,Zaid,Rainfed,313.75,12.96,8.46
cotton,110,96,28,6.37,25.75,2750.22,60.2,48.72,Sandy,0.39,5.68,2.99,West,2033,Zaid,Drip,161.75,18.39,10.64
potato,113,24,139,6.68,39.89,1569.23,37.47,24.56,Loamy,0.75,10.5,7.95,West,1034,Zaid,Drip,316.4,23.45,23.89
wheat,99,47,111,5.86,34.81,2397.16,30.1,44.49,Sandy,1.59,4.07,14.26,South,1909,Zaid,Rainfed,325.76,13.05,9.93
cotton,37,21,109,7.88,24.62,609.91,71.89,60.59,Loamy,0.81,7.85,15.38,East,842,Rabi,Canal,325.93,14.42,6.34
wheat,58,17,135,7.51,13.26,2453.29,80.07,32.53,Loamy,1.16,4.41,9.2,North,644,Zaid,Rainfed,61.4,22.28,8.15
cotton,141,28,75,7.2,37.13,623.54,64.48,62.67,Silt,0.43,5.56,15.83,South,1359,Kharif,Sprinkler,197.3,10.2,7.08
sugarcane,160,58,22,6.8,26.26,2525.2,43.71,19.88,Clay,0.7,6.48,16.03,South,269,Zaid,Drip,265.98,9.33,75.28
potato,137,60,149,8.1,19.25,1406.64,53.67,51.4,Sandy,1.45,4.76,11.26,West,672,Zaid,Drip,286.22,22.27,25.26
sugarcane,138,75,73,5.81,23.54,2453.53,67.58,21.0,Loamy,0.96,4.24,6.83,South,1796,Zaid,Rainfed,123.5,18.17,75.33
rice,49,50,56,5.76,19.33,989.26,31.95,54.94,Sandy,1.37,6.49,13.66,Central,1842,Kharif,Sprinkler,234.5,16.66,8.03
wheat,102,27,116,5.62,26.53,2070.54,35.65,19.88,Loamy,0.31,7.58,12.4,East,1680,Zaid,Sprinkler,193.35,4.1,9.44
maize,33,30,31,7.32,18.19,2235.08,87.49,31.29,Clay,1.17,9.65,8.95,South,60,Rabi,Sprinkler,254.25,10.68,9.33
cotton,48,94,131,7.51,23.38,1549.67,70.71,53.84,Loamy,0.69,6.37,14.09,South,1350,Rabi,Canal,274.37,9.93,7.74
sugarcane,131,19,97,6.83,22.79,2462.23,71.82,38.01,Loamy,1.42,6.18,14.91,Central,1079,Zaid,Rainfed,192.68,22.86,76.36
wheat,170,52,109,7.02,28.48,2007.25,36.15,59.13,Sandy,1.53,4.08,12.05,South,2127,Rabi,Drip,69.7,1.19,10.83
maize,170,64,91,5.99,10.42,1086.39,43.98,35.09,Clay,1.19,8.32,1.27,Central,1950,Rabi,Drip,239.82,24.61,9.86
maize,115,52,111,4.94,27.96,2623.84,53.47,64.75,Loamy,0.49,9.36,8.92,South,1774,Kharif,Canal,348.49,22.84,13.05
rice,81,70,26,5.66,27.79,1149.8,42.31,15.93,Sandy,0.91,4.03,8.42,West,2132,Kharif,Rainfed,292.04,15.91,8.26
potato,140,77,34,6.79,21.77,2127.47,78.57,49.8,Loamy,0.9,4.04,16.2,South,50,Rabi,Drip,125.07,10.63,23.52
wheat,138,62,124,7.56,17.41,2031.61,66.39,60.79,Sandy,1.38,10.06,9.68,West,1598,Rabi,Rainfed,262.34,19.26,11.63
rice,115,73,91,7.44,35.18,630.09,41.81,41.8,Clay,0.9,5.94,7.37,Central,490,Zaid,Drip,180.45,20.86,10.41
sugarcane,72,91,93,5.41,20.34,1370.03,76.25,64.43,Silt,0.73,7.68,6.32,South,2005,Kharif,Sprinkler,148.19,4.33,76.79
maize,71,58,81,4.97,19.35,1735.66,62.44,50.4,Clay,1.09,8.61,11.14,East,1002,Zaid,Sprinkler,180.41,21.89,9.64
cotton,119,69,65,7.69,23.9,765.69,42.47,36.48,Sandy,1.14,8.51,2.21,South,281,Zaid,Drip,254.42,3.67,9.14
sugarcane,144,69,124,5.06,18.34,548.52,80.57,40.77,Clay,1.35,7.91,15.88,West,890,Rabi,Rainfed,265.58,10.13,75.11
wheat,55,15,128,6.14,34.92,1665.56,42.6,58.87,Sandy,1.47,5.4,11.55,South,1100,Kharif,Sprinkler,79.41,5.09,7.11
potato,72,22,80,5.12,26.95,683.13,71.44,62.88,Sandy,1.46,9.3,5.12,South,715,Zaid,Canal,274.78,13.5,23.61
sugarcane,106,18,140,6.72,32.63,2270.18,53.99,42.79,Clay,1.11,7.98,5.85,West,356,Kharif,Canal,313.8,23.28,76.76
maize,166,99,62,6.04,32.36,2438.44,74.97,30.36,Silt,0.98,6.25,16.36,North,2131,Kharif,Sprinkler,260.44,8.61,9.97
maize,49,67,118,5.49,33.65,534.39,55.41,26.97,Clay,1.34,8.85,1.56,South,1805,Kharif,Rainfed,172.71,20.45,8.41
cotton,68,72,74,6.82,36.08,2057.62,47.2,38.85,Sandy,0.7,5.06,6.15,East,780,Kharif,Canal,306.7,12.82,8.4
wheat,41,51,131,6.04,37.58,2130.57,87.66,29.82,Silt,1.29,6.57,5.99,South,1415,Kharif,Sprinkler,195.21,20.36,9.32
maize,40,63,110,5.37,21.51,465.56,75.52,36.04,Sandy,0.96,5.39,13.68,Central,1502,Rabi,Drip,241.29,22.51,8.53
rice,71,81,35,7.18,23.31,1790.8,79.66,56.72,Silt,0.46,6.52,4.46,North,492,Kharif,Sprinkler,113.2,10.86,10.92
maize,40,33,76,7.65,11.5,1854.37,48.77,38.6,Clay,1.28,7.88,2.12,East,602,Zaid,Rainfed,64.6,9.88,8.85
cotton,67,15,121,5.73,37.77,1580.01,50.88,47.04,Clay,1.14,7.21,7.62,Central,631,Zaid,Sprinkler,243.29,5.31,7.31
maize,127,43,44,5.43,27.61,2024.71,40.37,19.51,Sandy,0.41,8.0,13.22,East,511,Kharif,Sprinkler,113.25,22.27,7.32
potato,48,47,41,5.06,31.37,917.37,56.8,53.11,Silt,0.89,6.12,2.01,North,1195,Kharif,Drip,74.86,18.62,21.46
wheat,163,66,142,6.59,23.08,953.27,89.82,39.15,Sandy,0.93,4.63,3.92,North,1488,Kharif,Rainfed,114.53,11.54,10.35
maize,145,55,106,7.63,24.22,2609.58,65.37,33.05,Silt,1.15,4.8,11.75,East,853,Zaid,Rainfed,274.27,9.77,11.8
sugarcane,142,37,101,5.65,26.3,1997.83,73.45,45.55,Sandy,1.18,6.54,13.01,East,1392,Rabi,Rainfed,136.28,2.56,72.74
rice,94,19,121,6.37,33.86,1292.48,74.25,20.1,Clay,0.55,6.94,1.04,West,1948,Rabi,Drip,240.26,5.0,10.39
cotton,128,85,43,5.35,28.39,1979.12,42.17,35.7,Loamy,0.34,9.05,16.92,Central,1850,Kharif,Drip,260.81,7.08,9.59
sugarcane,101,71,55,6.17,34.34,2170.59,33.36,55.55,Sandy,1.33,6.04,7.45,East,267,Rabi,Canal,123.82,22.12,75.08
wheat,81,20,68,4.85,16.5,1055.51,37.3,28.1,Loamy,1.58,8.97,7.15,Central,644,Zaid,Rainfed,237.31,16.69,7.83
sugarcane,147,63,101,7.9,16.18,1599.2,73.18,60.7,Clay,1.52,8.26,15.25,North,1478,Kharif,Sprinkler,138.29,4.62,74.63
cotton,149,36,67,7.1,16.2,586.76,57.35,45.18,Loamy,0.95,5.99,2.86,North,761,Zaid,Rainfed,259.17,8.79,8.33
wheat,36,91,116,5.93,10.15,1803.05,84.28,42.04,Silt,0.99,10.83,4.95,East,409,Kharif,Drip,128.17,4.69,10.33
rice,40,90,121,7.8,15.37,2019.86,51.99,34.98,Loamy,1.51,5.87,15.52,Central,454,Kharif,Drip,193.9,7.29,7.53
maize,132,18,25,5.42,13.56,2157.97,36.16,52.1,Sandy,1.01,7.71,10.58,North,274,Kharif,Sprinkler,141.05,3.9,9.84
maize,90,86,87,5.07,23.61,2701.22,88.11,43.22,Loamy,0.66,9.89,11.46,West,334,Zaid,Rainfed,348.34,20.5,11.06
maize,97,78,33,8.0,13.82,716.93,54.04,54.83,Silt,1.18,5.52,6.19,Central,968,Rabi,Rainfed,251.58,1.45,8.83
potato,169,51,49,5.85,22.48,473.6,80.89,31.58,Clay,0.92,4.48,10.08,Central,724,Zaid,Rainfed,92.51,11.17,22.62
maize,131,45,129,7.98,39.99,2656.24,32.76,50.1,Silt,1.32,7.42,15.28,Central,97,Zaid,Sprinkler,335.29,7.15,11.89
maize,139,51,27,6.97,25.1,1921.53,51.56,62.17,Sandy,1.32,8.33,17.7,Central,1688,Rabi,Canal,258.84,10.12,13.61
potato,169,59,85,8.13,37.74,1707.81,65.66,29.0,Silt,1.52,4.88,7.6,Central,1,Rabi,Drip,220.08,22.35,25.58
rice,80,22,103,7.36,31.06,1358.19,61.45,64.05,Loamy,0.48,4.75,3.73,West,1839,Rabi,Sprinkler,155.06,11.45,8.42
maize,146,54,139,5.16,36.83,1402.0,73.66,35.53,Loamy,0.98,4.57,7.14,North,76,Rabi,Drip,183.41,10.89,10.91
wheat,75,19,72,7.7,28.77,1042.44,82.98,16.93,Silt,1.32,8.6,6.89,Central,1677,Rabi,Drip,249.77,10.5,8.2
potato,82,42,118,5.3,34.3,1861.63,75.52,32.89,Loamy,0.87,10.54,7.03,Central,493,Rabi,Rainfed,121.51,3.62,24.59
maize,117,95,93,7.15,19.08,338.51,48.61,22.48,Loamy,1.11,10.47,5.33,Central,10,Rabi,Canal,188.71,13.97,9.21
maize,150,23,119,6.5,21.16,1660.3,88.16,30.21,Sandy,1.36,9.66,10.28,North,1575,Kharif,Canal,252.43,7.03,11.29
cotton,42,16,148,7.21,38.81,445.24,85.14,19.8,Sandy,0.92,6.62,17.47,East,270,Kharif,Sprinkler,215.55,15.31,4.33
potato,118,77,34,7.4,18.03,2109.97,67.8,23.91,Sandy,0.83,8.0,1.9,North,56,Kharif,Drip,319.62,16.57,25.59
sugarcane,154,65,41,7.53,22.64,2705.36,60.6,21.33,Clay,0.53,11.0,10.73,Central,1564,Zaid,Drip,142.81,20.36,75.29
potato,147,45,67,7.64,29.53,763.0,60.99,17.17,Clay,1.37,9.83,17.25,North,2134,Zaid,Rainfed,326.01,17.62,24.85
wheat,83,21,136,7.68,21.77,986.06,74.11,29.81,Sandy,1.33,4.61,8.16,South,1902,Zaid,Canal,259.87,15.4,8.16
potato,145,44,92,6.2,10.63,1646.69,59.01,62.05,Silt,1.27,4.02,10.27,East,2026,Zaid,Drip,159.17,19.24,25.47
rice,147,72,139,7.82,33.77,1524.69,89.19,62.47,Silt,0.81,6.69,2.85,West,898,Zaid,Rainfed,102.5,16.54,8.77
wheat,33,17,36,7.25,20.07,2340.67,72.63,57.33,Silt,1.06,4.19,11.09,South,661,Kharif,Rainfed,145.53,8.59,10.29
potato,104,65,125,7.65,16.83,614.19,44.29,15.61,Sandy,0.46,9.33,7.57,Central,559,Kharif,Rainfed,125.78,2.83,22.49
rice,78,70,102,8.16,25.17,1682.95,69.51,16.41,Clay,0.72,8.26,13.36,West,732,Rabi,Drip,324.1,18.84,8.77
potato,36,87,123,5.2,10.25,2605.51,59.07,15.52,Loamy,0.87,8.64,9.5,West,835,Kharif,Canal,207.49,5.43,27.19
cotton,139,24,110,6.06,35.92,1967.65,39.59,33.33,Silt,0.36,10.47,2.82,East,1375,Zaid,Drip,255.47,21.55,7.87
maize,151,75,68,7.54,17.84,972.15,61.13,64.01,Sandy,0.43,10.9,3.69,North,1566,Zaid,Sprinkler,79.56,17.47,8.89
sugarcane,40,64,78,5.09,37.68,456.56,81.54,59.84,Sandy,1.38,6.26,16.01,North,1244,Zaid,Rainfed,334.94,11.21,71.85
potato,121,61,49,6.64,30.33,1347.62,31.48,27.53,Loamy,1.56,4.98,11.17,North,777,Zaid,Rainfed,316.81,24.08,25.37
wheat,52,15,104,7.72,26.46,1467.46,81.07,35.51,Clay,0.72,4.18,2.19,North,478,Kharif,Canal,205.76,18.78,10.6
wheat,57,71,40,4.86,34.19,632.6,71.11,56.22,Clay,0.44,10.1,6.19,South,2154,Kharif,Canal,335.11,12.04,10.97
potato,140,52,53,7.99,39.8,1500.51,73.54,52.93,Sandy,1.52,6.02,13.87,Central,1639,Kharif,Rainfed,212.9,7.5,24.89
wheat,86,76,92,8.13,17.54,1991.81,83.56,21.63,Loamy,1.49,4.24,10.85,West,1470,Rabi,Drip,308.74,6.62,9.04
sugarcane,55,93,117,5.9,20.65,1488.82,86.62,20.39,Clay,1.15,8.18,15.94,Central,1261,Kharif,Drip,242.18,6.52,73.92
cotton,83,84,95,7.41,24.53,866.62,47.71,42.19,Loamy,0.74,6.81,5.88,Central,451,Zaid,Canal,147.98,11.52,5.35
cotton,58,96,104,5.23,26.18,2696.01,85.15,20.11,Loamy,0.45,10.1,15.84,East,317,Rabi,Rainfed,274.94,4.78,9.25
maize,126,79,103,7.43,26.59,587.4,42.99,56.25,Sandy,1.52,4.71,8.22,East,661,Zaid,Canal,148.92,17.86,8.76
wheat,43,76,128,6.44,26.47,1820.95,38.66,27.67,Loamy,1.5,8.17,17.5,East,1709,Zaid,Drip,152.15,20.85,7.76
cotton,107,70,82,7.72,34.85,2123.17,63.29,24.42,Loamy,1.27,9.53,15.41,East,2001,Kharif,Drip,284.1,2.01,6.67
cotton,64,81,31,5.52,22.14,974.73,85.66,24.28,Loamy,1.51,10.06,16.67,North,638,Rabi,Rainfed,225.86,18.61,6.34
rice,59,31,21,7.09,10.33,1248.86,33.26,17.26,Silt,0.48,4.5,15.21,West,309,Rabi,Sprinkler,225.34,12.67,8.12
potato,121,22,148,7.47,36.27,1390.68,61.68,47.09,Loamy,0.44,9.48,13.65,North,1390,Kharif,Rainfed,185.69,2.04,24.31
wheat,46,74,66,5.49,29.87,1917.46,70.71,23.22,Loamy,0.55,9.57,14.58,Central,1903,Rabi,Rainfed,138.33,7.59,7.98
cotton,122,54,71,7.58,15.68,1580.78,74.73,26.67,Sandy,0.58,5.83,10.49,North,1788,Kharif,Sprinkler,254.99,22.12,7.38
wheat,108,95,66,8.06,10.89,778.07,60.24,52.57,Clay,1.38,6.11,7.66,West,1803,Kharif,Rainfed,346.1,17.92,8.63
rice,139,76,118,6.89,19.47,2531.33,64.49,17.87,Clay,1.5,10.44,7.91,West,1543,Zaid,Drip,107.89,9.97,10.22
sugarcane,131,55,69,7.47,13.73,1210.99,57.22,25.14,Loamy,0.58,8.39,8.29,Central,53,Zaid,Drip,99.29,17.81,74.02
maize,135,26,64,6.61,36.9,1256.5,73.4,22.47,Sandy,0.9,4.21,9.58,South,579,Zaid,Drip,163.53,6.53,7.38
potato,76,68,61,6.83,18.34,2299.66,52.75,15.24,Sandy,0.89,9.73,12.52,Central,2147,Zaid,Canal,249.61,4.62,24.95
sugarcane,93,25,90,4.85,31.17,1638.65,46.82,41.97,Loamy,0.53,10.8,7.22,Central,1139,Kharif,Rainfed,278.87,22.97,73.57
potato,93,74,76,6.58,29.74,878.46,45.77,24.5,Loamy,1.41,6.87,12.59,North,689,Zaid,Drip,196.93,8.22,26.01
cotton,116,82,52,6.76,31.42,2586.34,69.2,46.65,Clay,0.98,9.27,6.72,East,714,Zaid,Sprinkler,64.26,5.3,6.61
cotton,36,92,133,7.08,25.9,2312.95,85.48,40.09,Clay,1.04,9.07,10.73,South,1973,Zaid,Sprinkler,167.09,15.08,8.46
wheat,51,60,63,5.38,31.89,1799.86,46.42,48.39,Clay,0.64,6.81,12.2,East,1001,Kharif,Drip,320.61,22.03,9.66
cotton,110,52,133,5.62,25.37,1580.24,44.99,64.08,Loamy,1.03,7.17,7.66,Central,1777,Rabi,Drip,188.2,18.98,9.63
sugarcane,103,75,75,7.37,21.33,1988.42,72.94,25.99,Clay,1.33,8.35,10.25,South,322,Kharif,Canal,83.97,11.03,74.97
potato,167,31,63,5.37,35.75,1202.14,30.55,48.29,Sandy,0.7,5.22,1.28,North,323,Kharif,Drip,101.58,15.9,24.42
rice,164,80,115,6.21,23.76,2035.25,80.05,56.68,Silt,0.45,7.55,9.09,Central,1804,Zaid,Canal,235.34,5.04,10.98
cotton,154,86,92,5.65,27.04,395.74,52.76,62.87,Silt,1.06,6.35,14.96,Central,1208,Kharif,Rainfed,180.28,12.76,5.52
sugarcane,79,50,53,6.65,23.95,1299.44,84.1,46.12,Silt,1.13,4.59,6.08,West,357,Zaid,Sprinkler,65.57,20.97,73.68
maize,81,88,33,8.16,33.26,1843.59,72.51,21.54,Sandy,0.56,5.4,5.52,North,2025,Rabi,Drip,302.14,23.34,9.06
maize,30,21,144,7.7,26.19,1853.48,77.56,17.69,Silt,0.62,7.51,14.13,North,1757,Rabi,Sprinkler,206.45,18.29,8.13
potato,33,30,98,5.72,24.12,478.44,40.27,28.93,Loamy,0.5,10.35,6.45,Central,1569,Kharif,Canal,287.63,9.79,25.95
rice,174,28,102,6.05,17.73,2099.06,51.85,61.41,Loamy,1.5,10.02,7.61,South,1175,Rabi,Drip,300.46,6.68,13.2
maize,161,94,46,7.92,37.35,511.88,46.83,41.85,Silt,0.58,10.42,14.96,South,1508,Rabi,Rainfed,108.78,8.03,8.55
sugarcane,33,39,69,7.85,35.9,2152.08,72.91,43.97,Silt,0.31,5.71,2.09,East,990,Kharif,Rainfed,316.51,18.75,73.48
rice,30,18,74,5.35,22.94,2579.99,31.36,45.53,Clay,1.39,9.79,16.89,West,1622,Kharif,Sprinkler,164.34,4.84,7.68
sugarcane,100,43,117,7.62,29.79,2738.32,67.15,31.61,Sandy,1.34,6.4,4.36,West,2088,Zaid,Drip,113.27,10.06,75.18
cotton,64,70,56,5.81,25.24,1808.83,82.09,24.08,Clay,0.89,10.74,4.67,East,1453,Rabi,Canal,169.42,24.1,6.75
maize,37,20,56,6.65,15.29,2085.17,32.62,62.71,Sandy,1.34,5.82,14.15,East,263,Zaid,Drip,342.67,22.93,12.0
maize,65,15,131,4.82,21.28,884.56,47.44,52.77,Clay,0.88,6.32,3.06,East,1138,Rabi,Sprinkler,325.14,22.99,9.82
cotton,152,53,31,8.2,35.6,1236.27,42.48,40.55,Loamy,0.59,4.06,3.39,North,519,Zaid,Rainfed,335.67,1.35,9.1
cotton,72,15,75,7.39,33.92,330.54,89.89,33.84,Sandy,0.85,10.46,2.55,East,1471,Zaid,Rainfed,60.94,23.36,3.6
sugarcane,56,77,99,5.62,13.07,2294.89,89.14,39.14,Silt,0.93,8.3,11.28,North,267,Kharif,Drip,127.11,4.66,74.96
sugarcane,61,71,33,7.12,12.26,2023.93,37.46,16.68,Sandy,0.31,6.19,15.31,North,1233,Kharif,Rainfed,270.8,18.84,73.31
maize,107,81,73,5.8,35.61,944.91,41.69,27.37,Sandy,0.45,5.01,4.06,Central,1187,Kharif,Rainfed,290.92,4.79,11.3
rice,150,79,84,5.1,36.98,1525.26,31.38,27.54,Clay,1.44,8.52,7.72,West,569,Zaid,Sprinkler,210.79,9.72,8.25
rice,175,79,135,6.25,18.83,2121.02,63.97,37.27,Silt,0.81,4.67,12.56,South,1684,Kharif,Rainfed,155.87,10.34,9.02
maize,45,35,77,6.89,20.48,1966.35,71.15,26.81,Clay,0.73,5.02,6.19,North,777,Zaid,Drip,159.2,12.53,8.4
cotton,128,44,115,5.11,20.07,1101.55,69.27,24.27,Silt,1.45,7.54,4.3,West,1105,Kharif,Sprinkler,215.69,22.32,7.14
cotton,76,47,40,6.56,13.81,1224.36,45.6,53.28,Clay,0.5,4.93,16.41,West,148,Rabi,Sprinkler,60.9,15.89,7.51
potato,60,62,23,6.55,32.35,685.58,42.2,59.68,Silt,0.58,4.64,12.94,West,866,Kharif,Rainfed,260.4,4.9,23.82
rice,33,36,92,6.94,21.1,644.07,33.34,18.36,Sandy,1.38,8.86,16.73,East,1491,Zaid,Canal,225.92,10.75,7.67
potato,46,68,146,5.63,35.09,1312.17,67.96,25.48,Loamy,0.66,7.23,14.28,North,1596,Kharif,Canal,207.64,3.62,24.19
sugarcane,68,18,65,4.87,36.36,1499.15,44.73,53.68,Silt,1.12,4.35,6.91,East,164,Rabi,Canal,117.57,8.46,70.85
wheat,77,69,31,5.9,37.38,2676.74,35.32,55.79,Clay,1.26,4.34,1.43,East,386,Kharif,Drip,110.88,10.62,9.58
cotton,68,58,147,6.16,34.54,1563.57,51.27,40.01,Sandy,0.59,10.72,8.94,Central,734,Kharif,Canal,90.15,7.82,5.72
sugarcane,161,26,49,6.96,33.67,774.4,38.91,49.74,Clay,0.63,4.38,7.24,East,1726,Kharif,Sprinkler,324.84,19.3,75.72
rice,59,95,113,7.96,23.48,723.09,60.37,18.88,Sandy,0.97,7.11,9.59,West,1794,Rabi,Canal,311.99,0.37,7.93
potato,51,93,79,5.49,10.81,1163.15,38.95,57.48,Sandy,1.33,6.73,1.21,South,1540,Zaid,Sprinkler,228.19,23.34,26.63
potato,95,88,119,7.14,13.36,2597.01,89.32,56.64,Silt,1.02,7.52,10.07,East,1861,Rabi,Canal,138.96,13.07,26.83
potato,137,66,90,5.13,25.93,2284.64,50.13,49.67,Clay,0.39,10.16,8.02,West,711,Kharif,Rainfed,279.77,20.05,26.82
rice,41,90,100,5.45,20.8,1534.58,58.49,60.82,Sandy,0.76,8.73,12.57,East,2129,Zaid,Sprinkler,102.84,4.71,6.77
sugarcane,65,79,130,6.53,34.87,2689.46,65.8,17.38,Clay,0.73,9.45,5.58,East,1300,Zaid,Drip,295.33,8.77,77.8
sugarcane,47,79,63,7.21,26.89,838.71,81.04,26.55,Sandy,1.35,7.0,14.92,East,1823,Kharif,Sprinkler,296.73,24.2,74.76
sugarcane,119,24,127,7.72,12.97,1386.35,86.88,33.13,Silt,0.68,7.95,16.81,East,1794,Kharif,Canal,142.99,13.48,73.57
potato,30,32,121,7.33,24.36,302.57,52.02,22.93,Loamy,1.47,4.48,3.81,South,1455,Zaid,Drip,202.09,8.98,23.84
sugarcane,156,61,110,4.85,34.66,2466.69,55.41,55.74,Loamy,0.74,4.5,11.99,South,1002,Kharif,Drip,237.93,24.96,77.06
rice,119,80,128,7.13,35.89,694.58,39.06,52.86,Loamy,0.55,10.09,11.77,Central,1327,Kharif,Sprinkler,118.8,17.23,9.17
potato,116,63,35,7.6,14.98,2694.25,41.38,53.66,Loamy,1.0,7.55,6.78,East,663,Rabi,Rainfed,157.75,20.21,27.85
rice,119,86,129,6.59,13.01,1567.97,73.33,29.56,Silt,0.8,4.76,2.93,West,82,Kharif,Sprinkler,233.68,4.85,9.03
cotton,163,36,26,8.08,21.61,2784.88,56.12,53.13,Silt,1.14,4.52,12.37,North,346,Rabi,Drip,219.89,0.34,8.62
maize,99,40,108,4.81,11.97,1653.28,80.54,21.15,Silt,1.49,10.44,8.74,Central,474,Kharif,Canal,187.56,22.87,11.27
wheat,73,23,114,7.58,31.79,1438.61,61.75,20.34,Clay,1.52,5.19,4.25,West,1022,Zaid,Drip,126.57,7.59,8.01
potato,115,35,35,5.94,23.43,1480.38,46.96,44.2,Sandy,0.6,7.02,1.97,Central,560,Zaid,Rainfed,215.83,19.11,25.09
rice,48,77,124,7.01,15.95,2389.43,70.76,17.43,Sandy,0.51,9.48,17.08,North,902,Zaid,Rainfed,167.48,10.75,10.25
wheat,130,20,141,7.16,13.07,1205.89,58.37,61.93,Loamy,1.52,10.07,7.95,North,2064,Kharif,Canal,120.04,22.07,8.04
rice,175,28,108,5.84,37.82,2433.32,83.41,31.44,Loamy,1.36,10.05,13.73,North,1833,Kharif,Drip,147.48,6.48,10.49
rice,124,47,81,8.18,11.29,2515.9,52.31,38.85,Sandy,0.64,10.18,3.32,West,996,Kharif,Rainfed,128.86,13.24,8.47
potato,130,85,49,5.15,12.94,1022.11,45.28,55.66,Sandy,1.35,5.05,11.61,Central,1674,Zaid,Canal,169.89,9.14,24.04
sugarcane,59,38,86,5.33,17.03,2617.08,56.37,35.0,Sandy,1.26,7.0,1.43,North,667,Zaid,Canal,339.5,17.14,77.65
maize,62,87,65,7.83,12.84,776.55,80.94,36.53,Silt,0.63,8.62,8.18,West,1799,Rabi,Canal,331.6,13.42,8.44
maize,41,89,62,5.21,29.33,2366.38,79.46,32.4,Silt,1.48,10.31,5.17,East,910,Rabi,Sprinkler,251.99,18.4,11.43
rice,147,65,64,6.1,16.55,721.81,83.61,32.59,Silt,0.72,7.0,6.7,East,323,Zaid,Canal,276.63,10.93,11.08
sugarcane,123,16,99,7.29,24.4,2094.29,80.98,38.4,Loamy,0.92,8.35,11.61,West,1358,Kharif,Canal,174.01,19.49,74.99
potato,166,29,51,7.49,35.81,2739.04,49.81,62.3,Silt,1.09,10.72,7.03,East,617,Kharif,Canal,284.71,12.7,26.93
cotton,178,49,27,8.05,34.74,490.31,65.53,61.8,Sandy,0.55,10.75,5.2,East,1346,Zaid,Drip,306.06,2.88,8.65
maize,105,50,132,7.48,14.39,790.87,77.68,42.26,Loamy,1.09,8.67,13.15,North,2006,Zaid,Canal,291.67,18.3,11.04
potato,58,53,81,7.67,12.66,1182.65,80.35,37.8,Loamy,1.22,7.52,10.21,Central,1023,Kharif,Sprinkler,116.34,10.75,23.5
cotton,146,18,39,8.03,29.93,1200.31,54.11,55.41,Silt,0.43,8.01,11.66,West,1745,Zaid,Rainfed,298.12,19.6,8.27
maize,44,78,120,6.68,16.31,755.37,60.82,49.05,Loamy,0.79,10.31,7.5,North,1250,Kharif,Rainfed,295.86,22.65,10.19
cotton,31,88,25,5.97,33.44,1542.19,47.44,59.08,Sandy,1.1,8.85,5.34,South,934,Kharif,Canal,266.93,22.64,8.83
sugarcane,146,20,103,7.39,23.03,2276.81,71.87,51.53,Loamy,1.5,5.69,5.24,Central,1230,Zaid,Drip,304.99,19.57,77.03
rice,47,71,127,5.36,14.64,2306.61,70.31,62.62,Clay,1.46,5.36,17.87,South,384,Kharif,Drip,304.13,2.94,11.43
sugarcane,32,44,23,5.03,39.23,1465.52,65.42,59.31,Sandy,0.52,5.17,12.32,North,89,Kharif,Sprinkler,227.13,24.07,73.17
sugarcane,164,88,90,7.47,11.67,1083.78,67.64,57.76,Sandy,1.09,8.18,2.7,Central,544,Zaid,Drip,255.91,13.1,76.91
rice,137,81,103,8.03,13.73,904.18,83.92,34.58,Silt,0.43,8.45,11.94,Central,808,Zaid,Canal,160.59,22.85,8.75
rice,124,29,119,6.3,34.36,2088.8,79.2,34.31,Sandy,0.68,4.56,2.76,North,216,Kharif,Canal,93.19,17.15,8.89
wheat,151,31,90,5.35,23.58,513.11,37.49,52.06,Sandy,1.08,9.23,6.09,Central,2135,Kharif,Sprinkler,215.56,5.27,8.87
sugarcane,40,32,52,6.49,38.14,1663.25,68.56,19.19,Loamy,0.41,7.86,15.37,West,735,Rabi,Canal,211.55,15.74,74.83
cotton,97,33,139,6.14,13.39,1653.65,39.7,31.11,Clay,1.46,6.09,16.54,West,2137,Rabi,Rainfed,290.79,9.23,8.33
maize,152,90,112,6.07,14.71,581.93,38.9,61.61,Loamy,1.38,10.69,15.62,North,699,Zaid,Rainfed,115.45,0.43,7.73
rice,142,83,118,6.94,10.05,1478.05,56.95,37.51,Clay,0.92,7.46,10.42,Central,1451,Zaid,Sprinkler,306.32,21.15,11.83
rice,127,38,85,5.39,16.51,924.39,59.13,28.49,Sandy,0.94,7.34,8.7,North,113,Zaid,Drip,289.39,24.52,9.37
sugarcane,122,62,73,6.09,29.72,716.34,36.25,38.82,Loamy,1.45,7.09,5.18,Central,1997,Zaid,Canal,271.13,13.14,75.39
rice,51,44,99,7.75,31.7,505.1,60.71,29.43,Loamy,0.37,7.92,14.57,Central,1882,Rabi,Sprinkler,113.09,7.95,8.08
maize,156,29,143,7.28,22.9,783.33,40.59,53.41,Silt,0.49,4.33,11.59,Central,1915,Rabi,Sprinkler,152.99,5.34,10.23
maize,163,61,74,4.99,17.72,1912.26,63.04,57.53,Loamy,0.7,4.33,10.0,Central,1416,Zaid,Sprinkler,181.38,6.35,11.17
sugarcane,54,58,24,6.55,31.49,2123.35,79.93,54.13,Clay,0.77,7.24,5.4,West,161,Rabi,Sprinkler,60.12,20.94,73.92
maize,114,41,54,5.11,15.18,871.37,35.16,22.45,Clay,1.58,9.36,6.28,Central,273,Kharif,Sprinkler,117.92,3.89,5.79
potato,84,98,112,8.06,33.01,1734.4,53.96,31.8,Sandy,0.49,7.64,5.17,Central,39,Zaid,Sprinkler,252.51,23.26,24.72
maize,173,78,138,5.63,33.6,1228.99,44.02,25.7,Silt,0.69,10.45,11.84,Central,655,Zaid,Canal,226.76,10.65,11.26
potato,124,55,73,7.97,23.23,1653.95,64.48,17.14,Silt,1.38,8.46,11.39,East,1204,Zaid,Rainfed,334.35,16.41,25.38
cotton,171,82,22,7.64,15.81,915.49,83.61,51.96,Loamy,1.32,4.06,3.91,West,2122,Kharif,Rainfed,109.17,10.58,8.0
maize,148,19,25,6.67,28.9,414.85,41.84,36.42,Sandy,1.15,7.13,6.64,West,1126,Kharif,Sprinkler,210.07,24.93,8.29
sugarcane,38,67,106,5.94,35.6,1117.12,70.58,28.83,Clay,0.73,7.86,1.29,North,1410,Rabi,Sprinkler,65.79,9.31,74.43
rice,179,22,129,7.72,25.89,701.7,35.59,30.38,Silt,0.45,4.12,4.02,West,319,Kharif,Canal,228.83,9.42,7.31
sugarcane,71,36,75,5.32,23.83,2135.67,62.75,21.75,Sandy,1.58,4.75,9.99,East,382,Rabi,Canal,90.56,21.79,73.33
maize,82,21,21,5.41,39.38,2125.96,70.56,56.34,Loamy,0.63,10.99,7.42,West,567,Rabi,Canal,85.85,2.9,7.2
sugarcane,103,36,101,5.56,26.12,481.81,70.25,22.2,Silt,1.4,8.73,10.98,East,577,Kharif,Sprinkler,187.59,4.44,71.22
wheat,68,60,113,6.83,11.03,1291.83,74.29,31.92,Loamy,1.46,8.73,8.16,West,2155,Rabi,Canal,157.8,24.4,8.31
rice,151,44,24,5.87,25.06,532.16,55.04,15.37,Clay,0.87,7.99,2.59,East,572,Kharif,Rainfed,190.92,2.35,6.45
maize,44,30,60,8.16,23.36,2087.1,75.6,36.82,Clay,1.41,10.27,12.33,West,895,Kharif,Drip,68.12,1.09,6.97
cotton,152,93,135,5.46,18.76,345.87,58.37,32.74,Sandy,0.66,6.02,17.06,North,638,Zaid,Canal,81.74,18.93,5.43
maize,140,19,63,7.54,19.52,1395.06,49.38,50.96,Loamy,1.46,9.97,5.65,North,1270,Rabi,Sprinkler,80.87,11.65,8.89
wheat,160,81,109,5.13,37.92,681.06,49.32,50.77,Sandy,1.13,4.68,4.53,East,516,Kharif,Sprinkler,97.35,13.24,6.86
sugarcane,112,37,52,6.0,14.01,1962.17,40.54,16.93,Clay,0.55,10.82,15.25,Central,1596,Rabi,Rainfed,185.1,12.89,75.42
maize,39,75,75,5.63,32.92,834.9,73.23,20.79,Silt,1.32,9.72,5.61,West,993,Kharif,Sprinkler,187.79,21.99,7.36
cotton,121,88,21,8.12,37.07,1316.67,39.46,60.23,Clay,1.49,4.02,7.42,West,778,Zaid,Rainfed,153.91,9.48,7.51
maize,58,19,20,4.89,17.78,312.67,68.17,54.59,Sandy,1.04,4.42,4.78,North,1290,Kharif,Rainfed,90.44,20.08,5.95
rice,64,37,140,7.25,12.0,2772.29,69.92,34.47,Loamy,1.29,4.59,11.69,North,773,Zaid,Canal,309.41,14.33,12.27
maize,35,93,144,5.64,19.21,2185.23,47.2,23.32,Clay,1.33,8.79,8.65,East,1311,Rabi,Drip,242.06,3.76,9.97
potato,169,96,52,7.56,22.99,711.01,59.32,28.04,Sandy,1.32,8.79,7.29,South,540,Rabi,Sprinkler,242.96,18.02,25.23
potato,140,39,122,5.86,38.54,1409.38,70.26,47.9,Loamy,0.89,4.57,5.43,Central,875,Kharif,Drip,150.28,2.37,24.19
cotton,67,22,55,5.44,22.9,1545.62,30.01,62.27,Sandy,1.26,7.14,17.23,East,727,Rabi,Drip,318.86,6.24,7.72
potato,106,35,103,7.16,12.76,864.94,46.48,45.79,Clay,1.01,5.66,2.45,Central,1983,Rabi,Drip,148.48,13.9,24.22
potato,122,16,45,5.68,14.41,512.4,52.78,16.32,Loamy,0.84,6.79,5.66,East,1554,Zaid,Canal,248.57,11.2,22.18
sugarcane,176,36,148,6.45,20.58,1723.67,85.85,47.54,Clay,0.52,5.67,6.88,West,1987,Zaid,Canal,326.31,12.91,77.63
sugarcane,96,86,109,5.25,15.53,2387.79,57.85,62.24,Clay,1.48,6.91,14.9,East,1496,Kharif,Canal,348.28,12.61,79.24
rice,165,86,65,7.26,11.82,1729.53,60.42,32.93,Clay,0.84,8.5,17.18,Central,222,Zaid,Rainfed,119.58,13.81,7.24
sugarcane,37,82,61,6.18,15.26,1876.93,69.85,61.68,Clay,0.61,5.08,1.13,South,1600,Kharif,Drip,311.79,7.32,78.43
maize,151,78,74,5.28,13.16,1776.9,57.09,48.53,Clay,0.61,5.53,17.32,West,818,Zaid,Canal,266.71,10.25,8.68
sugarcane,113,33,75,7.32,16.08,1441.12,55.94,24.49,Sandy,0.61,6.5,17.35,Central,2128,Zaid,Sprinkler,81.06,18.57,73.33
sugarcane,161,96,137,5.15,39.89,668.24,88.46,22.27,Silt,0.3,10.86,16.49,South,948,Kharif,Canal,110.9,21.69,74.73
cotton,114,67,95,6.75,23.36,805.92,78.74,23.81,Silt,0.87,8.45,16.63,West,102,Rabi,Drip,208.02,0.73,6.24
sugarcane,74,66,82,6.87,29.76,1119.39,72.11,49.96,Clay,1.46,10.41,14.64,North,433,Kharif,Canal,207.71,9.85,74.63
maize,165,61,102,7.96,14.96,1035.28,58.83,44.48,Clay,0.33,9.99,6.1,Central,431,Zaid,Rainfed,287.71,9.51,8.97
potato,116,96,118,5.31,35.48,1603.99,50.78,37.78,Clay,1.54,7.91,14.62,West,1362,Rabi,Canal,185.58,13.39,22.99
cotton,45,68,61,7.02,18.01,1352.03,65.51,28.17,Loamy,0.53,5.93,9.31,South,1134,Zaid,Drip,268.07,0.03,7.93
wheat,106,58,115,6.09,39.47,1892.21,56.77,60.36,Clay,1.23,5.8,10.19,West,1704,Zaid,Drip,348.64,7.47,12.23
sugarcane,38,21,129,6.16,35.1,2400.83,58.0,25.69,Loamy,1.32,7.98,1.39,North,654,Zaid,Rainfed,335.74,15.48,77.87
sugarcane,89,15,89,6.51,38.53,422.78,43.3,29.18,Sandy,1.26,7.9,9.08,West,1000,Kharif,Sprinkler,217.31,5.75,74.41
cotton,107,77,47,5.59,30.05,1456.01,77.48,17.75,Silt,0.74,7.92,5.6,North,1660,Rabi,Canal,282.9,1.39,6.52
maize,106,53,145,6.37,29.74,839.12,77.46,28.77,Clay,1.21,6.57,6.74,Central,2069,Zaid,Canal,159.18,5.83,9.45
wheat,100,33,111,7.14,35.23,2575.56,48.06,61.14,Silt,0.91,8.95,9.08,West,1717,Rabi,Sprinkler,286.7,21.1,9.58
wheat,44,45,59,6.35,31.46,1661.13,47.35,24.38,Sandy,0.5,6.86,12.69,East,1868,Rabi,Rainfed,244.67,6.79,8.31
sugarcane,100,91,61,4.94,28.19,2510.47,46.68,25.2,Silt,0.56,6.46,2.29,South,1685,Zaid,Rainfed,184.88,11.55,76.34
cotton,131,38,137,5.68,20.75,1975.82,39.76,45.0,Sandy,0.33,7.54,11.28,East,1671,Kharif,Canal,200.03,2.91,7.43
potato,51,83,24,5.99,16.69,638.16,81.49,43.35,Clay,0.73,10.26,6.11,East,2138,Zaid,Rainfed,190.43,18.28,23.92
sugarcane,142,97,120,6.01,33.47,2416.95,45.93,23.8,Sandy,1.25,8.94,15.06,West,1316,Zaid,Drip,249.2,10.68,77.93
potato,30,79,80,5.08,21.58,1093.62,71.92,22.71,Clay,1.56,9.7,16.2,South,1055,Rabi,Sprinkler,264.03,4.69,22.32
rice,39,47,60,6.33,11.84,2158.89,35.98,20.85,Silt,0.47,7.74,2.69,Central,914,Rabi,Sprinkler,201.91,24.19,10.47
sugarcane,139,73,130,7.15,24.39,1571.17,74.12,58.05,Sandy,0.76,7.81,15.87,South,389,Kharif,Canal,309.96,20.97,75.18
rice,142,47,28,4.97,29.73,2125.5,38.84,47.72,Loamy,0.54,10.02,10.2,North,1554,Kharif,Rainfed,334.43,9.32,11.86
rice,79,46,81,7.35,10.69,1618.9,39.53,62.67,Loamy,1.29,5.02,3.79,West,1542,Rabi,Drip,256.2,3.06,9.76
cotton,41,73,73,8.05,31.15,2619.88,79.89,23.29,Loamy,1.5,10.73,1.16,East,1912,Zaid,Drip,115.34,15.44,9.03
potato,118,55,123,4.83,16.74,1575.31,47.46,38.03,Clay,0.45,7.64,11.28,Central,110,Rabi,Drip,111.56,19.53,22.39
rice,141,26,145,5.46,16.67,451.76,40.34,52.15,Sandy,1.47,6.28,10.04,West,1776,Kharif,Canal,349.82,21.91,11.01
wheat,107,87,53,6.65,26.89,1430.58,62.21,25.68,Loamy,0.65,6.2,13.17,Central,771,Rabi,Rainfed,212.06,10.54,10.52
wheat,150,25,61,5.54,20.12,2718.65,34.49,49.23,Clay,0.59,4.29,9.62,Central,894,Rabi,Canal,251.85,5.28,10.22
potato,52,33,33,7.4,23.52,2274.0,72.63,38.69,Loamy,0.37,6.02,1.38,North,2037,Rabi,Rainfed,207.08,5.35,26.89
maize,163,68,52,5.86,25.39,1878.86,80.48,36.54,Silt,0.4,7.0,8.35,South,2109,Kharif,Sprinkler,251.94,0.45,12.24
cotton,54,71,137,5.8,37.63,678.25,44.9,47.25,Silt,0.39,8.9,15.3,West,1248,Rabi,Canal,192.86,19.73,7.8
rice,47,56,117,4.8,16.15,757.89,71.88,38.38,Silt,0.88,5.95,7.5,Central,1372,Zaid,Sprinkler,313.31,12.66,8.98
sugarcane,170,85,111,5.72,23.93,2105.88,33.23,56.0,Loamy,1.16,8.6,5.46,South,1998,Rabi,Drip,140.6,23.13,77.82
cotton,72,45,119,5.54,33.58,2126.65,58.68,61.53,Clay,0.54,8.2,5.95,East,20,Zaid,Rainfed,348.53,4.29,9.03
rice,107,66,106,5.97,16.16,1233.38,87.12,44.44,Loamy,0.58,7.13,2.79,North,14,Rabi,Rainfed,239.13,7.79,10.45
rice,57,16,143,5.3,12.47,2786.29,62.28,30.03,Clay,0.52,4.07,7.52,North,649,Rabi,Sprinkler,85.87,21.44,9.11
wheat,175,97,51,6.82,10.53,2028.65,54.65,53.86,Loamy,1.35,8.12,14.24,South,528,Kharif,Sprinkler,192.36,15.42,11.93
cotton,88,52,120,5.61,13.11,2536.23,30.35,23.52,Clay,0.48,4.77,2.02,East,2048,Kharif,Canal,175.18,8.88,7.82
potato,92,46,58,7.63,18.24,415.79,45.36,19.75,Loamy,0.4,4.09,16.58,South,1280,Zaid,Sprinkler,330.75,6.7,22.82
rice,121,24,113,5.77,22.28,1858.94,55.71,40.94,Sandy,0.35,4.7,8.67,North,496,Rabi,Canal,146.2,14.6,9.93
maize,85,22,29,5.52,27.81,2173.83,52.65,47.34,Sandy,0.35,5.35,12.17,Central,1719,Zaid,Rainfed,195.08,9.64,10.03
cotton,140,89,119,4.99,16.0,2293.37,56.34,56.75,Clay,1.01,7.4,7.34,East,1066,Kharif,Drip,269.69,6.62,10.7
cotton,166,34,77,7.32,18.09,1981.01,31.42,62.76,Silt,0.42,9.27,5.53,Central,946,Kharif,Canal,85.87,9.43,9.06
potato,97,34,120,6.53,30.97,1814.81,61.87,58.67,Silt,0.59,10.61,2.6,Central,2147,Rabi,Canal,114.04,17.66,25.09
rice,75,23,83,5.19,37.27,2165.31,45.08,64.43,Silt,1.38,6.0,9.02,West,62,Kharif,Rainfed,250.21,10.49,8.16
cotton,96,86,38,5.55,14.07,396.33,54.04,38.78,Clay,1.56,7.92,8.12,Central,1156,Zaid,Drip,89.23,11.87,5.53
wheat,165,29,120,8.2,24.18,2178.34,83.18,30.83,Sandy,1.42,10.97,10.73,North,544,Rabi,Sprinkler,143.11,16.67,8.21
wheat,35,77,136,7.54,18.86,1124.0,79.69,37.99,Clay,1.55,8.11,7.83,North,169,Zaid,Rainfed,180.59,12.11,9.42
sugarcane,53,35,90,5.99,25.84,2202.58,53.88,47.21,Loamy,1.17,8.13,8.61,East,1734,Kharif,Rainfed,123.9,23.81,73.76
wheat,123,19,59,6.64,13.57,2242.7,33.24,40.36,Loamy,1.58,5.14,14.4,West,2047,Kharif,Canal,155.02,1.75,9.29
sugarcane,42,49,32,6.21,18.13,991.46,83.33,46.71,Loamy,0.95,6.19,3.16,South,1242,Kharif,Sprinkler,129.49,16.87,72.54
sugarcane,54,99,120,4.92,31.27,2087.94,53.94,59.34,Loamy,1.33,5.33,7.93,Central,470,Kharif,Drip,285.17,21.56,76.02
rice,177,82,143,7.45,34.58,1122.33,58.77,23.29,Loamy,1.56,10.48,3.37,Central,1227,Rabi,Rainfed,130.24,6.77,7.83
sugarcane,147,62,101,7.24,28.65,2111.91,35.14,21.01,Loamy,1.22,7.25,16.93,West,1515,Rabi,Rainfed,288.18,10.32,76.62
rice,111,94,107,6.19,38.33,774.66,71.55,39.93,Silt,1.54,6.5,15.09,East,1111,Rabi,Drip,131.94,9.56,9.35
sugarcane,140,76,124,7.68,29.59,494.18,72.73,64.09,Silt,0.63,9.13,15.4,East,902,Rabi,Canal,78.14,22.78,72.23
maize,111,49,149,6.62,32.4,1770.59,54.52,17.95,Loamy,0.69,6.43,3.33,West,1186,Zaid,Sprinkler,317.75,7.92,9.86
sugarcane,95,84,35,5.02,20.72,782.69,83.33,64.33,Clay,0.82,10.08,15.88,North,1057,Rabi,Sprinkler,270.04,13.65,74.83
potato,74,35,33,5.68,15.1,2536.62,32.92,63.39,Sandy,0.9,8.73,3.43,East,1599,Zaid,Rainfed,121.81,4.09,27.14
cotton,143,94,147,6.37,29.74,695.73,48.45,29.63,Loamy,1.47,4.31,8.92,East,653,Rabi,Canal,148.3,1.06,6.96
rice,92,53,79,5.15,37.57,1817.64,42.41,59.55,Loamy,1.45,7.92,2.7,Central,631,Rabi,Canal,126.93,16.6,10.11
wheat,105,48,36,6.74,39.46,2042.99,71.87,15.39,Clay,1.16,9.76,16.81,North,2089,Zaid,Canal,273.98,13.7,9.96
maize,143,29,64,5.21,23.5,306.33,42.28,37.7,Silt,0.6,10.59,17.72,North,1013,Zaid,Drip,63.74,2.15,6.5
maize,140,20,57,5.48,26.19,2473.78,72.16,35.11,Clay,0.61,6.12,8.2,West,66,Rabi,Drip,339.28,23.92,12.65
wheat,176,80,143,7.84,19.34,2116.76,77.79,60.13,Sandy,1.12,6.04,17.14,East,1940,Rabi,Canal,168.34,10.75,6.78
sugarcane,64,70,123,8.2,30.18,2223.8,76.99,38.61,Sandy,0.95,7.82,2.58,West,1279,Rabi,Drip,143.07,12.0,73.52
sugarcane,82,63,83,6.67,32.96,440.78,31.68,35.9,Clay,0.64,4.12,16.48,Central,876,Kharif,Sprinkler,287.27,11.82,75.67
rice,55,15,140,6.91,11.24,1180.23,85.83,46.98,Loamy,0.52,6.07,6.85,South,1908,Zaid,Rainfed,153.24,12.76,9.63
wheat,43,79,25,7.51,35.4,1905.75,72.88,33.79,Silt,1.24,9.37,12.35,West,2140,Kharif,Canal,225.24,12.06,8.94
maize,147,42,131,7.17,25.41,872.3,78.77,41.83,Loamy,1.36,10.04,7.08,North,1132,Kharif,Sprinkler,178.38,20.9,10.17
rice,74,34,121,5.42,27.39,2379.92,68.74,62.78,Loamy,0.64,6.75,11.18,West,212,Kharif,Sprinkler,241.9,11.74,11.72
sugarcane,80,62,68,6.2,16.19,1320.72,61.75,25.13,Loamy,0.85,10.41,4.9,West,1836,Rabi,Sprinkler,89.04,13.9,73.76
wheat,148,86,40,6.62,10.31,2302.72,68.68,37.95,Loamy,1.23,5.98,11.63,North,1107,Kharif,Canal,171.64,7.68,8.19
rice,48,79,42,6.02,38.57,2490.36,51.61,15.77,Silt,0.91,4.27,9.65,East,1694,Kharif,Canal,321.63,13.49,11.12
sugarcane,111,65,95,5.4,37.85,1488.74,57.47,57.11,Clay,1.55,5.16,7.16,Central,812,Kharif,Rainfed,342.93,15.16,75.69
cotton,105,57,83,7.3,33.23,867.96,72.75,19.6,Sandy,0.47,10.07,8.47,East,1734,Rabi,Drip,93.24,18.47,4.41
potato,121,63,46,5.48,24.21,1252.76,70.06,19.74,Sandy,1.41,10.78,9.49,North,1506,Kharif,Rainfed,250.99,21.1,24.81
rice,62,39,90,5.69,19.53,1548.5,65.61,59.14,Silt,0.7,8.25,8.07,North,1878,Rabi,Canal,179.42,16.1,7.92
sugarcane,176,88,126,5.77,14.68,1438.23,32.95,35.46,Clay,1.19,9.11,2.19,North,1244,Kharif,Rainfed,163.28,3.5,75.97
sugarcane,57,90,77,5.35,12.43,311.68,47.27,49.36,Silt,0.63,9.84,14.39,Central,365,Zaid,Canal,65.77,2.39,70.8
potato,152,55,54,7.69,23.72,511.22,66.21,57.89,Loamy,1.56,5.34,12.29,East,1041,Rabi,Drip,92.7,14.74,22.9
maize,155,85,140,6.88,33.77,1440.65,57.82,33.72,Silt,0.37,7.85,12.58,East,285,Zaid,Drip,127.5,6.44,10.61
cotton,66,78,149,7.64,31.78,1392.18,50.28,28.08,Clay,0.97,10.57,1.88,East,2024,Zaid,Canal,193.93,19.78,7.08
rice,128,75,139,6.48,32.68,2525.11,73.02,23.48,Sandy,1.48,6.49,14.14,North,382,Kharif,Canal,253.86,23.22,11.16
wheat,127,26,24,6.57,13.56,991.74,53.22,45.36,Silt,0.91,10.93,14.19,South,1154,Kharif,Sprinkler,220.5,10.66,9.02
rice,156,95,90,6.89,35.88,2743.44,84.5,27.61,Sandy,1.39,8.94,14.51,West,2042,Zaid,Drip,184.7,15.37,11.88
maize,109,83,105,6.06,34.12,2731.3,61.9,46.71,Sandy,1.53,8.7,11.45,West,1558,Kharif,Drip,241.09,17.26,13.68
wheat,67,28,114,6.49,12.82,771.1,59.01,30.86,Sandy,0.39,4.21,9.75,North,1684,Zaid,Sprinkler,184.93,19.35,8.45
maize,106,48,60,6.66,20.7,361.17,50.23,32.39,Clay,0.94,4.07,15.84,North,1966,Kharif,Canal,165.13,12.15,10.51
wheat,155,62,94,8.04,21.26,794.48,38.05,27.46,Loamy,1.19,5.11,10.9,North,986,Kharif,Drip,342.87,1.36,7.36
wheat,116,75,102,7.8,32.05,1348.66,30.58,35.92,Loamy,1.38,10.53,2.58,South,101,Kharif,Rainfed,304.79,4.64,9.31
potato,83,95,57,5.24,35.81,1218.57,70.61,23.11,Clay,0.51,9.55,6.92,Central,1954,Rabi,Canal,89.67,1.25,22.17
potato,179,49,61,4.94,21.27,1483.97,33.92,30.99,Loamy,1.04,7.61,13.12,Central,1347,Kharif,Sprinkler,253.22,12.88,24.56
potato,45,79,75,7.11,13.93,2029.58,49.5,53.89,Loamy,0.51,7.44,7.99,North,1809,Rabi,Rainfed,348.61,14.53,28.73
maize,57,73,90,4.97,12.48,1595.17,82.54,25.78,Loamy,1.28,4.9,14.6,North,133,Rabi,Sprinkler,239.18,0.58,8.24
maize,75,50,74,5.01,29.17,1161.94,58.69,62.36,Silt,0.67,6.71,8.94,South,808,Zaid,Rainfed,125.08,7.46,9.53
potato,101,93,41,5.34,24.94,1989.26,83.0,39.65,Loamy,0.65,5.05,7.55,South,1967,Rabi,Rainfed,254.42,23.04,25.01
rice,114,33,46,6.0,37.06,1135.48,33.69,20.35,Silt,1.3,5.91,6.94,West,1422,Rabi,Canal,114.05,1.29,6.75
maize,55,56,124,6.28,38.61,1181.65,80.6,62.15,Sandy,1.39,4.04,6.35,South,1177,Zaid,Rainfed,297.84,12.09,10.22
potato,114,83,57,6.57,36.94,1158.08,85.89,37.83,Silt,0.75,6.67,9.15,North,49,Rabi,Sprinkler,212.75,16.77,25.39
potato,94,33,131,8.17,12.27,1060.02,84.82,42.85,Loamy,0.95,8.69,11.19,Central,630,Rabi,Sprinkler,138.97,7.3,21.47
sugarcane,163,53,58,6.11,18.53,2051.27,50.19,24.26,Clay,1.2,8.81,16.72,East,1565,Zaid,Drip,160.56,22.47,74.7
cotton,144,83,138,5.63,17.16,737.45,35.71,31.67,Sandy,1.27,6.92,13.44,South,2134,Kharif,Canal,267.88,3.67,7.32
maize,93,66,79,6.76,12.06,2235.88,84.9,50.18,Sandy,1.3,9.11,4.59,East,1185,Kharif,Drip,93.51,17.33,10.39
potato,116,26,63,5.53,37.55,2606.43,39.44,21.2,Silt,0.81,6.97,8.72,North,1775,Rabi,Canal,322.65,10.39,25.73
rice,136,97,62,8.0,36.84,990.7,62.76,43.52,Clay,1.0,10.32,6.21,West,2093,Zaid,Drip,94.89,6.34,9.43
wheat,125,61,42,5.68,21.72,2060.2,54.45,49.68,Loamy,0.44,6.21,5.13,North,1602,Kharif,Sprinkler,179.8,11.21,8.65
maize,106,90,141,8.17,38.76,1809.95,87.47,15.09,Silt,1.53,8.22,12.19,South,1275,Rabi,Canal,281.65,13.68,9.81
maize,175,50,103,6.22,26.9,1048.82,54.96,56.88,Silt,1.21,4.71,2.92,West,2066,Zaid,Drip,286.97,5.87,12.07
cotton,116,77,125,7.56,23.02,890.91,52.22,17.82,Sandy,0.79,7.5,1.44,West,1778,Rabi,Sprinkler,88.25,22.92,6.49
potato,178,90,83,7.0,26.49,2659.65,65.21,27.35,Silt,0.81,6.65,8.03,Central,1388,Kharif,Rainfed,140.15,2.66,26.55
wheat,86,96,144,7.97,22.66,2042.78,61.67,63.18,Clay,0.42,5.8,3.34,North,457,Rabi,Drip,161.61,14.0,8.93
wheat,132,65,71,6.93,18.76,1911.65,57.13,19.05,Silt,0.89,6.22,9.69,North,1424,Zaid,Canal,325.49,12.03,10.95
cotton,120,57,67,6.78,15.43,2792.36,60.16,56.3,Silt,1.17,6.23,10.35,East,542,Rabi,Drip,193.87,21.58,9.51
wheat,74,48,80,7.02,23.82,1183.4,35.91,47.6,Clay,1.54,7.39,3.82,Central,475,Kharif,Drip,321.01,11.27,10.96
sugarcane,117,63,36,7.47,25.92,871.94,86.09,44.92,Silt,1.14,9.9,12.84,East,1848,Zaid,Canal,308.36,14.9,74.13
rice,144,32,59,7.86,34.65,1124.43,45.02,44.08,Loamy,1.15,7.41,2.94,South,2141,Rabi,Canal,71.17,23.12,7.6
potato,76,75,94,5.71,24.2,725.37,64.21,23.32,Silt,1.32,5.46,11.5,East,1766,Rabi,Drip,262.55,1.23,24.77
sugarcane,164,71,108,5.48,34.88,2612.44,32.13,48.44,Loamy,0.96,4.48,11.97,East,1500,Kharif,Sprinkler,315.27,13.01,77.86
sugarcane,79,19,88,4.92,38.64,2042.23,47.74,62.58,Clay,0.34,6.45,14.76,West,204,Kharif,Drip,166.24,23.1,75.21
maize,113,38,104,6.06,31.64,1812.38,71.32,18.85,Loamy,1.46,5.1,16.08,East,1730,Rabi,Rainfed,200.48,2.46,10.92
potato,120,78,45,7.68,13.59,2316.41,57.44,31.62,Clay,0.82,9.85,12.39,West,566,Zaid,Canal,128.27,22.1,24.75
maize,163,73,59,5.04,23.84,1589.61,73.81,38.61,Loamy,1.58,10.96,11.55,South,1323,Zaid,Rainfed,211.52,0.51,9.88
maize,120,52,115,6.63,35.7,776.92,39.32,26.61,Loamy,0.83,9.94,12.51,East,1353,Kharif,Rainfed,162.48,20.57,9.14
sugarcane,166,47,136,7.16,24.75,685.63,89.28,52.04,Clay,1.17,6.69,9.97,Central,224,Zaid,Canal,268.28,21.8,75.78
potato,138,24,92,7.65,34.32,1606.57,56.74,49.43,Clay,0.9,4.57,11.49,South,1273,Zaid,Canal,128.87,0.25,23.68
wheat,86,51,64,6.78,33.28,2313.66,62.33,20.89,Loamy,0.6,8.97,16.4,West,1509,Rabi,Drip,208.07,5.61,7.15
sugarcane,60,25,36,5.43,14.8,854.14,45.45,43.47,Clay,1.51,8.68,12.8,Central,2072,Rabi,Canal,195.87,10.56,72.66
potato,50,38,96,8.08,19.88,2062.28,50.35,33.44,Sandy,1.12,4.47,6.12,South,442,Rabi,Canal,176.98,11.38,23.59
potato,119,85,110,5.12,32.92,924.51,69.28,26.42,Silt,0.89,9.52,13.15,North,937,Kharif,Drip,132.65,15.7,22.37
rice,69,35,125,7.41,14.78,1382.06,50.5,57.41,Loamy,0.49,9.77,2.54,North,1409,Zaid,Rainfed,266.74,1.92,10.52
maize,141,34,120,5.09,22.68,452.88,73.11,17.73,Sandy,1.6,9.02,8.7,South,698,Zaid,Canal,124.24,0.47,7.18
cotton,74,24,122,5.29,14.12,1558.11,47.15,38.37,Sandy,1.46,9.09,7.68,South,138,Zaid,Rainfed,321.35,4.83,9.44
rice,106,61,43,7.85,17.07,723.21,75.93,38.77,Sandy,0.85,8.83,6.68,East,936,Rabi,Canal,236.44,19.7,8.05
rice,116,61,92,7.36,18.57,2410.72,70.5,43.51,Clay,0.52,7.05,11.6,East,219,Zaid,Canal,344.84,7.98,11.66
maize,177,29,140,6.04,25.91,2693.45,42.73,24.88,Silt,0.34,8.31,3.88,South,131,Rabi,Rainfed,326.16,17.92,13.08
cotton,130,58,125,6.97,37.36,509.67,33.0,58.56,Loamy,0.5,8.32,17.01,Central,666,Kharif,Drip,102.2,10.0,4.96
maize,146,76,54,6.35,21.57,1634.51,85.81,63.27,Silt,0.99,7.76,5.38,West,1453,Kharif,Sprinkler,286.98,16.73,11.87
maize,121,20,36,5.03,35.5,2060.31,44.11,42.45,Loamy,1.36,8.23,12.79,South,65,Zaid,Sprinkler,111.04,0.26,8.59
cotton,174,80,112,7.25,30.86,463.34,64.63,27.81,Silt,0.77,6.8,8.44,North,1002,Kharif,Rainfed,332.69,1.22,8.05
cotton,57,90,128,7.4,33.41,1684.18,47.87,58.84,Silt,0.86,8.75,4.48,East,1718,Zaid,Canal,258.02,18.26,8.59
sugarcane,54,18,69,7.8,32.87,2641.74,69.49,64.41,Sandy,0.92,5.59,8.21,East,1701,Rabi,Drip,114.46,23.4,73.86
rice,87,37,133,6.64,19.06,1616.31,72.08,52.09,Clay,0.32,9.97,7.16,North,388,Rabi,Rainfed,109.25,3.27,9.84
sugarcane,70,27,43,7.09,17.09,1852.51,34.46,31.69,Loamy,0.53,9.96,14.27,Central,264,Kharif,Sprinkler,276.79,9.13,75.94
maize,163,95,56,6.29,39.33,1118.94,33.0,26.8,Loamy,0.95,7.49,12.2,South,380,Zaid,Rainfed,239.29,19.84,11.04
wheat,104,45,30,5.88,32.13,1837.87,89.44,22.83,Loamy,0.66,7.48,15.16,Central,1867,Zaid,Rainfed,98.52,2.96,8.39
sugarcane,67,30,118,6.2,20.97,2520.01,76.08,26.75,Sandy,0.98,6.79,1.71,Central,306,Kharif,Sprinkler,205.73,7.6,76.93
cotton,163,55,74,7.9,26.63,1123.34,45.7,26.37,Sandy,0.44,4.32,15.16,South,424,Zaid,Sprinkler,299.7,6.08,6.62
wheat,104,15,46,5.36,33.28,2230.53,59.48,63.37,Sandy,1.34,5.0,8.0,Central,814,Zaid,Drip,103.15,12.65,9.81
wheat,171,26,86,5.64,11.67,1726.7,87.48,47.16,Sandy,1.32,9.0,5.4,North,1627,Zaid,Sprinkler,63.92,3.73,10.14
sugarcane,95,70,21,6.86,12.97,943.1,62.63,23.35,Sandy,1.17,5.0,4.47,South,1610,Zaid,Rainfed,98.45,12.76,72.15
maize,32,64,87,5.2,10.75,1278.44,55.16,39.4,Silt,0.99,6.88,6.89,East,2079,Zaid,Canal,113.64,16.54,7.75
potato,146,34,82,7.83,14.92,1194.83,32.25,24.23,Loamy,0.81,6.48,6.89,South,560,Rabi,Rainfed,243.33,12.21,24.15
wheat,128,80,91,4.96,13.58,1471.08,65.09,45.3,Silt,1.19,5.54,3.42,East,707,Zaid,Drip,157.83,2.93,8.55
rice,48,50,149,7.37,23.89,581.92,82.9,32.07,Sandy,1.32,7.7,11.19,West,303,Kharif,Drip,90.38,0.79,6.5
sugarcane,175,93,102,6.07,18.62,677.17,62.57,24.78,Clay,1.35,6.54,2.4,South,1449,Kharif,Sprinkler,174.98,24.62,74.01
cotton,145,52,61,4.97,11.37,1246.09,76.91,27.14,Sandy,0.75,9.32,9.5,East,125,Rabi,Rainfed,230.29,17.61,5.34
rice,154,36,126,7.67,23.48,1704.87,83.16,48.75,Sandy,0.55,8.47,7.66,Central,971,Zaid,Sprinkler,148.64,21.8,9.34
cotton,117,75,47,6.98,27.36,1844.87,54.44,35.4,Sandy,0.74,7.36,14.86,West,1925,Zaid,Sprinkler,229.07,0.09,6.65
maize,64,64,124,4.83,21.11,2575.96,54.69,40.66,Loamy,0.31,8.03,4.74,South,1432,Rabi,Drip,324.38,20.13,12.89
cotton,30,73,131,5.71,17.81,1722.29,85.28,56.07,Loamy,0.85,7.02,10.52,East,251,Kharif,Rainfed,176.57,23.36,8.02
potato,155,34,34,6.0,21.71,2124.48,50.44,47.77,Clay,0.66,9.48,3.01,Central,738,Kharif,Sprinkler,333.06,5.36,27.13
cotton,118,50,129,5.9,25.6,1504.3,69.69,38.12,Loamy,1.33,10.72,13.19,East,176,Rabi,Canal,309.45,7.15,8.56
maize,173,29,92,6.49,23.08,1608.41,67.19,62.7,Sandy,1.18,9.37,6.52,South,1186,Zaid,Sprinkler,66.31,14.89,10.67
wheat,176,76,109,6.59,12.8,1774.81,59.11,25.73,Clay,0.33,10.03,17.3,North,1659,Zaid,Canal,254.02,4.2,9.24
maize,54,17,56,6.15,23.71,1605.34,68.52,29.45,Clay,0.49,9.49,16.42,North,2182,Kharif,Sprinkler,158.63,0.76,10.06
wheat,45,19,23,5.93,31.61,1073.58,72.19,60.57,Clay,1.0,6.85,9.14,South,1723,Rabi,Drip,133.8,19.41,8.88
rice,102,70,103,6.51,34.6,2743.3,85.49,57.66,Sandy,1.1,9.98,14.42,Central,1128,Kharif,Rainfed,273.78,20.4,13.06
maize,158,45,79,4.91,23.19,1846.84,78.05,21.5,Loamy,1.3,4.27,2.26,West,1158,Rabi,Canal,271.44,15.13,10.49
sugarcane,71,49,105,6.99,39.81,1165.34,51.48,61.5,Silt,1.56,10.2,14.3,East,1743,Zaid,Sprinkler,259.43,11.43,77.31
rice,176,85,90,6.86,35.29,2296.55,55.93,15.51,Loamy,1.21,7.29,8.61,Central,1560,Zaid,Sprinkler,71.12,14.57,9.71
cotton,109,84,50,5.75,16.46,709.42,84.22,56.12,Silt,1.01,6.31,2.61,East,470,Rabi,Rainfed,231.93,10.0,8.72
rice,133,40,36,5.41,23.7,2781.31,46.26,28.94,Sandy,0.84,7.68,5.73,North,1243,Kharif,Canal,232.65,6.48,9.52
sugarcane,175,15,26,5.05,18.86,2272.0,49.49,24.43,Loamy,1.26,8.82,6.09,West,771,Kharif,Canal,340.4,2.35,75.12
cotton,63,97,145,6.8,26.51,543.69,71.35,37.44,Sandy,1.52,8.31,13.18,South,298,Kharif,Canal,286.18,7.0,8.44
wheat,118,21,102,6.73,16.72,2420.68,36.65,59.85,Sandy,0.85,8.33,14.37,South,1068,Kharif,Rainfed,164.65,13.77,9.95
maize,154,50,47,6.61,11.06,946.42,77.23,54.29,Clay,1.06,4.7,10.07,North,647,Kharif,Sprinkler,244.78,0.64,11.06
rice,74,90,29,8.15,37.13,1894.57,86.9,63.35,Loamy,0.57,9.1,6.62,South,1201,Rabi,Rainfed,318.11,21.27,9.27
sugarcane,163,98,46,6.61,25.59,712.85,68.59,42.05,Clay,1.41,8.98,7.93,West,1629,Kharif,Canal,296.05,12.65,75.17
sugarcane,50,39,146,7.25,37.45,2076.89,34.33,40.53,Loamy,1.23,4.81,11.62,West,1123,Kharif,Rainfed,185.91,14.31,74.96
sugarcane,151,73,62,5.18,13.54,2193.46,44.31,15.65,Sandy,0.76,4.31,11.74,South,443,Zaid,Canal,328.39,6.29,76.35
maize,99,75,88,5.82,14.54,2428.95,35.85,24.03,Clay,1.44,10.88,4.08,Central,1694,Zaid,Canal,342.37,24.8,12.48
rice,125,43,82,5.74,16.79,1519.51,48.55,39.88,Sandy,1.56,9.22,9.51,South,36,Kharif,Drip,282.97,10.9,10.59
potato,134,32,89,6.76,23.71,1683.65,86.37,52.63,Silt,0.68,8.24,10.65,West,1763,Zaid,Sprinkler,110.96,5.12,25.92
cotton,77,55,118,5.92,36.4,837.51,51.55,56.13,Sandy,0.54,6.21,13.74,North,497,Rabi,Canal,276.72,23.85,8.09
cotton,68,33,90,6.98,29.51,1589.24,41.06,29.16,Silt,1.38,5.93,8.94,South,355,Rabi,Rainfed,176.74,0.27,7.2
sugarcane,60,18,112,7.15,11.65,1629.56,69.69,50.62,Silt,1.06,4.95,16.92,Central,378,Zaid,Drip,130.84,24.04,74.75
cotton,39,79,30,4.91,22.22,2323.08,83.98,56.43,Clay,1.45,8.26,12.32,South,1907,Zaid,Canal,93.34,7.93,7.4
potato,59,55,141,6.98,31.7,2078.08,32.07,33.74,Clay,0.75,8.03,13.28,East,190,Zaid,Canal,89.57,18.59,25.39
rice,47,29,37,5.2,19.67,2045.72,70.11,49.78,Loamy,1.06,10.55,10.97,South,1927,Zaid,Sprinkler,177.0,8.15,9.16
cotton,117,68,86,6.38,24.78,374.14,47.35,36.86,Loamy,1.05,8.39,15.37,West,865,Zaid,Sprinkler,222.93,15.18,7.51
maize,154,78,116,7.27,31.34,1665.88,52.44,64.28,Clay,0.54,7.16,7.11,South,6,Kharif,Drip,256.48,14.17,12.18
maize,102,86,53,7.19,38.95,2781.68,44.23,15.33,Loamy,1.59,10.28,1.54,South,1256,Kharif,Rainfed,311.26,20.65,12.03
maize,44,29,63,5.82,20.0,2180.54,84.37,35.72,Sandy,1.16,8.3,2.95,North,1198,Zaid,Drip,102.02,14.91,8.92
cotton,33,93,114,5.73,32.33,2387.05,83.16,28.19,Sandy,1.16,9.0,8.28,East,1583,Zaid,Sprinkler,151.03,22.1,7.16
potato,38,64,110,6.3,32.42,1533.95,66.29,57.49,Sandy,0.69,8.39,7.67,North,1031,Rabi,Sprinkler,69.48,20.84,23.28
rice,138,36,130,5.44,26.28,2379.99,30.96,29.36,Sandy,1.15,5.19,8.6,West,86,Zaid,Drip,252.78,10.67,12.0
maize,166,32,90,8.11,34.4,2342.39,86.79,42.19,Sandy,1.38,4.87,10.16,Central,1438,Zaid,Drip,66.6,14.27,10.1
sugarcane,161,94,72,5.97,26.08,1625.03,58.04,52.01,Silt,1.36,8.37,7.93,North,1839,Zaid,Canal,73.4,20.59,75.01
potato,45,16,90,7.94,28.75,1720.98,59.34,39.86,Sandy,1.5,10.4,1.79,West,665,Rabi,Drip,233.46,22.43,23.79
potato,172,50,72,7.89,35.12,430.1,76.38,35.52,Loamy,0.49,10.75,14.6,East,1359,Rabi,Rainfed,116.16,2.23,23.35
sugarcane,128,34,127,6.04,24.29,2432.71,66.82,17.13,Clay,0.54,10.97,16.89,South,49,Zaid,Sprinkler,250.78,20.21,75.96
potato,150,30,38,5.66,24.34,634.82,37.28,16.15,Clay,1.22,9.91,10.84,North,182,Rabi,Drip,163.31,13.46,21.78
sugarcane,81,81,85,7.42,27.73,1051.98,36.32,62.87,Loamy,1.35,6.55,8.96,South,1676,Rabi,Sprinkler,135.2,15.32,76.03
cotton,98,44,20,5.58,34.13,2161.23,45.13,47.16,Loamy,1.18,8.29,2.94,East,309,Kharif,Canal,280.55,9.65,8.43
sugarcane,34,69,125,6.57,13.82,1052.5,34.23,56.26,Loamy,0.49,8.26,16.69,Central,2098,Kharif,Rainfed,274.98,1.82,76.1
cotton,49,80,74,5.18,33.14,1563.81,79.98,39.02,Clay,1.07,7.76,7.15,South,772,Kharif,Rainfed,77.61,23.64,6.75
maize,108,40,34,6.11,18.84,685.31,32.37,28.08,Loamy,1.27,9.19,14.18,Central,1482,Rabi,Canal,270.09,23.41,7.34
rice,175,71,146,5.07,12.13,1028.84,86.76,29.73,Loamy,0.48,5.19,4.29,East,1901,Rabi,Drip,334.32,4.9,9.05
wheat,140,83,34,5.76,33.77,2135.73,36.67,17.17,Silt,0.37,5.32,16.45,East,256,Zaid,Drip,197.34,9.66,7.91
maize,31,16,140,7.06,14.35,1345.68,81.46,54.54,Silt,0.63,10.61,13.1,Central,205,Zaid,Drip,214.32,14.81,11.58
wheat,122,70,85,8.17,16.4,1707.85,44.23,44.08,Silt,0.42,9.88,6.33,North,197,Rabi,Drip,158.15,14.05,9.58
cotton,42,98,133,5.67,31.19,1192.61,69.64,39.04,Clay,0.49,9.73,13.89,East,2041,Kharif,Sprinkler,281.54,3.08,9.0
maize,33,76,91,6.41,26.94,2626.58,50.53,57.61,Loamy,0.56,7.38,6.17,East,888,Zaid,Canal,281.75,0.28,12.33
wheat,138,48,117,6.32,37.61,2440.55,34.04,37.24,Sandy,0.99,7.97,4.65,Central,2153,Rabi,Rainfed,318.58,24.5,11.51
potato,103,70,63,5.43,38.63,581.86,73.83,62.4,Clay,0.5,8.37,14.73,South,1686,Zaid,Drip,269.76,24.59,25.4
sugarcane,124,69,35,6.87,19.42,2744.21,78.47,15.66,Silt,1.09,6.06,16.81,Central,2113,Zaid,Drip,344.06,13.79,75.93
cotton,134,34,97,7.26,19.73,2323.45,47.92,64.23,Silt,0.68,6.06,1.88,West,1793,Kharif,Drip,341.32,11.03,11.26
sugarcane,37,64,71,5.3,16.29,695.93,77.07,55.79,Clay,0.7,5.26,2.48,South,1868,Rabi,Canal,178.46,23.97,74.25
sugarcane,96,39,21,7.37,25.53,404.06,57.45,32.75,Clay,1.56,7.92,16.07,South,1395,Zaid,Canal,269.24,11.77,73.0
potato,139,98,80,7.18,21.34,2532.56,73.77,44.77,Loamy,1.35,5.14,17.1,East,1987,Kharif,Sprinkler,65.28,11.81,24.63
wheat,38,39,145,5.47,10.44,2194.39,68.72,58.23,Clay,0.85,5.41,13.01,South,776,Zaid,Rainfed,171.85,3.07,8.7
maize,146,67,71,7.01,21.85,988.9,85.79,39.08,Sandy,0.88,10.32,8.32,North,2168,Kharif,Canal,178.45,9.13,10.64
rice,40,28,60,6.14,11.85,2680.01,49.68,17.55,Sandy,0.45,7.68,9.79,North,673,Rabi,Sprinkler,301.03,16.2,12.24
wheat,128,74,50,7.12,33.97,2565.36,36.6,60.18,Clay,1.4,8.33,7.31,North,993,Zaid,Canal,139.12,18.26,10.67
wheat,71,57,140,6.49,37.87,833.07,77.3,40.85,Sandy,0.31,4.94,17.05,West,418,Kharif,Sprinkler,122.07,24.89,8.98
cotton,170,76,70,4.96,18.87,1297.94,78.77,42.26,Loamy,0.49,5.44,12.59,East,1696,Kharif,Sprinkler,194.09,19.76,7.58
rice,149,90,114,7.48,29.52,418.38,31.57,15.69,Clay,0.99,4.69,17.12,Central,598,Rabi,Sprinkler,125.79,17.02,9.27
wheat,170,83,30,6.69,12.66,1070.63,37.57,20.0,Sandy,0.54,5.9,16.37,West,1589,Zaid,Drip,110.88,4.55,7.69
wheat,41,77,31,7.26,20.91,1539.94,79.93,53.87,Silt,1.12,10.17,12.65,West,933,Zaid,Sprinkler,197.48,8.99,6.12
wheat,66,16,118,5.23,27.28,458.58,66.04,36.75,Loamy,0.3,10.22,4.98,North,1078,Zaid,Canal,139.03,18.15,6.09
cotton,103,68,64,7.25,13.13,1141.94,57.17,64.9,Clay,0.43,8.72,8.64,South,704,Zaid,Sprinkler,95.29,11.9,6.64
potato,102,30,53,6.21,21.31,677.04,79.6,49.78,Clay,1.29,10.13,12.46,Central,686,Rabi,Drip,134.06,19.06,22.62
wheat,81,69,91,7.52,38.66,2608.84,44.76,62.48,Clay,1.05,5.34,8.97,East,2001,Rabi,Canal,276.76,16.55,11.65
cotton,159,57,40,6.84,14.98,2373.74,49.49,28.97,Silt,0.33,5.04,8.52,South,1080,Kharif,Drip,91.58,11.66,8.26
wheat,85,75,60,6.01,28.61,2215.86,76.41,23.81,Sandy,0.57,9.36,8.19,South,1083,Zaid,Sprinkler,87.64,8.38,8.56
cotton,89,52,41,5.49,35.0,2236.26,65.46,33.83,Clay,0.61,10.93,4.04,West,1797,Zaid,Canal,178.49,4.01,6.7
cotton,52,59,40,7.57,33.14,335.91,42.51,28.24,Sandy,1.4,9.02,7.55,West,130,Zaid,Drip,107.09,11.02,4.0
potato,132,65,90,6.7,33.14,1806.04,83.64,45.67,Loamy,1.06,4.26,17.79,North,1887,Rabi,Sprinkler,172.32,16.85,26.2
wheat,69,56,33,8.16,11.77,1777.15,89.66,52.22,Silt,1.0,5.29,5.36,East,1219,Rabi,Drip,325.65,1.81,10.68
rice,93,38,98,6.07,39.21,2781.45,38.67,35.1,Silt,0.41,5.73,6.28,East,1324,Kharif,Canal,102.83,7.93,11.79
wheat,114,44,92,7.13,31.81,1881.36,47.79,19.49,Loamy,1.15,6.96,17.38,West,1424,Kharif,Canal,268.26,3.36,9.33
rice,118,51,71,6.92,38.63,1926.44,74.97,16.32,Loamy,0.5,5.55,9.71,West,1061,Zaid,Sprinkler,82.09,7.3,9.36
cotton,60,67,95,6.97,39.38,1252.01,37.41,25.9,Clay,0.98,4.42,14.12,North,814,Rabi,Rainfed,285.52,20.17,6.38
cotton,49,77,38,7.31,20.71,1550.95,57.87,51.62,Loamy,1.07,5.81,5.19,South,960,Zaid,Drip,331.19,9.89,8.68
sugarcane,159,25,46,5.27,26.3,1288.18,43.11,26.08,Silt,1.39,6.46,7.85,Central,1473,Zaid,Sprinkler,285.66,21.8,72.95
maize,42,92,32,6.67,31.88,2578.64,69.86,60.55,Sandy,1.35,5.99,11.58,North,2058,Zaid,Drip,315.77,18.3,12.14
cotton,151,37,126,6.53,35.47,807.16,51.59,47.58,Sandy,0.55,4.19,5.26,East,573,Kharif,Sprinkler,275.05,9.16,8.74
potato,132,94,148,5.96,39.13,676.0,80.89,58.1,Sandy,1.49,10.49,7.54,East,1800,Rabi,Drip,139.72,4.05,25.72
wheat,135,64,104,6.28,39.23,2792.28,57.5,34.29,Sandy,0.3,7.79,9.09,South,807,Rabi,Rainfed,126.66,0.05,9.51
cotton,148,99,128,6.56,19.83,2627.06,62.19,64.18,Sandy,0.73,9.94,15.31,South,1848,Kharif,Rainfed,321.0,10.62,9.05
rice,99,69,134,5.89,30.41,1782.61,83.34,48.97,Sandy,0.39,4.11,12.78,Central,1463,Rabi,Rainfed,69.12,12.59,10.2
sugarcane,128,69,70,5.8,14.41,2231.98,76.11,32.85,Silt,1.24,9.58,16.58,East,1053,Rabi,Canal,216.64,11.2,75.86
sugarcane,111,18,20,7.31,34.32,577.47,78.53,25.63,Loamy,0.95,8.93,17.44,West,252,Zaid,Sprinkler,157.52,9.17,71.21
maize,104,68,140,5.03,14.79,2220.88,30.75,58.33,Silt,0.53,10.84,9.04,West,340,Kharif,Drip,324.53,18.18,11.38
maize,147,75,142,5.86,36.72,1462.18,69.44,30.9,Clay,0.41,4.8,8.14,North,451,Kharif,Canal,107.99,2.36,9.45
wheat,113,92,51,7.02,39.37,2367.55,57.96,17.22,Sandy,0.59,8.5,10.53,West,917,Kharif,Rainfed,166.85,2.7,9.49
sugarcane,98,97,112,5.51,12.59,1588.97,83.02,28.93,Loamy,1.5,4.15,16.26,Central,1480,Zaid,Canal,88.29,13.68,74.72
sugarcane,88,19,87,6.75,25.37,2116.88,32.3,23.97,Loamy,1.18,6.5,1.34,Central,917,Rabi,Drip,332.05,0.77,76.5
maize,155,32,82,5.83,17.94,1148.49,80.68,30.99,Sandy,0.61,8.45,4.94,East,956,Zaid,Rainfed,157.4,9.93,8.73
potato,140,58,101,7.67,24.1,2129.44,38.13,45.66,Loamy,1.46,10.52,15.24,West,35,Kharif,Rainfed,167.98,4.91,24.42
maize,91,45,60,5.99,18.81,979.71,65.51,40.02,Sandy,0.48,4.58,9.87,South,1530,Zaid,Rainfed,77.66,5.3,7.91
wheat,173,35,22,5.58,11.97,2685.93,73.59,50.54,Clay,1.19,7.42,15.17,East,128,Rabi,Canal,89.67,12.11,9.8
rice,157,61,113,6.6,21.82,1976.05,41.85,31.69,Sandy,0.85,5.67,12.08,North,1355,Zaid,Rainfed,330.5,13.41,10.97
potato,134,44,78,5.26,16.14,1496.17,40.0,20.99,Clay,0.65,5.51,14.82,South,991,Zaid,Drip,247.46,10.34,24.29
potato,97,69,37,7.51,26.48,1814.98,70.94,23.01,Loamy,0.64,8.82,8.11,West,1346,Rabi,Sprinkler,237.72,3.35,22.66
wheat,44,82,123,7.11,30.42,1841.1,40.03,54.86,Silt,0.95,4.19,1.17,Central,1732,Zaid,Canal,288.67,11.76,10.75
rice,64,83,93,7.42,22.16,2436.58,60.78,19.9,Loamy,1.51,8.42,12.46,West,336,Kharif,Rainfed,242.66,19.99,11.97
sugarcane,43,55,139,6.16,16.11,1695.67,45.75,54.91,Silt,1.27,5.14,9.45,Central,647,Kharif,Rainfed,133.68,16.94,74.93
maize,131,59,95,7.64,15.75,1708.81,31.9,25.63,Sandy,1.16,4.1,17.72,North,1629,Zaid,Sprinkler,324.79,12.96,10.4
rice,129,88,27,6.48,10.07,1766.84,34.03,48.92,Loamy,1.44,7.81,3.04,East,938,Rabi,Drip,131.35,3.55,8.75
sugarcane,36,94,100,5.12,31.07,2232.74,37.88,46.15,Loamy,1.04,4.79,11.53,West,743,Zaid,Sprinkler,298.15,15.19,75.58
maize,59,44,120,5.56,17.59,1527.93,62.72,19.91,Clay,0.55,7.93,6.12,South,646,Zaid,Sprinkler,141.52,12.62,9.75
potato,78,91,28,7.22,39.12,832.68,42.69,48.29,Sandy,1.57,5.96,9.54,West,1645,Rabi,Drip,133.78,20.63,23.49
rice,173,99,109,7.85,32.41,1345.13,80.97,37.38,Silt,1.0,5.95,2.25,West,1939,Zaid,Drip,228.33,3.81,8.8
cotton,140,59,67,5.12,18.86,1238.71,31.63,50.36,Sandy,0.71,9.64,15.64,North,1548,Rabi,Canal,99.14,9.71,5.09
maize,101,59,134,7.74,14.77,446.7,69.57,56.77,Clay,1.31,8.98,16.16,Central,1251,Kharif,Canal,168.65,2.52,8.94
rice,109,93,106,7.52,28.73,2299.53,35.37,16.97,Clay,0.9,9.79,9.36,East,497,Kharif,Sprinkler,206.3,13.1,10.68
sugarcane,112,98,114,6.01,35.94,2390.73,83.42,47.4,Clay,0.32,6.97,2.42,East,1736,Rabi,Drip,318.51,22.59,77.09
maize,71,98,133,7.14,27.53,968.12,32.47,20.25,Sandy,0.72,4.79,10.88,Central,1421,Kharif,Drip,171.12,23.6,10.68
rice,46,59,37,5.44,10.33,1109.99,38.58,33.94,Clay,0.89,9.34,5.87,South,1807,Kharif,Sprinkler,72.84,0.76,6.69
maize,36,69,48,7.57,33.59,1102.37,46.66,15.63,Sandy,0.78,10.07,1.42,West,1582,Zaid,Sprinkler,297.38,9.23,10.11
cotton,39,73,21,7.03,38.93,1593.16,36.04,31.43,Clay,1.02,8.12,15.1,North,1423,Kharif,Sprinkler,238.72,8.14,6.56
maize,63,19,97,6.29,11.42,1472.68,84.69,23.47,Loamy,0.54,5.54,3.19,South,812,Zaid,Drip,257.29,15.83,11.29
potato,65,46,87,7.74,34.27,2517.01,37.94,42.81,Silt,1.04,9.37,16.73,North,1624,Zaid,Drip,86.09,17.71,23.41
potato,35,20,117,5.27,31.57,1533.95,34.98,40.61,Sandy,1.58,4.31,12.27,North,986,Zaid,Drip,111.33,4.7,22.64
wheat,175,40,136,7.68,21.92,744.78,33.59,54.66,Silt,1.28,6.41,3.43,West,1498,Zaid,Canal,218.83,4.6,6.44
maize,163,51,129,4.88,29.02,2168.79,78.36,47.0,Sandy,1.19,6.74,5.53,West,1497,Kharif,Canal,118.49,7.11,9.48
cotton,58,27,60,7.36,14.76,2470.57,68.99,50.73,Sandy,0.56,6.32,17.6,East,498,Rabi,Sprinkler,297.28,0.64,10.36
sugarcane,155,83,134,6.75,31.6,1823.7,75.41,19.62,Loamy,1.06,10.61,12.03,East,1421,Rabi,Sprinkler,67.07,14.34,73.17
wheat,110,39,100,7.17,27.44,2211.45,72.3,16.39,Loamy,1.37,9.83,9.2,West,2157,Kharif,Sprinkler,297.16,17.44,8.34
rice,104,27,141,6.2,12.6,861.2,88.08,63.48,Sandy,0.61,7.71,17.22,North,473,Zaid,Drip,194.71,0.12,9.13
rice,55,34,106,7.74,36.05,2549.47,76.11,36.35,Clay,0.41,10.55,1.52,North,1315,Kharif,Rainfed,230.96,10.82,11.27
cotton,156,86,41,5.86,13.85,488.17,52.95,34.75,Sandy,1.16,5.09,7.52,East,1238,Rabi,Drip,117.67,11.42,5.64
cotton,144,74,68,5.73,23.15,2547.89,47.39,16.75,Sandy,1.18,4.67,14.91,Central,1351,Zaid,Sprinkler,172.66,15.25,7.46
wheat,155,87,35,5.83,13.94,1209.85,47.52,20.95,Loamy,1.35,6.69,17.24,West,92,Kharif,Sprinkler,226.86,18.81,8.27
rice,57,35,87,7.43,29.38,524.72,48.76,62.02,Loamy,1.12,10.94,14.33,West,2091,Kharif,Canal,106.41,21.67,8.2
sugarcane,160,75,41,6.48,32.14,753.48,41.18,49.74,Silt,1.4,10.33,11.83,West,339,Zaid,Rainfed,173.12,3.91,74.29
potato,104,98,104,6.63,38.42,2772.81,53.59,35.46,Silt,0.65,5.55,3.19,East,1232,Rabi,Drip,255.93,9.9,27.73
sugarcane,107,93,140,7.63,17.58,1232.19,36.6,60.22,Clay,0.35,10.51,10.13,West,811,Rabi,Rainfed,321.9,14.97,76.2
wheat,119,40,99,7.63,20.99,2235.26,47.83,44.49,Silt,1.25,8.42,10.77,South,838,Zaid,Rainfed,134.53,12.23,8.46
rice,50,68,74,5.35,21.6,1492.96,40.51,52.32,Silt,0.8,6.16,15.08,East,1101,Rabi,Rainfed,280.13,16.62,8.43
cotton,83,56,54,6.67,12.91,1741.84,85.18,36.58,Silt,0.57,9.72,12.37,East,731,Rabi,Rainfed,97.11,14.19,6.2
maize,132,25,53,5.23,34.24,1891.36,57.67,36.58,Clay,0.37,10.0,15.37,West,137,Rabi,Rainfed,114.57,8.19,8.95
rice,88,51,92,7.75,12.48,1806.93,79.36,18.42,Sandy,1.28,4.0,10.87,East,1286,Zaid,Sprinkler,295.17,22.95,9.02
cotton,101,25,96,7.65,20.16,2795.73,65.31,51.7,Sandy,1.37,4.94,3.3,Central,1968,Kharif,Drip,310.04,20.56,9.15
potato,49,41,144,7.69,15.71,1678.58,65.91,19.96,Clay,0.81,9.25,13.74,North,1479,Kharif,Canal,217.24,18.21,22.2
cotton,141,97,30,7.2,29.93,1853.23,30.19,53.21,Sandy,1.45,8.28,11.81,South,457,Zaid,Sprinkler,108.29,9.68,7.67
rice,88,48,80,6.39,37.17,1173.39,30.77,24.54,Silt,0.84,5.83,6.92,Central,257,Zaid,Rainfed,113.51,1.29,8.23
rice,100,52,141,6.18,32.39,901.45,46.73,27.37,Silt,1.54,5.92,14.93,South,1046,Rabi,Rainfed,334.45,24.37,9.77
wheat,166,75,54,6.14,33.24,1422.48,33.54,60.89,Silt,1.58,4.78,16.01,South,852,Kharif,Canal,221.05,16.94,10.03
sugarcane,138,67,88,5.03,12.36,1835.62,46.63,38.58,Silt,1.36,6.99,13.48,West,1393,Rabi,Canal,150.56,7.18,74.62
wheat,158,79,76,8.03,32.17,1086.66,67.08,21.26,Sandy,0.63,4.43,9.23,East,1004,Rabi,Drip,230.7,11.37,8.82
maize,85,17,31,6.33,11.88,1549.16,72.55,60.25,Clay,0.78,8.79,6.26,South,351,Rabi,Sprinkler,140.24,6.2,9.16
wheat,64,81,144,7.96,24.53,2337.25,66.74,37.62,Clay,0.99,5.72,4.89,Central,1302,Zaid,Drip,274.64,18.53,9.64
sugarcane,152,42,62,7.79,30.76,1359.69,63.26,21.53,Clay,0.73,10.17,15.12,South,2034,Rabi,Drip,110.04,16.11,73.62
maize,160,28,96,7.62,17.64,1745.5,34.88,34.54,Loamy,1.36,4.66,12.06,East,636,Zaid,Canal,138.95,12.99,7.51
rice,133,66,87,6.8,30.48,2612.48,37.7,44.47,Clay,1.51,8.84,11.89,South,798,Rabi,Rainfed,268.45,9.39,12.87
sugarcane,36,44,78,5.15,36.42,1858.04,32.46,33.12,Loamy,1.58,10.09,4.41,North,210,Rabi,Sprinkler,74.48,7.66,72.36
sugarcane,56,72,21,5.9,36.34,1076.89,78.75,61.22,Clay,0.74,8.93,10.45,South,1449,Kharif,Sprinkler,348.54,20.33,74.54
rice,30,68,40,6.85,15.76,1724.47,49.41,28.48,Silt,0.65,10.48,17.79,North,1145,Rabi,Canal,156.65,9.81,7.98
maize,116,83,120,4.85,18.24,2452.09,54.14,23.79,Clay,0.51,6.3,8.59,South,1397,Kharif,Sprinkler,262.26,11.92,10.54
maize,70,29,105,4.94,29.98,682.02,67.45,26.05,Loamy,0.36,4.95,10.38,Central,566,Kharif,Canal,84.01,4.34,7.49
potato,152,52,141,7.1,35.24,2358.81,88.13,19.19,Silt,0.53,6.45,15.89,South,814,Kharif,Drip,224.48,21.63,25.51
rice,104,92,94,7.82,23.66,551.14,66.91,37.61,Loamy,0.67,8.17,15.85,North,95,Rabi,Sprinkler,215.36,6.15,7.39
sugarcane,71,28,94,7.71,37.67,2692.95,37.04,58.92,Sandy,0.81,10.62,2.12,North,266,Rabi,Drip,136.48,4.25,75.04
rice,146,71,102,5.37,27.24,698.93,84.16,30.27,Sandy,0.44,6.07,16.35,West,24,Zaid,Sprinkler,160.87,15.61,7.87
cotton,92,73,97,7.9,17.86,1465.39,43.78,27.92,Sandy,1.37,8.8,12.15,Central,409,Kharif,Rainfed,306.17,3.35,7.62
maize,156,22,40,7.17,10.6,2677.36,77.44,56.87,Silt,1.1,4.7,6.82,East,921,Kharif,Drip,127.65,24.45,11.25
wheat,162,86,139,7.24,34.22,821.88,74.86,30.3,Silt,1.03,5.88,14.04,North,1543,Kharif,Drip,260.0,13.99,8.33
wheat,77,33,31,5.83,12.78,1904.61,54.9,38.84,Loamy,1.01,5.12,9.3,Central,488,Kharif,Sprinkler,190.45,1.15,9.24
potato,32,46,102,7.23,12.35,2143.28,61.33,16.56,Silt,0.68,7.35,10.32,West,1986,Zaid,Sprinkler,207.81,3.49,24.17
potato,145,43,132,7.21,33.31,394.68,43.72,29.35,Clay,1.52,10.56,11.84,North,1261,Zaid,Canal,166.91,23.33,24.15
rice,128,55,34,6.82,10.95,1785.47,72.16,21.53,Loamy,0.6,10.41,14.71,Central,938,Zaid,Drip,287.77,13.7,11.37
sugarcane,145,89,132,6.01,35.28,2200.03,88.76,20.29,Clay,1.17,6.99,9.02,Central,1037,Zaid,Drip,61.39,8.87,74.83
sugarcane,43,59,143,7.56,27.96,2724.29,55.63,36.57,Silt,0.63,10.0,5.41,South,135,Rabi,Canal,111.66,17.38,74.39
potato,141,27,134,7.99,29.1,646.92,89.87,28.87,Clay,1.59,7.02,11.41,West,1794,Kharif,Rainfed,163.92,9.31,23.4
cotton,90,41,51,7.76,38.14,2458.9,45.14,23.32,Silt,1.49,6.86,17.52,West,2000,Kharif,Rainfed,120.24,3.57,5.58
cotton,124,33,118,5.63,36.0,1873.46,37.24,40.57,Silt,0.64,10.19,2.66,South,563,Rabi,Drip,218.32,18.62,8.28
sugarcane,46,40,106,6.32,12.28,2118.61,89.91,54.2,Clay,1.58,4.21,1.11,Central,812,Rabi,Drip,260.13,9.11,75.98
potato,153,67,131,5.96,35.59,2151.75,52.56,51.74,Sandy,1.11,10.17,7.6,South,257,Kharif,Sprinkler,230.66,24.52,27.28
potato,53,65,43,7.21,30.01,2110.23,81.56,27.54,Silt,1.25,9.84,10.25,South,192,Kharif,Rainfed,202.95,6.69,24.51
cotton,145,51,68,7.63,19.5,2607.76,31.77,28.16,Loamy,0.67,5.41,9.69,Central,1734,Rabi,Rainfed,260.53,1.95,8.85
sugarcane,111,23,51,5.53,35.6,607.7,67.69,51.6,Loamy,0.58,6.84,6.36,East,136,Zaid,Canal,317.58,14.53,73.49
potato,79,66,94,8.02,10.7,1008.41,30.2,42.86,Sandy,1.42,9.96,16.87,North,47,Zaid,Sprinkler,259.34,2.51,23.81
wheat,108,68,128,7.1,35.13,2558.25,60.27,52.12,Clay,0.66,7.91,5.15,Central,1994,Zaid,Rainfed,253.73,19.89,9.16
maize,108,17,30,5.54,28.61,1441.14,74.19,15.07,Sandy,1.49,9.1,3.08,South,1957,Zaid,Rainfed,328.45,9.27,10.4
sugarcane,99,83,87,6.06,17.84,1314.68,67.28,19.36,Clay,0.78,5.09,4.8,West,49,Kharif,Sprinkler,337.93,24.34,76.92
wheat,56,22,109,5.16,10.18,1647.91,67.66,55.1,Sandy,0.31,7.32,2.65,Central,1006,Rabi,Rainfed,120.0,22.51,8.3
sugarcane,44,28,129,6.83,25.64,1076.46,49.6,57.56,Silt,1.07,7.58,15.38,West,836,Rabi,Drip,155.25,12.88,73.79
potato,79,17,51,5.38,22.67,1794.27,68.02,32.17,Loamy,0.76,4.66,7.83,East,792,Rabi,Rainfed,63.43,8.87,23.93
rice,65,38,90,7.16,35.88,2498.41,81.29,62.92,Sandy,1.57,6.27,15.12,East,651,Rabi,Sprinkler,162.93,24.74,10.47
rice,37,27,93,7.31,33.64,1289.34,59.8,30.08,Loamy,0.8,9.14,11.85,East,1801,Kharif,Drip,270.03,8.94,7.78
wheat,108,57,118,6.43,27.69,819.49,62.5,59.51,Clay,0.71,5.19,9.07,North,1507,Zaid,Rainfed,342.91,2.89,10.87
maize,160,43,40,5.12,14.53,690.45,80.3,36.09,Sandy,1.04,8.35,2.74,East,447,Rabi,Sprinkler,63.85,18.43,6.99
rice,76,86,59,6.88,31.78,2044.32,37.31,43.09,Sandy,1.25,4.52,1.63,South,1656,Kharif,Rainfed,93.43,20.72,7.31
sugarcane,134,65,61,6.07,27.81,483.91,66.07,47.16,Sandy,1.56,4.54,10.48,East,1431,Zaid,Rainfed,212.33,8.1,73.86
rice,127,56,91,8.03,10.68,487.83,58.47,21.66,Sandy,0.39,8.86,4.4,North,319,Kharif,Rainfed,91.59,6.93,6.97
cotton,125,45,65,6.54,32.85,2703.22,55.04,16.86,Loamy,0.85,10.95,8.53,East,1871,Rabi,Rainfed,74.52,10.72,6.52
cotton,145,77,101,5.05,34.95,1967.6,54.46,36.34,Silt,1.16,6.55,17.09,Central,176,Kharif,Canal,188.67,4.96,5.75
rice,42,40,92,6.96,33.23,773.08,67.97,23.02,Loamy,0.31,8.31,3.27,West,2020,Kharif,Rainfed,268.47,22.33,8.39
sugarcane,30,32,137,7.45,15.29,1881.13,83.86,42.45,Silt,0.94,8.33,13.01,South,1895,Kharif,Drip,157.23,21.34,73.76
sugarcane,63,96,60,5.35,25.08,1746.96,69.0,37.68,Sandy,1.35,5.23,4.61,South,1095,Zaid,Drip,119.35,17.64,73.26
potato,108,71,113,6.33,25.82,2247.96,45.86,21.1,Silt,0.37,10.58,5.1,East,1281,Zaid,Canal,160.28,20.65,25.86
maize,107,21,118,7.33,38.03,1359.21,38.27,48.29,Loamy,0.74,7.69,11.86,North,1766,Kharif,Drip,97.81,6.29,8.06
potato,150,62,72,4.87,37.77,342.06,88.69,16.02,Sandy,0.82,6.74,3.22,West,1339,Rabi,Sprinkler,163.0,11.95,23.11
cotton,122,94,147,4.9,11.87,1400.4,48.25,21.32,Loamy,1.23,4.94,7.59,North,278,Rabi,Canal,203.04,9.15,6.58
maize,127,74,48,7.1,39.98,2028.15,57.97,50.01,Loamy,0.68,7.94,7.46,East,915,Kharif,Rainfed,81.37,20.6,9.63
sugarcane,111,47,42,7.27,33.6,2693.24,31.04,41.39,Loamy,0.62,10.32,8.74,North,1313,Zaid,Sprinkler,219.09,3.71,74.03
sugarcane,67,17,104,7.68,21.27,2400.37,78.67,29.1,Silt,0.45,7.57,6.41,West,159,Zaid,Rainfed,207.66,4.73,74.24
wheat,43,18,115,6.16,32.3,358.07,77.59,24.01,Sandy,1.59,4.86,5.65,West,1562,Rabi,Sprinkler,179.17,15.4,7.93
wheat,165,18,90,6.13,21.3,911.61,71.68,47.11,Sandy,0.91,5.94,14.29,North,1697,Rabi,Sprinkler,240.34,9.63,8.9
rice,120,56,27,6.68,38.09,1674.68,51.36,25.28,Loamy,0.36,10.91,2.36,East,1951,Rabi,Sprinkler,330.81,3.72,10.17
potato,83,23,95,7.37,21.34,438.33,52.42,64.23,Clay,0.4,6.81,15.45,West,1480,Kharif,Rainfed,154.41,2.72,25.19
maize,159,65,119,6.98,32.98,1788.93,59.76,58.47,Loamy,0.47,10.9,15.25,North,1705,Rabi,Canal,98.56,11.84,10.52
wheat,130,31,35,5.91,14.66,1372.74,54.12,21.61,Silt,0.58,7.82,16.85,North,1307,Kharif,Canal,274.47,18.46,9.71
cotton,118,31,112,5.98,35.57,1971.62,40.11,57.96,Silt,1.26,8.97,5.08,South,158,Zaid,Canal,132.55,1.33,8.59
cotton,85,34,25,7.39,28.61,851.31,43.86,32.25,Sandy,1.03,5.54,16.58,West,647,Rabi,Canal,270.12,18.54,6.46
potato,123,28,56,6.62,34.23,767.92,49.85,39.5,Clay,1.31,10.91,8.66,South,1879,Rabi,Sprinkler,140.37,15.35,24.32
maize,122,36,114,5.13,22.54,2588.09,31.19,22.14,Silt,0.33,4.06,12.62,West,1393,Zaid,Rainfed,93.31,8.25,8.5
cotton,113,66,80,5.32,20.39,1158.89,50.48,20.93,Sandy,0.64,10.0,15.48,East,1911,Rabi,Canal,349.96,0.76,7.88
wheat,114,41,37,7.69,25.98,2727.64,79.27,58.27,Clay,0.83,8.82,2.06,South,611,Zaid,Canal,213.76,24.24,9.91
rice,51,57,130,8.2,21.65,699.2,58.15,46.5,Clay,0.86,8.61,1.59,South,1989,Rabi,Sprinkler,275.64,9.41,7.92
potato,64,17,114,5.94,25.42,2183.36,41.14,38.02,Sandy,0.37,6.21,4.43,East,911,Zaid,Rainfed,173.62,23.35,25.45
potato,45,22,35,6.11,22.92,804.0,71.69,16.81,Silt,0.96,5.3,10.53,Central,1568,Rabi,Drip,323.29,13.12,23.15
potato,79,24,123,5.33,15.9,2089.56,31.3,61.1,Loamy,0.67,8.37,14.23,South,245,Zaid,Drip,299.88,14.21,24.79
wheat,151,43,33,5.6,39.3,955.77,39.27,33.8,Silt,0.55,10.41,14.18,East,429,Kharif,Sprinkler,300.7,8.24,9.27
wheat,157,54,122,6.24,10.48,1129.23,64.93,35.83,Silt,1.17,5.75,16.18,East,127,Zaid,Rainfed,291.45,10.14,10.25
sugarcane,142,79,87,5.77,37.77,1903.15,70.34,29.49,Silt,0.41,9.64,10.46,East,2169,Zaid,Canal,228.96,16.5,76.77
wheat,46,35,49,7.18,34.82,383.91,47.68,59.56,Sandy,1.43,4.62,10.52,West,1568,Rabi,Canal,199.76,11.68,6.86
cotton,109,38,79,6.63,22.63,916.39,46.68,32.23,Sandy,1.47,5.7,2.33,East,1189,Kharif,Sprinkler,249.14,9.88,7.16
rice,159,87,72,7.6,19.66,2443.31,31.24,23.71,Loamy,0.72,4.39,14.01,East,61,Kharif,Drip,139.63,0.72,9.52
wheat,161,74,83,7.26,14.94,1078.6,47.1,40.03,Silt,1.58,6.68,9.17,North,1784,Rabi,Canal,216.23,9.22,8.22
cotton,114,40,33,5.24,13.99,2689.58,87.56,54.07,Silt,0.82,8.87,4.55,Central,681,Rabi,Rainfed,257.09,4.77,7.89
cotton,123,23,42,5.22,26.53,658.07,53.82,33.57,Loamy,1.55,7.47,3.13,South,1940,Zaid,Sprinkler,86.59,23.27,4.2
rice,163,34,141,7.85,13.16,2103.72,49.67,47.6,Clay,1.58,7.76,16.12,East,1468,Rabi,Canal,279.27,6.42,9.23
maize,110,70,26,7.59,24.29,707.95,67.6,30.21,Clay,1.37,8.02,10.8,North,1375,Kharif,Sprinkler,197.23,1.53,8.03
potato,98,50,29,6.39,34.44,2209.42,89.35,50.99,Loamy,0.46,5.56,11.51,East,2126,Zaid,Drip,335.65,4.17,29.67
maize,98,50,121,5.24,32.71,832.97,56.26,48.44,Silt,1.06,6.33,5.09,Central,24,Kharif,Sprinkler,335.38,3.18,9.12
maize,177,87,32,7.86,13.98,2465.19,35.7,49.04,Sandy,1.25,7.18,10.36,Central,1366,Kharif,Sprinkler,304.53,4.47,10.62
potato,45,36,146,5.58,38.83,1860.54,73.05,47.3,Silt,0.4,8.02,3.7,South,2044,Zaid,Drip,183.09,6.05,28.55
maize,80,15,67,4.92,18.59,2502.77,83.85,22.82,Loamy,1.46,9.93,8.12,East,715,Zaid,Rainfed,268.86,23.83,10.93
maize,134,83,24,7.94,31.17,1870.1,70.82,59.4,Loamy,1.41,7.23,5.18,South,1542,Rabi,Drip,124.48,19.14,10.74
rice,95,87,80,7.55,19.01,2316.49,59.84,44.29,Loamy,1.51,9.38,3.83,South,1785,Kharif,Rainfed,143.75,5.63,9.39
cotton,38,51,141,7.16,28.52,2474.73,44.79,34.12,Sandy,0.97,4.82,14.59,North,2071,Kharif,Drip,227.42,16.95,7.9
sugarcane,136,97,109,4.92,27.17,1472.27,56.76,23.62,Silt,0.72,4.91,12.25,East,1446,Kharif,Sprinkler,274.27,16.13,75.02
rice,129,86,122,6.6,15.35,1983.57,55.33,54.18,Sandy,0.96,6.02,14.59,West,1924,Zaid,Rainfed,186.59,8.18,10.69
cotton,115,27,109,7.02,29.58,366.47,87.76,40.45,Clay,1.25,6.23,15.21,West,2079,Kharif,Sprinkler,288.72,9.26,7.86
maize,93,98,22,7.38,19.78,1540.91,32.22,22.36,Silt,0.84,8.38,7.63,Central,879,Zaid,Rainfed,244.7,22.55,8.12
sugarcane,51,57,43,6.4,28.33,831.28,51.88,61.07,Loamy,0.76,5.54,13.86,West,1607,Rabi,Drip,151.79,12.02,73.58
cotton,139,51,136,8.04,26.24,586.27,48.66,20.3,Silt,0.4,4.99,13.48,South,829,Zaid,Sprinkler,141.28,23.57,4.89
rice,126,88,117,5.63,35.28,2791.17,88.93,41.21,Loamy,0.88,8.52,5.19,South,1311,Kharif,Drip,288.77,4.57,11.53
maize,47,39,103,5.04,16.41,2792.67,30.39,45.53,Sandy,0.81,10.98,12.72,North,1106,Kharif,Drip,146.94,0.93,11.19
sugarcane,100,35,138,5.93,14.54,832.3,47.55,64.95,Silt,1.16,10.94,16.78,Central,1015,Rabi,Rainfed,121.77,12.3,75.23
cotton,156,55,61,7.05,35.65,2543.55,88.43,22.05,Loamy,0.87,10.45,12.66,Central,2149,Zaid,Canal,271.52,14.74,8.49
maize,126,87,60,7.31,23.34,2542.59,39.55,45.68,Sandy,0.31,4.43,6.56,Central,616,Kharif,Rainfed,78.78,13.0,11.55
potato,30,56,101,7.31,33.46,2741.12,77.36,38.84,Silt,0.93,9.35,12.93,West,1322,Kharif,Rainfed,121.41,16.27,23.23
rice,161,56,121,5.18,38.79,1280.79,63.82,27.86,Silt,1.31,6.69,10.88,North,1352,Rabi,Sprinkler,306.07,8.85,7.58
potato,33,16,25,7.81,26.33,2630.02,84.36,62.11,Clay,1.53,9.76,14.7,North,1023,Zaid,Rainfed,217.39,3.36,25.58
cotton,154,82,141,5.75,19.02,2254.61,82.39,54.54,Silt,0.55,4.34,5.62,North,302,Kharif,Canal,217.54,7.0,7.79
sugarcane,111,22,44,5.51,33.83,2137.3,64.57,53.85,Clay,0.85,9.86,3.76,North,2170,Rabi,Canal,308.83,1.81,76.8
cotton,56,75,60,6.89,37.93,919.54,63.26,59.96,Silt,1.4,8.34,8.35,North,1588,Zaid,Drip,295.6,1.76,8.63
sugarcane,88,28,22,5.52,17.35,1526.13,39.07,51.25,Clay,0.36,4.56,11.65,East,904,Zaid,Drip,287.86,9.39,74.51
maize,61,91,127,6.53,30.65,2270.1,33.63,40.34,Sandy,0.75,10.71,2.65,South,288,Kharif,Sprinkler,163.05,22.43,12.41
wheat,57,35,76,6.18,33.42,2416.9,73.93,34.58,Silt,1.07,10.11,5.47,East,507,Zaid,Rainfed,117.46,12.35,9.13
wheat,135,38,102,5.59,10.8,794.59,66.75,50.21,Sandy,0.75,8.82,3.84,South,1824,Zaid,Canal,218.36,4.24,8.95
cotton,134,64,93,5.79,27.77,1078.11,77.72,45.14,Silt,0.94,6.58,14.09,South,960,Kharif,Sprinkler,220.92,9.03,7.1
rice,99,96,105,6.25,28.99,706.38,31.09,42.14,Silt,1.52,7.57,12.98,East,1480,Zaid,Sprinkler,73.43,24.44,6.75
potato,91,59,116,5.98,29.1,678.22,86.02,44.45,Silt,0.33,4.19,11.63,South,86,Rabi,Rainfed,181.8,0.78,24.82
maize,63,78,34,6.1,12.52,833.42,34.38,47.77,Silt,0.4,8.7,8.87,East,1415,Kharif,Canal,215.82,15.04,10.28
maize,116,78,107,7.3,10.65,2573.33,84.28,63.44,Silt,0.56,10.69,8.61,North,924,Zaid,Rainfed,201.04,15.26,12.84
cotton,143,40,113,5.37,18.81,1206.38,41.47,52.66,Silt,0.8,5.53,9.8,North,529,Kharif,Rainfed,344.99,22.04,10.32
maize,135,46,145,6.93,20.73,1544.03,45.6,23.82,Loamy,0.91,6.85,14.91,East,1007,Kharif,Rainfed,121.46,10.4,10.8
cotton,85,71,119,7.11,14.34,329.14,82.31,38.34,Silt,0.35,10.03,11.14,Central,199,Zaid,Canal,105.65,10.54,6.19
cotton,142,67,58,7.53,25.29,2182.43,57.09,48.91,Clay,1.45,4.46,13.69,North,265,Zaid,Drip,315.85,24.23,11.32
rice,42,47,98,7.68,16.83,1021.44,71.66,23.78,Silt,1.29,6.24,5.44,South,546,Rabi,Canal,331.49,0.6,10.09
wheat,47,66,58,5.34,20.13,2060.55,84.0,61.64,Sandy,0.65,10.59,9.12,North,1273,Kharif,Canal,309.54,15.19,10.81
wheat,142,32,71,5.27,18.78,797.16,47.5,18.85,Clay,0.63,9.38,11.72,East,903,Rabi,Rainfed,320.98,17.54,8.41
potato,68,49,145,6.89,33.16,1242.61,38.15,45.55,Clay,0.33,4.57,6.36,South,388,Rabi,Rainfed,204.49,2.28,25.25
maize,108,26,85,7.37,36.31,1594.05,62.43,63.8,Clay,0.82,7.25,9.83,West,279,Zaid,Canal,317.06,17.84,12.1
wheat,175,65,64,5.73,18.95,1878.18,53.3,51.39,Loamy,0.63,7.59,15.28,West,1732,Kharif,Sprinkler,204.19,16.49,9.53
sugarcane,59,24,41,6.59,21.3,712.19,77.93,48.86,Silt,1.1,9.18,2.31,West,1529,Zaid,Drip,172.51,0.41,74.06
rice,127,66,102,7.43,34.46,1380.82,30.3,64.87,Sandy,1.01,5.5,14.75,South,2164,Kharif,Rainfed,112.22,21.25,8.94
maize,87,48,36,7.41,32.77,329.5,64.82,54.59,Sandy,1.54,5.65,11.25,South,933,Kharif,Drip,281.42,15.92,10.15
rice,96,81,86,7.02,31.26,631.77,60.96,63.51,Sandy,1.33,9.97,7.99,East,1817,Kharif,Drip,231.64,23.17,8.94
potato,100,53,26,5.07,31.24,1120.45,80.98,49.94,Loamy,0.41,5.57,10.54,North,678,Rabi,Rainfed,165.79,15.66,24.92
wheat,175,22,120,4.97,18.92,2642.11,64.59,48.27,Loamy,1.22,7.13,11.3,North,1777,Rabi,Rainfed,68.45,10.62,8.44
sugarcane,135,43,55,6.12,38.1,2508.22,89.74,53.13,Loamy,0.44,8.87,14.27,North,1700,Kharif,Canal,254.56,15.41,77.25
maize,36,36,86,4.89,34.28,1609.61,31.59,24.44,Silt,0.72,7.67,14.64,South,744,Zaid,Rainfed,263.42,21.58,8.75
potato,69,98,96,7.87,16.36,1811.02,60.21,55.29,Loamy,1.02,10.41,13.58,South,1113,Kharif,Canal,82.56,10.53,24.9
rice,99,84,106,4.87,29.86,1020.7,88.56,63.51,Sandy,0.94,7.58,1.29,Central,1338,Zaid,Sprinkler,225.75,10.57,10.16
cotton,97,75,91,4.9,14.65,1974.64,86.74,45.58,Loamy,1.2,5.45,10.47,North,716,Rabi,Sprinkler,171.07,2.59,7.9
rice,78,57,78,5.36,27.33,892.81,43.12,15.62,Sandy,1.35,9.82,8.33,West,1448,Kharif,Sprinkler,250.56,14.09,8.52
wheat,81,63,39,6.93,18.67,306.27,79.63,18.6,Clay,1.38,9.45,10.8,North,1057,Kharif,Canal,162.08,11.1,9.16
potato,143,43,148,6.64,13.16,2708.09,78.32,26.74,Sandy,0.38,5.42,11.29,Central,1869,Rabi,Sprinkler,271.13,9.45,26.44
cotton,136,95,128,7.04,28.1,1254.07,87.75,39.55,Clay,1.13,9.4,11.47,South,1112,Rabi,Sprinkler,98.08,0.98,6.97
rice,58,45,33,7.84,36.53,1606.8,60.56,35.69,Silt,1.55,6.26,6.95,West,1496,Kharif,Rainfed,137.41,15.1,6.93
potato,178,67,43,6.35,14.22,550.23,61.75,63.96,Loamy,1.28,7.96,8.6,Central,1361,Kharif,Rainfed,250.78,1.38,26.33
potato,107,48,129,4.95,36.97,1618.29,77.19,62.28,Silt,0.98,10.8,1.27,Central,849,Kharif,Drip,295.37,2.21,26.5
potato,38,52,57,7.4,13.83,2555.88,89.94,34.64,Silt,1.6,4.31,16.9,North,470,Rabi,Drip,282.24,1.31,26.84
maize,105,71,148,7.56,32.26,2494.12,48.55,54.72,Silt,0.36,5.19,17.8,Central,852,Kharif,Drip,190.25,7.1,10.22
wheat,71,18,60,4.97,39.69,1744.85,71.0,46.82,Clay,0.41,8.24,7.82,Central,637,Rabi,Canal,147.62,12.92,8.03
sugarcane,157,16,50,5.63,12.81,2441.85,70.27,27.16,Loamy,1.3,4.35,8.13,Central,759,Rabi,Rainfed,181.47,14.88,74.53
sugarcane,49,26,55,7.42,16.38,1210.6,81.44,61.56,Silt,1.01,4.77,8.81,North,1720,Rabi,Sprinkler,189.1,8.63,73.15
potato,101,49,124,6.08,23.91,781.32,68.97,27.98,Silt,0.46,8.29,5.99,North,1214,Zaid,Sprinkler,93.47,17.38,21.67
maize,94,84,128,6.41,32.13,1354.08,57.49,58.52,Sandy,0.79,9.89,8.4,West,1503,Kharif,Canal,120.76,19.53,8.29
cotton,142,86,50,7.6,36.94,2324.08,48.65,46.88,Sandy,0.38,7.82,7.1,East,1398,Zaid,Drip,122.51,15.07,8.44
maize,53,35,132,5.12,31.87,2067.15,88.15,46.06,Loamy,0.98,5.31,1.33,North,547,Rabi,Canal,138.64,8.54,8.83
maize,157,75,80,7.1,33.14,1261.6,50.14,56.92,Sandy,0.44,4.92,3.15,North,1996,Rabi,Drip,205.03,1.15,14.23
sugarcane,112,49,25,5.53,23.56,1153.75,45.31,39.72,Clay,0.31,9.74,2.34,East,898,Zaid,Drip,130.81,23.41,73.9
maize,92,62,39,5.01,20.67,2710.81,77.56,57.67,Clay,0.72,10.32,5.06,West,1584,Rabi,Canal,315.87,24.46,11.85
cotton,89,29,130,7.05,25.23,958.44,59.86,42.51,Clay,0.6,9.28,2.7,Central,250,Rabi,Rainfed,325.49,2.44,7.66
maize,128,85,80,5.21,29.49,1070.35,40.99,64.23,Silt,0.77,5.54,4.91,South,300,Rabi,Rainfed,346.1,10.46,13.08
rice,91,29,42,7.34,25.07,1168.23,51.54,48.0,Loamy,0.76,6.46,1.07,Central,1905,Rabi,Rainfed,108.02,5.5,8.84
maize,59,20,98,5.49,33.71,2257.42,42.21,33.7,Clay,1.12,7.02,17.81,East,756,Rabi,Canal,270.14,13.64,9.41
wheat,51,95,50,4.96,14.71,2425.4,42.54,53.17,Clay,1.18,4.87,2.86,East,21,Zaid,Rainfed,315.38,12.18,11.03
potato,155,82,23,5.14,21.89,842.72,34.55,40.49,Clay,0.47,5.77,15.28,West,1522,Kharif,Drip,78.4,5.36,21.78
rice,71,36,137,7.66,12.0,1318.44,68.71,55.3,Clay,0.94,9.09,2.74,North,2170,Kharif,Canal,298.36,22.72,10.08
sugarcane,127,46,85,6.06,30.14,2463.49,52.28,56.67,Clay,1.46,9.48,6.29,East,537,Zaid,Canal,230.84,22.33,77.12
cotton,60,36,134,5.83,32.71,1083.92,33.57,45.85,Clay,0.49,5.28,17.01,South,1108,Zaid,Rainfed,147.59,17.4,6.83
potato,141,41,50,6.47,30.02,1309.58,69.06,58.61,Loamy,1.56,6.29,6.28,North,1029,Rabi,Canal,229.86,17.99,25.97
wheat,175,29,142,6.95,38.65,1684.16,47.81,35.17,Clay,0.33,7.46,12.13,West,1899,Rabi,Canal,215.84,8.72,10.4
potato,151,58,62,4.93,37.96,1903.61,39.72,17.87,Loamy,0.43,5.23,6.41,West,185,Kharif,Canal,279.97,9.68,25.37
sugarcane,46,23,23,7.85,18.11,1059.05,87.62,48.13,Loamy,0.53,10.04,17.03,East,675,Zaid,Canal,118.07,12.2,73.05
wheat,67,48,67,8.06,17.3,1739.67,34.49,53.22,Loamy,0.91,6.12,1.18,South,1581,Zaid,Canal,120.98,15.99,9.0
sugarcane,171,87,108,6.22,10.76,2111.05,53.2,18.64,Clay,0.69,5.74,5.27,East,1206,Kharif,Sprinkler,84.8,10.86,74.91
potato,139,29,145,6.2,25.08,525.22,66.93,53.55,Clay,0.84,10.25,8.02,North,810,Zaid,Drip,229.65,6.79,24.65
sugarcane,51,76,96,7.79,35.83,2798.3,89.6,46.96,Loamy,1.52,8.72,15.02,North,1954,Kharif,Rainfed,270.54,21.72,76.95
maize,85,59,84,6.26,14.73,2631.87,34.95,20.82,Loamy,0.74,7.59,10.74,South,1488,Kharif,Sprinkler,203.81,6.98,8.66
maize,148,98,88,7.71,27.8,682.3,85.89,42.0,Clay,1.4,4.75,16.21,West,1446,Zaid,Rainfed,218.96,15.6,9.33
cotton,176,86,33,4.9,31.61,1129.87,82.85,20.44,Sandy,0.39,5.02,16.02,West,962,Rabi,Canal,147.24,17.77,5.07
potato,86,72,94,6.46,21.03,1003.71,76.75,31.08,Sandy,1.36,5.57,17.24,East,692,Rabi,Canal,190.56,15.59,24.9
rice,64,33,48,8.04,31.09,355.19,36.16,55.2,Sandy,1.47,5.53,4.11,North,651,Kharif,Sprinkler,310.71,18.81,7.92
potato,143,30,98,5.66,35.12,1554.94,47.45,20.04,Clay,0.67,10.21,8.18,West,1848,Rabi,Rainfed,309.44,5.04,25.86
rice,154,89,113,5.7,10.32,695.57,46.27,37.97,Loamy,1.01,10.59,8.27,East,1755,Rabi,Sprinkler,300.05,9.81,11.11
cotton,158,22,85,6.94,32.06,641.87,62.06,45.29,Sandy,0.54,6.92,3.09,North,1699,Zaid,Canal,95.71,13.95,6.47
maize,81,47,134,7.95,28.0,826.8,37.2,62.03,Silt,0.42,5.4,17.07,East,1701,Zaid,Drip,342.23,21.77,12.08
sugarcane,114,88,59,5.48,35.35,2198.94,78.98,51.86,Silt,1.3,5.92,7.17,East,213,Rabi,Rainfed,84.03,24.2,76.74
potato,94,32,51,7.93,14.16,622.97,70.93,21.96,Loamy,1.12,4.16,11.87,South,1697,Zaid,Drip,341.23,21.49,23.66
rice,158,49,39,7.05,34.21,1871.18,81.66,63.44,Silt,1.28,5.51,11.27,North,563,Kharif,Canal,260.0,3.12,11.69
potato,50,57,72,8.18,14.24,1026.96,43.36,38.9,Clay,0.87,4.11,5.03,Central,170,Zaid,Rainfed,320.43,0.72,24.38
sugarcane,45,64,68,7.3,27.55,471.01,67.23,33.49,Silt,0.62,10.73,10.73,Central,2076,Kharif,Drip,268.85,7.07,73.46
potato,152,17,108,7.07,18.13,2744.87,81.06,21.44,Loamy,0.85,8.37,5.36,North,1506,Rabi,Canal,287.78,10.18,26.76
cotton,90,73,101,7.57,17.2,1919.35,33.03,61.67,Sandy,0.38,8.72,5.86,East,933,Rabi,Drip,324.66,3.12,10.18
maize,83,42,20,5.4,24.96,809.03,63.04,44.31,Clay,0.67,4.58,10.36,West,1231,Zaid,Sprinkler,327.24,16.99,10.18
sugarcane,55,60,80,8.02,32.72,1565.45,73.63,64.4,Loamy,0.69,7.23,8.77,Central,822,Zaid,Rainfed,135.95,22.51,72.85
cotton,109,78,149,5.36,29.36,1271.35,52.29,23.69,Clay,1.23,7.02,8.2,North,1440,Zaid,Sprinkler,349.9,9.98,7.7
potato,94,84,113,4.89,39.66,738.4,51.21,42.29,Sandy,0.37,9.86,7.69,Central,548,Kharif,Rainfed,228.62,24.73,25.22
potato,129,61,36,7.17,13.57,2702.98,31.94,20.49,Sandy,0.62,9.46,13.83,North,833,Rabi,Canal,324.03,7.3,26.35
maize,103,28,136,5.43,31.65,2448.31,59.38,41.21,Sandy,0.66,6.91,5.78,Central,1877,Zaid,Canal,150.57,10.1,11.42
potato,46,21,125,7.38,11.66,1223.09,65.78,59.49,Clay,1.02,9.09,6.32,Central,1270,Zaid,Drip,167.67,1.38,26.88
rice,150,88,104,7.5,20.72,2327.05,74.42,20.47,Silt,0.62,4.61,10.85,North,1663,Zaid,Canal,132.45,17.78,9.12
maize,52,93,62,5.6,20.31,774.01,35.18,28.48,Clay,0.47,5.78,17.39,Central,488,Kharif,Sprinkler,317.72,0.33,10.07
maize,164,45,95,5.09,17.69,487.62,55.0,49.12,Sandy,0.64,5.19,5.95,Central,977,Zaid,Rainfed,255.52,10.75,9.13
wheat,100,95,69,6.5,25.97,1616.54,45.45,18.81,Clay,0.85,9.08,8.07,South,1948,Kharif,Sprinkler,75.41,5.66,6.69
sugarcane,137,65,80,7.83,17.31,1281.14,42.41,37.7,Clay,0.98,10.18,3.18,South,2035,Kharif,Sprinkler,152.05,15.75,71.53
sugarcane,108,43,123,7.68,21.03,474.57,44.74,31.65,Silt,0.35,8.33,11.89,North,496,Zaid,Sprinkler,90.24,5.37,71.73
rice,75,29,70,5.2,35.78,1876.22,51.63,56.91,Sandy,0.7,8.66,5.27,Central,1304,Kharif,Canal,175.54,13.98,7.53
wheat,107,90,96,8.08,19.71,2349.06,73.97,17.45,Silt,1.29,8.14,9.94,East,458,Rabi,Canal,310.78,2.07,8.39
wheat,45,39,117,5.7,39.58,1618.3,56.14,58.17,Sandy,1.08,8.13,8.14,East,1031,Kharif,Canal,181.81,1.95,10.36
wheat,100,75,102,5.99,18.28,434.78,33.79,50.18,Loamy,0.89,5.48,14.19,North,958,Rabi,Drip,72.61,22.15,7.3
potato,125,55,97,5.31,37.09,1243.58,50.84,29.86,Sandy,0.89,4.13,15.16,East,2016,Rabi,Canal,154.19,19.61,24.45
rice,176,83,24,6.08,22.94,927.0,36.58,24.89,Clay,0.78,5.35,13.54,North,2108,Kharif,Rainfed,267.95,24.19,9.43
potato,31,18,107,6.96,37.23,671.37,42.71,62.51,Loamy,0.74,6.23,8.66,East,1895,Kharif,Canal,198.62,5.69,23.24
rice,39,71,36,6.52,22.8,1548.1,37.76,42.7,Clay,0.82,6.8,8.05,North,723,Rabi,Canal,275.22,7.31,8.85
wheat,154,45,84,7.61,33.11,463.4,88.32,32.24,Loamy,1.43,9.05,8.01,North,1245,Kharif,Drip,275.94,24.96,8.38
maize,110,17,143,6.98,22.0,457.89,82.81,17.22,Clay,0.91,4.11,9.53,West,1179,Zaid,Drip,294.7,17.0,10.1
potato,169,81,40,5.7,28.63,2241.79,67.5,23.29,Loamy,1.17,8.06,11.52,East,883,Kharif,Canal,291.65,7.54,27.01
cotton,99,64,130,6.7,11.54,1368.83,45.03,44.91,Loamy,1.35,6.06,6.51,South,2103,Zaid,Sprinkler,255.18,6.44,6.8
wheat,179,31,126,5.02,27.97,2161.66,40.46,40.66,Clay,0.86,5.26,13.44,West,644,Kharif,Drip,229.93,21.04,9.42
potato,61,74,41,6.77,19.48,1116.5,80.52,52.88,Loamy,1.39,5.99,16.41,South,1981,Kharif,Drip,84.98,10.0,22.51
maize,134,88,88,6.12,39.89,1175.43,34.36,56.74,Clay,1.59,6.57,2.15,North,1667,Kharif,Drip,115.13,1.02,11.1
wheat,113,80,55,5.13,34.32,1370.63,71.59,34.86,Silt,0.96,9.95,1.37,South,1946,Rabi,Drip,308.52,9.06,10.52
cotton,158,89,92,5.85,12.39,1061.23,47.69,20.05,Clay,0.82,5.76,12.48,South,63,Rabi,Sprinkler,302.07,4.43,6.32
wheat,87,38,110,7.85,15.95,1697.61,59.38,54.58,Silt,1.35,7.69,11.98,West,1488,Kharif,Sprinkler,214.81,2.34,9.08
rice,175,46,145,6.79,28.48,482.23,73.72,42.69,Loamy,1.14,9.16,8.79,East,1280,Zaid,Drip,293.56,22.16,9.86
wheat,163,33,118,7.87,19.01,1693.42,32.18,63.99,Sandy,1.1,10.49,15.08,East,1096,Rabi,Rainfed,142.16,17.37,8.76
maize,74,80,34,6.2,16.39,2084.33,40.53,54.82,Silt,1.45,4.23,13.74,West,30,Zaid,Canal,66.8,16.77,9.23
sugarcane,126,74,63,8.13,20.67,2780.55,68.83,31.45,Sandy,1.14,9.43,17.43,South,135,Rabi,Sprinkler,170.52,15.02,73.87
rice,52,80,116,6.02,13.19,1893.72,85.18,36.42,Sandy,1.13,5.72,15.21,South,1725,Rabi,Canal,306.96,17.98,9.82
sugarcane,52,29,55,7.37,26.63,2072.39,45.49,26.78,Clay,0.57,9.88,2.39,South,2022,Rabi,Sprinkler,73.5,23.69,72.55
cotton,164,99,49,5.84,18.49,1788.0,38.98,40.6,Clay,1.19,5.03,8.07,South,2198,Rabi,Canal,90.09,1.69,6.41
cotton,108,49,45,5.16,36.01,2677.39,85.49,50.54,Sandy,1.49,8.69,7.06,South,960,Zaid,Canal,164.23,0.88,7.75
maize,73,83,104,7.63,10.98,2324.43,81.92,45.62,Clay,1.05,9.17,15.2,East,448,Zaid,Sprinkler,161.62,14.03,12.12
sugarcane,56,41,120,7.39,20.53,1837.87,84.59,32.1,Sandy,1.47,7.64,5.01,North,333,Kharif,Canal,212.87,10.16,74.16
sugarcane,55,21,140,7.59,26.49,1131.7,37.48,56.16,Clay,0.74,6.41,2.87,East,697,Rabi,Sprinkler,209.78,2.06,74.36
rice,126,20,50,5.82,17.05,1111.09,85.41,20.25,Clay,0.36,5.1,2.33,East,742,Rabi,Drip,70.74,23.9,7.41
rice,65,47,36,7.19,11.72,2183.18,64.88,22.13,Clay,0.88,4.73,10.55,East,1631,Kharif,Sprinkler,217.88,19.15,8.62
wheat,138,72,117,5.55,12.17,2621.5,70.02,35.21,Sandy,0.31,9.29,6.2,North,747,Rabi,Drip,94.06,12.16,6.84
rice,84,63,145,4.84,14.78,2764.05,57.25,50.11,Loamy,0.5,4.42,4.22,East,219,Kharif,Canal,264.49,23.88,11.62
maize,98,31,43,7.75,18.16,955.84,51.32,49.71,Clay,0.55,8.08,16.46,North,1085,Kharif,Sprinkler,333.12,19.24,9.14
maize,90,56,141,6.58,31.17,1779.87,36.77,33.33,Clay,0.99,4.2,1.26,South,1699,Zaid,Rainfed,348.94,1.92,13.15
sugarcane,159,86,149,8.14,24.24,2055.0,43.42,49.83,Sandy,1.53,7.23,8.5,South,1026,Rabi,Sprinkler,188.6,16.61,76.81
rice,84,54,142,6.11,10.99,1332.6,65.26,18.03,Silt,0.33,4.97,9.26,East,447,Zaid,Sprinkler,247.93,11.8,9.67
rice,151,60,57,8.05,14.65,573.06,49.01,29.5,Sandy,0.61,8.55,10.16,South,497,Kharif,Sprinkler,214.85,14.79,7.86
maize,126,85,76,6.89,21.04,1014.97,37.18,49.69,Clay,1.56,5.72,13.93,West,866,Kharif,Sprinkler,111.37,6.02,7.01
cotton,109,84,61,6.54,22.59,1588.72,72.58,24.2,Clay,1.45,6.45,1.11,East,13,Zaid,Drip,197.47,11.67,7.93
wheat,116,82,72,5.83,11.89,587.52,61.71,25.64,Loamy,1.39,9.32,5.02,North,1994,Rabi,Drip,333.43,8.22,8.48
potato,67,15,138,7.61,13.63,1082.44,32.47,19.34,Clay,0.42,8.23,14.28,West,1407,Zaid,Rainfed,210.23,11.08,23.05
maize,148,93,140,7.62,17.87,944.36,70.35,33.22,Silt,1.14,9.06,6.77,South,1192,Zaid,Sprinkler,292.8,2.6,9.95
potato,107,66,75,6.22,35.1,1186.02,81.69,56.25,Clay,0.56,8.88,10.79,West,884,Rabi,Canal,228.64,3.22,24.98
wheat,64,49,106,7.27,16.28,2017.22,76.54,56.82,Clay,1.15,10.23,5.8,Central,1274,Zaid,Sprinkler,201.69,11.46,8.65
cotton,108,83,95,6.32,16.8,1490.49,85.48,58.12,Loamy,0.86,9.46,2.43,North,771,Zaid,Drip,80.09,6.06,8.13
maize,96,19,104,7.31,24.84,1240.45,50.27,16.84,Silt,1.13,9.12,5.29,West,1673,Kharif,Canal,333.11,6.8,11.47
potato,116,31,104,8.18,36.74,986.95,35.28,64.67,Silt,0.86,4.47,15.01,South,582,Kharif,Sprinkler,98.94,16.15,24.4
wheat,63,67,100,5.69,25.85,2021.64,72.85,40.13,Clay,1.48,4.81,6.79,West,1953,Zaid,Drip,270.94,0.33,9.54
sugarcane,126,66,27,6.96,12.38,1986.08,84.12,58.64,Silt,0.33,7.8,10.33,North,68,Rabi,Rainfed,146.6,11.48,75.4
sugarcane,100,28,30,6.09,15.59,1416.2,49.14,60.26,Loamy,0.55,6.32,1.22,South,733,Zaid,Drip,150.65,14.32,74.24
potato,32,43,134,6.66,35.67,996.96,45.92,40.72,Sandy,1.38,7.58,9.88,North,488,Zaid,Sprinkler,209.29,8.67,24.44
maize,87,22,100,7.77,36.3,2322.3,72.89,17.55,Clay,1.26,9.1,13.32,North,537,Kharif,Rainfed,194.91,13.27,9.76
potato,61,15,106,5.98,33.86,2430.32,73.69,44.87,Clay,0.54,6.28,10.89,North,946,Zaid,Rainfed,84.95,20.71,24.92
sugarcane,60,43,61,5.05,26.26,2415.4,79.77,31.7,Silt,0.46,10.04,1.39,East,645,Rabi,Sprinkler,107.24,11.06,74.0
rice,111,50,56,7.52,23.17,1281.67,74.75,25.34,Clay,0.7,7.0,1.36,Central,956,Rabi,Canal,328.59,12.15,9.43
sugarcane,72,65,111,6.69,18.05,935.42,54.03,24.13,Clay,0.93,6.32,16.08,South,1009,Kharif,Rainfed,183.76,21.47,72.93
maize,164,51,104,6.33,26.43,2415.08,55.38,42.96,Loamy,0.36,7.59,4.65,South,1426,Kharif,Canal,171.38,11.45,12.93
cotton,134,83,78,5.42,30.48,2749.34,78.28,20.22,Sandy,1.4,7.59,12.61,Central,1004,Rabi,Canal,207.96,23.59,9.2
maize,30,67,56,5.12,27.98,784.08,46.03,56.08,Sandy,0.98,10.01,1.53,West,1522,Rabi,Drip,126.95,22.51,8.67
maize,90,66,40,5.75,16.77,1891.18,36.53,26.36,Silt,1.5,5.34,6.18,South,1346,Rabi,Drip,86.24,0.93,7.74
sugarcane,43,97,149,7.24,37.09,1124.07,43.08,42.46,Loamy,0.72,7.63,6.52,East,644,Zaid,Sprinkler,320.17,4.54,75.87
wheat,35,26,102,6.2,21.71,1514.57,60.32,21.27,Loamy,0.36,9.68,15.49,South,684,Zaid,Canal,99.76,12.38,6.57
maize,132,66,20,6.74,36.55,1730.61,64.23,57.98,Loamy,1.43,8.68,14.68,North,571,Rabi,Canal,243.55,3.35,11.99
sugarcane,39,15,126,5.08,21.92,1646.68,34.24,49.6,Loamy,0.49,7.9,15.14,West,1012,Kharif,Canal,262.83,21.87,75.98
wheat,100,21,47,5.22,11.15,2204.17,48.2,25.33,Clay,0.74,9.95,17.01,North,1778,Zaid,Canal,62.58,11.12,4.76
rice,119,31,69,4.84,32.14,2729.19,74.96,50.79,Silt,0.9,9.41,7.33,Central,171,Kharif,Sprinkler,273.26,4.03,9.47
wheat,178,57,54,7.09,37.6,515.13,81.75,19.15,Silt,0.94,4.44,4.7,North,1811,Zaid,Rainfed,345.21,16.96,10.32
cotton,155,85,60,5.7,17.64,2008.6,37.8,53.61,Clay,0.33,7.14,13.53,West,591,Rabi,Rainfed,305.97,17.51,11.21
rice,126,31,86,8.09,26.27,1608.26,61.12,39.52,Silt,0.98,8.93,2.42,South,1205,Zaid,Canal,175.32,12.78,8.25
potato,103,73,67,5.85,34.23,1291.67,38.98,21.01,Loamy,0.4,8.48,17.62,North,1504,Kharif,Drip,64.18,3.65,21.23
potato,144,17,105,6.04,19.63,1955.37,73.32,42.52,Clay,0.72,6.37,13.67,Central,439,Kharif,Sprinkler,323.8,20.32,28.16
potato,80,43,77,6.4,18.59,2515.36,39.42,25.04,Clay,1.57,7.07,5.85,West,1703,Rabi,Drip,301.18,22.27,27.6
potato,85,36,58,5.89,22.33,1826.53,35.8,48.64,Sandy,0.66,7.55,14.45,East,1070,Zaid,Canal,332.48,23.04,26.19
cotton,70,52,44,7.58,26.52,2351.29,56.44,50.43,Clay,1.36,7.0,16.5,East,1614,Rabi,Drip,345.46,5.37,8.08
wheat,61,68,79,7.78,26.58,1038.25,35.68,53.04,Sandy,0.96,9.19,3.59,South,241,Zaid,Rainfed,126.29,14.97,8.77
rice,44,64,136,4.84,24.59,1394.16,78.96,59.74,Clay,0.56,7.44,12.23,South,597,Kharif,Sprinkler,139.44,17.54,5.94
rice,91,83,105,7.03,34.61,735.79,79.61,47.75,Silt,1.24,9.58,3.43,North,1057,Zaid,Drip,172.3,1.95,11.8
wheat,57,44,133,7.13,14.59,1731.41,60.7,39.59,Sandy,1.02,7.17,10.66,Central,1272,Kharif,Drip,84.78,14.0,6.93
sugarcane,93,37,103,8.07,12.55,2148.66,64.35,57.71,Sandy,0.99,4.29,4.1,East,88,Kharif,Canal,339.36,1.2,77.54
sugarcane,159,99,143,6.06,15.06,1748.3,37.96,59.99,Sandy,0.34,10.01,9.68,South,545,Rabi,Canal,276.48,20.08,78.59
potato,156,61,130,5.46,31.12,2580.08,46.6,54.09,Sandy,0.73,9.14,9.48,West,1344,Rabi,Canal,73.39,22.08,24.12
potato,65,35,61,6.57,14.36,2448.43,37.26,62.12,Loamy,1.26,5.2,6.08,West,284,Rabi,Rainfed,257.65,15.82,27.94
wheat,143,34,71,6.32,19.68,1360.95,42.86,63.97,Clay,1.33,6.39,1.92,West,2039,Zaid,Canal,99.13,23.18,9.88
maize,42,37,67,7.49,36.39,1730.63,53.67,27.57,Loamy,1.36,4.45,14.4,West,1567,Kharif,Rainfed,287.52,6.81,10.01
wheat,44,82,51,7.87,14.21,1917.55,70.91,24.18,Silt,0.35,7.37,9.08,East,1592,Rabi,Drip,251.07,17.69,6.49
wheat,118,35,137,5.09,25.85,2318.68,73.68,37.43,Clay,0.51,7.2,12.54,South,1420,Rabi,Rainfed,221.23,4.43,8.76
maize,51,35,42,7.68,25.18,486.87,56.67,64.85,Loamy,1.58,5.27,15.84,Central,889,Rabi,Drip,157.21,1.65,6.17
maize,103,15,146,7.89,11.02,2318.54,47.58,19.42,Clay,0.5,5.3,5.34,South,564,Rabi,Sprinkler,263.05,10.61,10.08
rice,54,29,56,7.94,13.46,466.6,78.58,50.6,Loamy,0.58,5.71,10.84,South,1353,Rabi,Canal,143.51,23.75,7.07
wheat,130,31,26,7.4,38.51,2098.83,56.25,57.54,Silt,1.34,8.96,14.94,South,1390,Kharif,Drip,66.34,20.68,7.82
potato,146,65,96,7.32,38.83,1463.29,63.63,64.82,Loamy,0.81,6.29,16.86,North,481,Rabi,Rainfed,325.49,17.52,27.27
wheat,70,77,101,4.85,36.24,893.12,46.0,45.99,Silt,0.45,8.06,2.16,South,1871,Zaid,Sprinkler,92.26,16.66,5.76
rice,117,28,114,7.93,22.96,2067.46,33.99,34.0,Sandy,0.46,5.68,3.54,West,1542,Zaid,Sprinkler,286.67,6.46,7.74
sugarcane,139,73,41,6.0,27.79,2475.95,39.87,23.32,Loamy,0.41,10.02,3.07,North,1177,Rabi,Drip,167.66,0.77,75.38
cotton,149,97,97,4.94,34.72,2371.79,72.79,64.09,Sandy,0.53,8.86,2.82,South,892,Kharif,Canal,192.07,11.41,9.32
maize,126,64,101,6.2,30.28,785.32,46.59,61.21,Silt,0.95,10.92,16.67,East,1337,Rabi,Sprinkler,133.38,7.7,10.08
sugarcane,174,48,38,7.29,36.85,1810.26,37.58,55.23,Sandy,0.32,10.08,11.88,East,1513,Kharif,Canal,99.83,8.99,76.38
maize,86,20,114,6.3,19.47,1957.8,68.52,62.19,Loamy,0.45,4.94,15.89,East,882,Zaid,Rainfed,73.92,1.8,9.32
rice,159,63,58,7.38,28.72,430.88,58.68,18.04,Clay,1.48,8.94,8.32,West,1173,Kharif,Rainfed,64.69,6.56,6.85
wheat,125,20,136,6.53,27.01,1120.61,31.39,46.57,Loamy,1.44,6.0,16.17,East,1402,Zaid,Canal,228.25,14.48,9.68
wheat,150,83,55,5.82,39.54,560.72,89.45,28.74,Sandy,1.38,8.16,11.82,West,1118,Zaid,Drip,319.95,22.64,9.8
wheat,91,21,34,5.49,36.34,1342.06,52.93,53.28,Sandy,1.22,8.53,14.56,North,958,Kharif,Drip,125.94,20.46,7.13
sugarcane,166,91,79,6.23,14.96,2118.19,69.31,19.79,Loamy,1.16,9.27,10.83,West,2164,Zaid,Drip,82.49,7.44,75.99
potato,97,65,108,4.92,11.77,2313.18,89.01,27.94,Loamy,0.66,7.56,6.08,Central,193,Rabi,Canal,213.62,19.3,25.57
cotton,110,15,35,6.24,23.39,2208.11,68.08,57.51,Loamy,0.74,6.62,10.6,Central,655,Rabi,Drip,204.56,17.18,9.13
rice,46,27,117,5.03,26.37,979.18,48.7,52.47,Loamy,0.61,10.62,13.35,North,938,Kharif,Sprinkler,272.58,3.59,9.14
wheat,146,57,123,7.78,33.7,671.71,59.3,64.6,Silt,1.57,6.35,12.36,Central,137,Zaid,Rainfed,117.1,14.69,7.16
sugarcane,79,41,63,6.76,14.79,2481.25,36.17,47.2,Clay,1.12,6.05,8.92,South,948,Zaid,Canal,309.96,19.8,77.44
potato,141,85,70,7.0,37.6,2156.28,40.15,30.15,Sandy,1.56,6.19,1.36,East,827,Rabi,Canal,79.54,3.42,24.92
wheat,123,17,37,5.78,27.15,2188.18,48.7,42.39,Silt,0.65,9.77,10.85,West,2136,Zaid,Canal,211.2,1.59,10.72
sugarcane,114,72,24,5.57,35.28,977.12,35.09,62.2,Loamy,1.11,8.44,16.74,South,1634,Rabi,Rainfed,246.79,1.65,75.72
maize,178,31,25,7.21,35.09,1730.37,36.81,47.59,Loamy,1.29,5.29,16.73,East,782,Zaid,Drip,128.18,13.04,9.25
rice,175,59,95,7.08,38.56,2544.77,80.37,59.07,Silt,0.42,5.37,15.63,Central,2083,Zaid,Rainfed,75.27,0.84,9.58
maize,103,92,134,5.22,29.76,2385.4,44.98,16.14,Loamy,1.17,4.78,11.53,North,2069,Rabi,Drip,86.16,11.91,7.54
potato,138,72,31,5.61,33.51,968.47,49.35,33.48,Sandy,0.52,6.94,9.66,West,1682,Zaid,Rainfed,315.24,13.21,26.08
cotton,174,70,31,8.02,34.62,2677.1,40.42,61.77,Sandy,0.73,7.34,1.39,East,2046,Rabi,Rainfed,60.21,5.09,8.84
sugarcane,47,68,92,5.83,24.04,1246.76,54.25,16.96,Sandy,1.23,6.45,6.96,South,1365,Rabi,Drip,138.16,24.25,73.06
cotton,71,43,125,4.89,22.97,1731.72,71.87,40.96,Silt,0.87,6.75,15.51,Central,1473,Kharif,Drip,343.99,18.65,4.85
rice,130,68,68,5.02,38.4,2128.31,86.72,32.33,Loamy,1.5,8.27,3.69,East,1678,Rabi,Drip,169.96,9.88,9.63
cotton,74,41,23,7.44,12.01,927.22,62.33,47.31,Silt,0.61,7.83,14.72,North,1898,Rabi,Drip,95.16,21.68,4.41
potato,111,59,22,7.37,38.59,1283.67,48.01,23.11,Sandy,0.5,7.07,5.61,South,2129,Rabi,Rainfed,76.45,11.12,22.89
rice,46,45,33,6.1,27.35,2623.21,60.59,47.67,Silt,0.74,7.47,10.3,West,329,Kharif,Canal,331.8,18.0,11.41
cotton,102,50,83,5.32,18.84,489.4,37.66,64.59,Loamy,1.41,9.55,5.97,North,1234,Kharif,Canal,315.25,14.95,8.62
potato,43,95,139,6.49,26.72,351.06,70.63,28.56,Loamy,1.4,7.61,5.65,North,624,Kharif,Rainfed,84.63,11.56,24.07
maize,161,75,87,5.93,29.13,2711.78,49.71,38.07,Clay,0.78,10.7,15.83,West,956,Zaid,Canal,230.35,6.56,11.76
cotton,111,51,78,6.07,13.32,2488.08,86.69,16.48,Clay,1.35,7.87,12.75,Central,1353,Rabi,Sprinkler,240.14,0.48,7.4
cotton,177,81,149,5.69,30.1,2301.09,69.51,36.7,Clay,0.4,6.29,4.66,North,952,Rabi,Drip,263.18,0.79,10.08
cotton,149,50,138,5.01,37.08,1133.8,58.57,35.3,Sandy,0.31,10.61,9.12,East,1370,Kharif,Drip,100.71,16.08,6.55
wheat,149,19,29,7.49,39.14,1241.51,43.83,43.24,Clay,1.42,4.69,9.71,North,1904,Zaid,Rainfed,111.55,21.76,8.81
sugarcane,76,60,94,6.9,27.99,2543.21,35.52,27.84,Sandy,1.44,10.11,13.4,South,1672,Zaid,Sprinkler,332.49,20.8,78.79
maize,136,93,109,7.64,19.81,2737.58,41.29,31.43,Silt,0.49,4.86,12.56,Central,929,Rabi,Canal,243.6,13.69,11.14
wheat,137,66,120,6.51,26.9,453.4,64.2,45.49,Loamy,0.69,8.5,12.45,West,480,Rabi,Rainfed,162.13,0.98,7.27
maize,38,63,47,8.15,10.09,1470.62,61.18,60.42,Silt,1.41,10.22,7.47,North,137,Zaid,Drip,307.59,1.62,11.51
sugarcane,108,20,149,8.07,37.58,1301.61,30.57,26.76,Clay,0.41,4.74,4.93,Central,892,Zaid,Drip,212.75,4.53,73.64
sugarcane,44,24,85,5.72,33.54,2142.43,74.64,48.87,Clay,1.42,11.0,9.55,Central,685,Kharif,Rainfed,92.0,5.43,74.34
maize,48,37,143,6.12,14.99,1533.54,32.41,41.19,Sandy,1.05,7.37,13.83,North,1597,Rabi,Canal,280.94,9.51,11.46
wheat,119,31,76,7.36,28.28,496.45,34.68,20.23,Sandy,1.15,7.43,16.27,East,320,Kharif,Sprinkler,304.27,5.02,7.38
maize,55,98,40,7.44,10.62,718.19,72.71,43.27,Silt,1.07,6.4,13.47,Central,1863,Kharif,Rainfed,73.94,7.57,8.64
wheat,121,58,122,7.9,16.48,1068.59,68.77,50.44,Silt,1.06,6.77,7.72,South,77,Zaid,Rainfed,93.51,1.58,7.18
potato,111,55,77,7.02,15.1,2268.14,42.93,44.91,Clay,0.54,7.19,17.27,East,1869,Zaid,Sprinkler,125.35,10.26,24.66
cotton,160,29,56,6.42,14.68,2234.21,69.77,20.22,Sandy,0.61,5.25,15.73,South,426,Kharif,Sprinkler,101.95,13.21,5.58
wheat,71,58,66,6.08,26.56,2229.03,31.14,57.73,Sandy,1.05,7.4,16.38,East,125,Kharif,Rainfed,264.84,18.09,8.66
wheat,48,72,122,6.23,38.93,2242.19,46.69,17.05,Silt,0.82,8.18,5.82,Central,1915,Rabi,Canal,86.37,1.69,9.04
sugarcane,46,64,91,7.69,13.91,1341.11,75.57,26.8,Sandy,1.0,4.18,17.71,Central,785,Zaid,Drip,87.71,23.07,72.2
wheat,105,66,108,8.13,36.18,1836.87,58.48,45.79,Silt,0.63,9.21,5.59,South,545,Rabi,Sprinkler,348.92,11.1,10.72
maize,92,84,77,4.98,12.47,662.03,81.33,25.9,Loamy,0.9,7.93,3.78,North,1288,Rabi,Canal,217.85,10.36,9.59
potato,160,82,124,6.77,12.49,860.96,38.62,20.09,Clay,0.49,4.77,4.61,East,1913,Rabi,Drip,172.39,23.98,23.33
wheat,136,77,88,6.57,28.84,1108.92,81.76,40.6,Sandy,0.35,9.9,12.03,West,1422,Zaid,Rainfed,158.38,13.11,8.1
maize,78,72,65,6.08,27.24,1583.32,59.17,51.12,Sandy,1.54,7.48,7.81,Central,1416,Rabi,Sprinkler,192.92,6.52,11.49
maize,84,37,44,7.7,20.33,759.63,36.09,35.54,Loamy,1.24,6.98,3.73,North,315,Zaid,Drip,135.81,0.67,8.71
sugarcane,128,58,140,6.76,26.0,2486.13,32.8,49.92,Loamy,0.95,6.68,13.71,East,148,Kharif,Rainfed,329.65,21.9,77.95
sugarcane,81,97,54,5.86,32.65,1853.3,30.08,58.03,Loamy,1.02,9.49,3.38,West,2112,Rabi,Drip,331.02,19.07,77.1
potato,129,58,34,6.31,33.2,1642.52,68.22,62.94,Silt,0.96,4.57,2.23,West,1939,Rabi,Sprinkler,339.59,16.17,27.43
potato,146,66,125,6.01,10.36,340.17,43.32,26.66,Silt,1.47,8.94,15.57,Central,499,Zaid,Sprinkler,324.85,11.12,25.59
cotton,147,81,147,6.26,12.34,1705.93,38.76,45.27,Loamy,1.31,8.46,10.21,East,1871,Rabi,Rainfed,330.66,19.76,12.86
rice,36,42,93,5.04,10.1,2589.48,66.09,28.34,Clay,0.72,6.96,11.85,North,562,Zaid,Canal,189.43,6.79,8.09
potato,75,81,107,5.18,10.47,859.77,54.55,58.55,Clay,0.58,10.66,17.98,North,1660,Zaid,Sprinkler,140.76,5.49,25.47
maize,75,92,48,6.92,35.19,851.79,56.97,59.51,Sandy,0.39,7.86,17.25,Central,1927,Kharif,Canal,162.92,23.26,8.08
potato,129,32,57,7.13,12.51,2586.64,38.04,31.11,Silt,0.49,8.17,8.06,South,1882,Rabi,Sprinkler,280.8,1.74,25.03
cotton,173,41,43,6.96,31.33,2381.74,45.19,47.27,Clay,0.94,9.34,9.39,West,1426,Zaid,Rainfed,99.37,22.68,6.65
maize,83,65,38,7.39,39.4,2001.35,35.94,59.38,Sandy,0.56,8.38,2.02,South,1175,Zaid,Rainfed,61.32,5.72,11.7
wheat,91,74,68,8.01,34.63,2133.05,50.1,40.42,Clay,0.71,9.9,9.3,South,1645,Zaid,Drip,265.71,23.58,7.51
rice,158,88,63,7.73,11.99,448.03,48.52,51.02,Silt,0.47,5.6,5.76,South,299,Zaid,Drip,209.09,9.6,8.05
maize,78,63,54,6.22,36.82,2203.29,76.66,55.04,Clay,1.5,9.5,13.87,West,1414,Rabi,Canal,274.37,9.6,11.49
wheat,54,29,75,5.54,38.75,2161.47,89.2,58.59,Clay,0.34,4.45,7.16,North,91,Zaid,Canal,243.75,1.16,10.18
maize,39,97,51,5.86,31.19,424.94,89.95,40.76,Silt,0.76,8.78,1.23,East,1634,Zaid,Drip,105.83,20.63,8.62
rice,147,87,45,6.8,28.49,2274.33,53.16,62.09,Sandy,0.64,10.9,13.09,East,1502,Kharif,Canal,249.05,21.66,11.71
potato,173,82,75,7.71,28.05,1902.21,77.59,46.45,Sandy,0.31,8.81,4.49,North,1593,Rabi,Drip,342.69,17.82,26.83
sugarcane,121,29,56,7.19,34.61,1728.38,46.75,22.59,Loamy,1.51,6.31,5.67,South,542,Kharif,Rainfed,230.29,18.42,73.6
rice,163,65,144,6.65,26.6,1586.19,38.58,45.62,Sandy,0.71,7.55,2.33,South,843,Zaid,Canal,119.6,7.71,9.74
potato,173,62,72,6.85,20.01,1583.77,68.4,29.92,Loamy,0.95,10.95,14.26,South,1411,Kharif,Rainfed,112.47,16.81,25.83
cotton,177,86,120,6.6,39.11,885.94,58.61,33.6,Silt,1.06,7.35,5.17,South,825,Zaid,Rainfed,114.2,0.34,8.08
cotton,109,15,97,8.1,11.45,307.73,65.62,55.44,Sandy,1.09,9.51,13.97,Central,185,Kharif,Sprinkler,264.0,18.18,7.06
maize,100,21,55,7.57,29.96,2699.43,51.98,63.67,Silt,0.9,5.28,1.41,Central,1767,Rabi,Sprinkler,296.44,22.94,10.8
wheat,107,67,120,7.46,27.57,1453.51,48.12,58.49,Sandy,1.07,9.89,11.96,East,74,Kharif,Canal,105.51,5.94,8.26
wheat,72,45,30,6.56,29.17,408.69,85.67,31.29,Clay,1.28,5.23,3.05,North,2005,Rabi,Canal,344.51,1.82,8.41
potato,119,32,46,5.93,29.27,1127.87,83.01,37.68,Sandy,1.54,10.96,8.17,North,2175,Zaid,Drip,252.57,17.64,25.77
potato,107,26,21,4.87,13.71,1232.67,37.43,64.17,Clay,1.15,4.75,6.27,Central,296,Zaid,Sprinkler,169.01,23.35,23.35
rice,55,62,41,4.95,14.01,2477.83,69.14,61.18,Sandy,0.9,6.67,14.27,South,105,Zaid,Sprinkler,147.21,22.27,8.29
potato,150,44,85,4.9,12.02,1155.73,51.47,63.85,Silt,0.88,8.92,14.48,East,2096,Zaid,Rainfed,276.9,23.24,24.45
rice,74,21,131,8.13,38.15,2498.2,64.05,36.65,Loamy,1.22,9.22,15.48,North,2078,Zaid,Sprinkler,211.82,16.67,8.01
wheat,92,17,36,5.19,28.3,1406.37,42.43,55.03,Sandy,1.12,6.14,1.27,East,363,Zaid,Drip,163.08,9.88,8.94
potato,97,77,33,5.28,12.31,717.35,73.42,58.56,Silt,0.85,8.19,15.45,North,1555,Zaid,Rainfed,94.78,10.9,22.59
cotton,31,20,26,6.45,23.01,1014.69,48.59,17.21,Clay,0.74,4.6,5.11,Central,1352,Kharif,Sprinkler,236.65,22.95,6.36
wheat,171,29,98,6.44,20.78,2419.6,71.31,28.3,Clay,1.59,4.25,15.2,North,1383,Rabi,Canal,201.24,16.71,8.84
wheat,137,85,123,7.93,14.45,700.77,38.59,59.17,Clay,1.3,4.96,15.22,South,723,Kharif,Sprinkler,267.85,15.38,9.44
maize,59,57,20,5.05,34.66,1837.63,38.02,34.44,Clay,0.57,6.78,4.79,South,636,Rabi,Rainfed,345.09,16.56,9.66
sugarcane,78,95,50,8.05,33.27,2113.78,50.86,28.93,Silt,0.68,7.42,5.18,South,298,Kharif,Sprinkler,190.52,20.98,74.3
rice,169,32,147,5.54,23.92,1080.41,89.83,28.63,Sandy,1.46,4.69,3.75,West,1250,Zaid,Canal,341.86,1.37,12.27
potato,73,36,110,8.1,25.67,2309.18,81.66,33.77,Clay,1.16,7.08,4.04,Central,330,Zaid,Canal,71.96,4.18,24.76
maize,42,75,77,6.64,23.09,1082.42,67.25,27.2,Clay,0.7,10.37,17.23,South,303,Zaid,Drip,227.36,5.66,11.81
rice,107,75,75,7.02,26.53,980.15,48.53,15.17,Sandy,0.77,8.16,7.54,North,965,Zaid,Rainfed,299.93,5.31,9.74
wheat,155,67,62,5.87,31.98,487.74,39.84,23.63,Silt,0.79,6.16,1.68,South,212,Zaid,Canal,119.27,13.13,6.93
rice,127,40,93,6.88,36.28,1763.73,74.63,59.13,Clay,0.54,5.32,6.6,Central,1362,Kharif,Rainfed,209.76,7.56,11.68
cotton,55,54,68,7.22,27.77,1631.16,42.25,18.78,Loamy,0.96,7.59,1.83,North,1340,Kharif,Canal,297.32,9.22,7.04
maize,178,22,131,4.84,13.77,1956.19,54.69,35.65,Silt,1.3,5.68,17.69,Central,909,Rabi,Drip,203.68,12.42,11.73
rice,77,35,127,4.92,33.16,1470.01,61.75,37.82,Loamy,1.03,10.6,12.31,Central,1431,Rabi,Canal,229.8,13.34,10.34
rice,95,57,79,8.15,21.17,814.15,35.55,53.91,Silt,1.15,6.29,9.71,West,1346,Rabi,Rainfed,78.24,11.29,6.89
wheat,116,35,113,6.36,28.9,558.98,76.76,27.63,Clay,1.07,4.32,2.91,South,859,Kharif,Canal,312.19,14.02,8.13
cotton,108,17,92,7.98,15.96,1548.11,86.48,30.48,Silt,0.38,9.49,5.53,North,1707,Kharif,Canal,62.22,7.15,7.19
sugarcane,52,45,118,7.28,14.9,1643.17,38.8,15.71,Silt,0.54,9.54,14.1,East,1736,Zaid,Sprinkler,208.4,15.45,73.87
cotton,110,41,133,6.07,11.58,2630.64,82.05,60.14,Loamy,0.76,10.23,16.33,West,832,Rabi,Drip,197.64,9.24,7.73
wheat,77,41,34,5.31,19.43,1536.57,59.08,49.28,Silt,1.46,9.73,14.95,South,586,Zaid,Canal,84.63,23.99,7.3
sugarcane,153,87,82,8.13,27.91,2631.79,38.15,28.14,Silt,0.75,6.08,12.37,West,1559,Kharif,Drip,126.63,22.85,75.48
wheat,159,71,47,6.79,19.56,1888.34,66.47,59.38,Clay,0.73,9.33,10.23,East,421,Kharif,Rainfed,270.75,19.31,12.88
maize,113,47,55,5.45,17.23,675.66,85.82,19.33,Sandy,0.4,10.01,8.9,North,1946,Kharif,Drip,320.09,20.68,10.48
potato,49,58,144,7.12,39.85,515.09,87.44,33.42,Loamy,1.56,9.92,3.68,West,1378,Kharif,Canal,108.73,24.31,24.44
cotton,75,57,81,5.11,39.97,2703.95,73.19,43.18,Loamy,1.31,7.18,3.01,Central,1926,Kharif,Sprinkler,338.27,4.68,9.7
rice,160,45,32,7.75,28.15,809.47,59.61,40.28,Sandy,1.3,8.92,14.73,South,236,Zaid,Canal,111.94,16.06,4.75
rice,41,79,107,5.11,19.71,1169.31,41.2,47.75,Loamy,0.8,10.51,14.42,South,1851,Kharif,Drip,238.42,3.76,8.11
rice,69,98,59,5.6,35.85,388.52,66.0,29.88,Clay,0.4,8.38,1.3,North,327,Kharif,Sprinkler,248.93,6.19,9.9
sugarcane,95,90,143,5.11,32.1,987.14,66.8,52.89,Silt,0.64,6.25,9.84,North,119,Rabi,Sprinkler,255.28,10.66,75.02
maize,129,31,44,5.15,28.48,2691.06,36.67,35.27,Silt,1.41,4.57,3.58,South,730,Zaid,Rainfed,280.13,3.17,12.05
maize,107,29,43,6.58,37.25,528.25,45.23,21.26,Clay,0.53,4.78,14.04,East,1776,Rabi,Rainfed,221.31,8.54,8.18
maize,45,48,116,7.14,23.36,2546.62,48.44,52.02,Loamy,1.46,7.36,4.12,West,901,Rabi,Canal,67.95,14.73,8.15
potato,112,94,58,7.48,17.66,463.78,81.58,60.6,Silt,1.0,8.23,9.71,South,2177,Kharif,Drip,213.64,3.02,22.69
potato,73,18,128,7.16,39.01,1927.33,65.01,33.22,Sandy,1.23,5.25,12.44,North,2184,Rabi,Canal,301.57,15.43,27.49
maize,163,86,80,6.04,35.81,1538.43,44.64,44.48,Silt,0.89,5.31,7.64,South,1861,Rabi,Canal,227.19,9.49,10.96
potato,129,93,39,6.69,37.36,2126.59,48.6,49.39,Clay,1.51,4.81,12.41,Central,354,Zaid,Sprinkler,105.48,9.27,24.02
cotton,51,42,35,7.95,37.55,2244.28,38.75,56.58,Silt,0.61,6.23,16.54,Central,777,Kharif,Canal,119.62,22.33,5.66
sugarcane,47,87,34,6.12,21.48,1994.53,32.66,24.9,Clay,1.04,8.05,13.24,South,147,Kharif,Drip,203.84,9.77,74.84
cotton,41,16,61,5.66,35.82,790.98,60.58,43.5,Loamy,0.39,8.8,6.49,West,1705,Zaid,Canal,95.34,17.66,5.21
cotton,152,31,23,6.57,36.68,1886.22,31.91,52.02,Sandy,0.92,10.38,6.99,Central,1610,Kharif,Rainfed,97.35,22.9,8.48
maize,146,72,133,5.81,26.43,1844.82,89.52,24.96,Clay,1.56,8.18,6.69,East,2138,Kharif,Rainfed,226.93,18.49,12.91
maize,80,88,148,5.69,28.76,2426.06,76.34,38.62,Sandy,0.41,5.62,9.16,East,1116,Rabi,Sprinkler,336.33,16.51,13.24
rice,100,23,73,7.45,27.32,585.49,76.67,38.22,Loamy,0.96,9.09,2.53,North,1107,Kharif,Rainfed,130.55,6.81,6.41
potato,77,45,101,7.83,10.48,1808.34,75.27,56.97,Loamy,1.08,10.25,1.35,North,1735,Zaid,Drip,195.51,18.18,24.36
maize,48,80,59,6.51,26.07,814.69,68.47,53.87,Clay,1.51,5.47,6.27,South,750,Rabi,Rainfed,153.73,5.2,10.39
cotton,35,76,146,7.45,11.14,1958.91,34.2,26.6,Silt,0.69,9.41,14.89,Central,76,Zaid,Sprinkler,273.01,1.87,7.33
cotton,113,33,61,5.44,23.53,1595.73,57.36,26.65,Sandy,0.95,9.65,15.76,East,1671,Zaid,Sprinkler,215.32,13.79,6.03
potato,82,95,112,6.66,11.37,774.85,46.74,51.17,Silt,1.58,6.14,13.72,Central,2102,Rabi,Sprinkler,233.21,23.04,25.37
potato,136,88,23,6.96,23.66,607.98,47.89,51.98,Sandy,1.3,7.5,4.14,South,1407,Kharif,Drip,214.26,7.3,24.32
wheat,130,69,44,6.47,19.14,2046.39,52.24,23.94,Loamy,1.35,6.91,9.39,Central,1696,Kharif,Sprinkler,295.5,7.76,9.97
potato,77,42,119,5.2,33.22,2344.85,49.24,35.56,Loamy,1.31,5.75,9.63,West,1268,Rabi,Rainfed,112.43,14.16,24.53
sugarcane,164,64,144,7.3,24.37,1225.11,69.73,56.29,Loamy,0.97,7.61,4.26,Central,375,Rabi,Rainfed,306.81,3.9,75.98
cotton,98,79,59,7.65,25.36,1855.26,30.45,18.97,Silt,0.86,10.12,7.23,North,232,Kharif,Rainfed,94.63,16.97,6.41
sugarcane,40,17,111,6.96,37.11,2314.61,51.98,33.69,Loamy,0.63,4.5,6.01,South,1510,Kharif,Canal,235.21,11.92,76.23
maize,172,93,104,5.38,24.47,2108.97,86.67,47.23,Silt,0.91,10.38,5.3,East,1815,Kharif,Drip,203.71,4.29,12.04
maize,160,66,54,5.05,14.69,2123.57,45.47,53.55,Loamy,0.33,4.39,7.91,West,816,Zaid,Canal,172.76,11.71,11.94
potato,151,24,66,5.83,13.38,1694.42,67.28,47.63,Silt,0.43,7.12,6.41,East,227,Rabi,Sprinkler,213.31,2.78,25.67
rice,98,35,24,4.93,19.17,641.97,63.63,34.88,Clay,0.67,4.19,16.78,North,2178,Rabi,Sprinkler,135.56,15.65,6.36
sugarcane,52,51,144,7.65,17.96,2666.93,59.36,64.6,Clay,0.73,9.06,11.71,West,1716,Rabi,Canal,176.43,2.56,75.53
potato,66,29,130,7.19,34.55,1067.48,37.33,17.08,Sandy,1.22,4.79,10.88,North,252,Kharif,Sprinkler,70.39,18.9,22.37
sugarcane,38,92,91,6.72,32.77,585.99,80.15,39.74,Silt,0.52,9.85,8.1,North,2150,Zaid,Sprinkler,349.26,17.09,74.58
maize,44,93,106,7.82,11.76,2459.26,64.04,40.5,Silt,1.33,10.29,8.73,Central,1904,Kharif,Sprinkler,86.22,1.59,8.76
sugarcane,160,88,22,5.17,16.03,2506.47,62.32,26.99,Clay,1.34,6.82,8.66,West,1241,Kharif,Drip,300.35,1.96,75.83
potato,122,23,112,7.23,23.46,2490.48,86.95,42.94,Clay,1.06,10.9,1.3,West,382,Rabi,Sprinkler,162.77,7.98,24.81
maize,46,58,60,5.3,12.62,1591.19,34.97,26.0,Clay,0.94,6.78,17.29,East,1438,Zaid,Canal,273.32,3.23,6.6
rice,178,53,106,5.01,14.99,1072.85,59.49,37.17,Sandy,0.91,7.2,13.17,North,2063,Rabi,Canal,159.17,8.2,8.44
maize,101,19,104,5.25,37.25,2329.38,72.36,36.58,Clay,0.85,6.94,10.3,South,1619,Zaid,Rainfed,334.94,5.13,12.53
maize,178,39,44,8.03,26.24,2618.94,77.83,53.66,Sandy,0.42,7.81,5.02,West,1672,Rabi,Sprinkler,102.74,16.94,9.21
rice,150,70,58,6.3,33.9,325.65,30.05,62.13,Sandy,1.15,10.44,1.07,South,1055,Kharif,Drip,162.68,3.18,9.62
wheat,40,78,144,4.97,19.92,2564.3,70.93,25.14,Clay,1.05,4.76,5.73,West,1524,Zaid,Rainfed,343.91,0.89,8.44
potato,101,86,124,6.78,21.24,890.7,87.34,64.58,Clay,0.32,6.76,14.3,East,1600,Zaid,Sprinkler,108.57,5.55,24.18
rice,135,66,24,5.48,35.75,2286.84,73.81,62.02,Clay,0.56,6.5,17.51,South,2112,Rabi,Drip,219.46,9.35,11.46
sugarcane,154,90,23,4.82,29.72,2325.9,55.14,20.63,Silt,0.87,4.7,13.92,West,352,Zaid,Canal,69.27,0.5,72.12
rice,64,23,79,7.38,30.35,1704.48,82.56,60.62,Loamy,1.47,9.43,8.34,North,1047,Zaid,Drip,316.56,18.55,8.92
potato,148,24,73,5.33,29.17,1394.0,82.72,43.23,Silt,1.59,4.97,15.41,East,449,Kharif,Sprinkler,134.04,18.62,24.86
cotton,43,24,97,8.0,26.23,861.59,71.29,58.95,Sandy,1.28,4.33,17.93,North,240,Rabi,Sprinkler,179.19,11.86,4.43
rice,43,87,38,6.82,39.73,900.14,69.97,62.28,Sandy,1.27,10.82,6.24,South,349,Rabi,Drip,174.21,12.4,8.51
maize,39,76,118,5.1,36.83,1543.91,50.66,57.95,Loamy,0.84,8.88,7.97,East,1720,Zaid,Canal,127.33,18.08,10.33
cotton,169,74,87,5.54,31.33,656.47,44.55,35.14,Loamy,1.04,9.11,8.34,North,1259,Rabi,Sprinkler,262.09,18.64,7.67
wheat,67,33,52,6.88,30.34,1991.72,67.79,46.84,Clay,0.6,8.03,7.52,Central,1486,Zaid,Sprinkler,218.99,16.36,8.59
sugarcane,137,52,35,5.95,12.53,379.32,30.47,38.24,Silt,1.26,5.2,11.94,South,2082,Rabi,Canal,128.92,2.48,73.28
sugarcane,148,20,146,6.61,24.56,367.04,80.58,33.32,Silt,0.38,7.74,15.82,North,1485,Kharif,Rainfed,322.38,14.71,73.91
potato,63,29,112,7.52,24.88,1575.42,84.16,27.54,Silt,0.84,9.44,15.72,Central,116,Kharif,Rainfed,180.09,14.67,21.86
rice,39,61,63,7.49,11.56,964.86,39.84,37.08,Loamy,1.38,8.96,2.76,West,1857,Rabi,Canal,198.3,9.78,9.18
cotton,151,59,28,7.17,32.67,1493.63,64.35,55.3,Silt,1.57,8.49,1.5,Central,471,Kharif,Rainfed,194.88,4.18,8.22
maize,174,19,97,7.81,10.06,1694.3,40.7,57.2,Loamy,1.21,4.58,8.41,Central,1647,Zaid,Drip,79.94,23.36,11.47
potato,174,92,98,5.48,22.76,1078.2,59.67,62.9,Silt,0.56,8.53,3.44,Central,1467,Kharif,Rainfed,83.94,19.65,25.44
rice,144,67,105,5.4,37.1,2497.7,68.31,29.53,Loamy,1.04,4.47,2.19,South,1362,Zaid,Canal,295.77,11.04,9.69
potato,30,80,34,7.52,20.21,1540.36,53.43,47.52,Silt,1.03,10.42,2.83,East,1744,Kharif,Sprinkler,292.57,7.17,27.48
rice,41,76,25,5.89,27.48,2355.65,83.69,49.69,Sandy,1.56,9.98,11.79,Central,562,Kharif,Sprinkler,275.37,10.38,10.51
rice,132,37,20,6.54,19.24,2532.3,83.47,24.57,Loamy,1.39,4.16,6.96,South,694,Rabi,Sprinkler,294.29,11.98,10.97
sugarcane,33,58,39,7.33,15.37,2523.2,61.84,33.34,Clay,0.36,5.5,11.73,West,2093,Zaid,Canal,135.14,19.42,73.19
cotton,170,66,149,6.15,31.9,464.36,64.83,32.11,Sandy,0.59,7.98,1.79,South,2061,Zaid,Rainfed,332.6,1.16,10.19
wheat,127,60,89,5.24,16.14,412.36,30.16,64.3,Sandy,1.39,4.31,16.86,East,754,Rabi,Canal,73.39,17.12,5.09
rice,135,33,21,7.11,12.17,1780.08,50.28,62.92,Loamy,1.56,10.37,17.44,Central,89,Rabi,Drip,218.43,15.89,9.24
cotton,114,98,26,7.58,23.05,1325.25,75.65,56.09,Silt,0.68,10.29,16.88,Central,1951,Kharif,Rainfed,221.95,16.64,6.97
rice,150,61,103,4.84,31.27,2229.35,89.64,38.64,Silt,1.2,5.18,5.03,North,1495,Zaid,Drip,188.61,17.82,10.27
maize,161,66,73,6.71,27.4,2684.09,86.72,28.2,Loamy,0.7,10.44,15.62,North,682,Kharif,Canal,267.36,23.91,11.71
cotton,111,38,60,6.4,17.33,468.49,35.68,60.8,Silt,0.35,8.92,7.6,South,832,Zaid,Rainfed,153.13,20.0,6.42
potato,48,31,134,5.68,34.53,1876.24,55.03,28.4,Silt,1.38,7.23,12.87,Central,217,Rabi,Rainfed,157.35,14.33,25.66
maize,159,60,121,5.35,12.91,1811.43,33.28,41.1,Silt,1.26,7.22,4.21,West,1693,Rabi,Rainfed,83.76,10.83,8.79
potato,41,78,101,5.44,30.11,2472.06,80.25,27.25,Loamy,0.37,6.2,8.16,West,1272,Rabi,Sprinkler,348.44,21.31,29.09
maize,110,42,82,7.26,28.2,1084.32,73.8,63.56,Loamy,0.49,8.1,16.21,South,1561,Rabi,Canal,245.86,24.79,9.56
potato,103,64,20,6.62,36.97,1589.18,85.3,17.09,Clay,1.6,8.21,8.78,Central,938,Zaid,Drip,214.77,24.32,25.83
cotton,127,78,44,8.14,25.81,2651.75,60.1,23.72,Silt,1.15,5.19,16.82,East,1378,Rabi,Drip,82.96,13.77,6.51
wheat,35,42,74,5.63,34.57,2788.93,36.2,53.25,Silt,1.34,7.39,7.07,North,1976,Zaid,Sprinkler,142.55,16.31,10.95
rice,165,70,126,8.05,16.46,1718.79,65.04,22.57,Loamy,0.81,4.77,11.11,East,1949,Rabi,Rainfed,222.72,20.52,9.05
potato,154,73,84,6.55,26.36,819.72,82.03,63.97,Clay,0.97,9.41,8.51,West,37,Kharif,Sprinkler,271.02,10.25,27.58
potato,80,19,56,5.3,25.98,2283.68,33.0,31.07,Loamy,1.11,9.57,3.2,East,278,Rabi,Rainfed,225.21,17.55,24.13
rice,40,68,131,5.3,18.86,1237.8,78.89,60.93,Loamy,1.35,9.99,9.15,North,458,Zaid,Sprinkler,339.46,9.42,10.67
sugarcane,156,58,26,6.87,10.15,2580.85,67.42,48.11,Clay,0.74,4.32,7.12,South,817,Kharif,Drip,135.27,15.51,75.85
maize,169,56,95,7.63,32.33,2288.73,37.93,46.71,Loamy,1.17,8.66,4.34,North,1485,Kharif,Drip,302.03,3.69,11.74
rice,102,86,59,7.34,21.9,2649.38,69.55,60.77,Sandy,1.31,10.13,8.2,East,523,Kharif,Rainfed,267.5,19.32,10.67
sugarcane,31,71,20,7.03,19.0,837.11,33.73,40.66,Clay,1.35,6.35,5.82,Central,285,Rabi,Canal,77.78,2.3,72.84
maize,37,61,127,5.39,15.82,1338.65,40.47,35.04,Silt,0.95,9.55,5.38,West,1998,Zaid,Rainfed,161.93,3.38,10.7
potato,168,90,87,5.17,35.55,924.26,33.5,25.88,Silt,0.92,4.04,15.6,Central,1717,Kharif,Rainfed,349.45,20.67,26.19
cotton,153,39,31,4.8,20.02,2651.36,65.06,22.23,Clay,0.44,8.66,14.04,East,1701,Kharif,Sprinkler,102.27,13.95,5.16
wheat,82,58,148,5.15,16.12,2136.47,47.26,54.59,Silt,0.95,5.68,12.51,North,1516,Kharif,Drip,101.5,12.59,8.1
wheat,39,29,145,7.41,25.7,361.51,47.31,21.4,Sandy,1.21,4.55,7.2,Central,1785,Rabi,Canal,228.27,22.02,6.36
potato,141,65,20,7.84,33.46,998.54,68.79,34.7,Silt,1.5,7.5,4.93,South,1752,Kharif,Rainfed,281.62,8.3,24.53
wheat,37,67,136,5.62,28.07,2143.94,36.6,35.46,Clay,0.46,6.57,11.73,East,2114,Kharif,Canal,67.95,8.3,6.86
cotton,65,48,32,7.5,38.81,2002.9,67.99,48.22,Loamy,1.56,8.18,5.74,West,1794,Zaid,Sprinkler,135.68,13.32,6.93
potato,135,91,124,5.48,38.7,394.46,71.87,28.93,Clay,0.6,9.99,13.75,East,1238,Rabi,Rainfed,193.59,21.08,22.2
sugarcane,43,22,44,5.65,37.07,1263.2,81.45,56.91,Clay,0.53,6.74,9.19,East,45,Kharif,Sprinkler,257.96,5.17,75.36
maize,115,91,107,5.56,26.95,2284.25,70.29,25.37,Sandy,0.45,10.49,16.48,South,1225,Zaid,Drip,153.39,7.33,11.06
rice,178,84,120,4.98,33.05,1147.5,69.21,54.46,Silt,1.59,5.88,16.25,North,1598,Kharif,Canal,212.8,18.19,9.73
maize,79,35,45,5.46,18.66,900.19,69.39,57.49,Clay,1.03,9.45,8.54,East,1504,Kharif,Drip,179.06,24.71,8.94
sugarcane,49,21,121,6.07,27.26,2075.57,32.47,24.66,Silt,0.65,8.48,17.22,Central,438,Zaid,Sprinkler,211.36,17.43,76.56
maize,116,93,119,6.18,11.99,1932.66,56.5,55.47,Loamy,0.71,7.61,12.23,Central,615,Zaid,Rainfed,256.58,14.08,12.15
potato,164,70,44,5.85,17.9,363.17,63.07,50.69,Clay,1.54,7.15,11.29,Central,1630,Zaid,Drip,261.48,21.89,24.76
potato,166,63,20,6.55,19.76,2564.7,69.91,58.72,Clay,1.47,10.4,2.59,Central,2175,Kharif,Rainfed,116.78,10.21,26.88
cotton,158,56,113,6.09,20.84,1516.2,47.47,40.5,Silt,0.75,8.54,17.7,North,701,Rabi,Sprinkler,169.21,16.97,6.8
rice,67,37,87,8.1,14.83,2443.6,70.67,26.69,Sandy,0.38,6.53,2.56,North,1614,Rabi,Rainfed,140.85,6.0,9.56
potato,73,66,42,7.54,12.5,1276.77,53.75,60.6,Sandy,1.38,7.87,5.58,Central,1151,Kharif,Sprinkler,162.68,9.88,25.26
maize,115,93,125,7.97,27.35,1238.42,72.92,54.5,Silt,1.49,7.86,3.9,West,843,Zaid,Canal,162.5,17.97,8.69
maize,73,67,114,6.7,24.74,605.26,41.1,16.05,Clay,1.39,10.14,1.97,North,51,Rabi,Drip,71.98,15.18,6.94
cotton,103,30,81,7.11,27.54,2294.68,48.28,61.97,Loamy,1.49,4.29,17.98,East,1348,Rabi,Drip,300.38,22.6,10.07
sugarcane,148,51,148,5.37,13.88,310.3,86.98,62.43,Sandy,1.05,7.09,6.42,North,1012,Kharif,Rainfed,180.87,5.17,73.38
sugarcane,151,32,87,7.36,38.43,1023.98,75.48,32.77,Sandy,1.39,7.57,1.78,West,226,Kharif,Rainfed,321.03,12.25,74.91
sugarcane,163,34,49,5.6,22.4,481.59,83.92,15.5,Loamy,1.53,5.06,3.12,North,1260,Rabi,Canal,250.27,1.31,73.41
rice,174,60,148,5.3,23.48,2080.08,42.01,42.63,Sandy,1.46,4.01,5.02,North,578,Rabi,Sprinkler,326.92,24.23,10.83
cotton,80,16,67,4.94,26.41,2091.74,86.57,60.68,Silt,1.06,4.01,1.66,East,786,Kharif,Rainfed,328.89,15.11,9.68
sugarcane,67,77,38,6.41,30.7,1083.85,74.65,21.22,Clay,1.27,10.89,3.49,South,237,Zaid,Sprinkler,69.42,4.55,73.37
maize,80,17,146,5.78,21.55,2055.52,65.43,44.53,Sandy,1.24,4.53,1.54,South,1549,Kharif,Sprinkler,190.35,21.3,11.44
wheat,39,60,69,8.15,14.29,920.98,30.77,51.59,Loamy,1.34,4.63,3.83,West,2112,Rabi,Drip,127.67,2.77,5.98
cotton,149,63,82,5.65,33.49,1084.88,33.11,21.73,Silt,0.6,4.87,8.57,South,265,Kharif,Sprinkler,156.06,22.1,7.42
sugarcane,178,15,148,7.75,17.82,2317.7,76.35,40.66,Silt,0.3,10.92,17.59,West,1904,Zaid,Sprinkler,107.45,1.0,75.45
sugarcane,99,36,67,5.88,23.29,2148.0,70.14,19.44,Silt,0.96,9.21,12.51,North,358,Zaid,Sprinkler,68.94,23.51,74.72
wheat,114,28,108,7.35,28.97,2234.78,42.82,42.91,Silt,1.3,6.86,10.13,North,1681,Zaid,Drip,166.52,7.43,8.58
rice,86,99,146,7.04,38.96,581.87,56.48,37.11,Clay,0.46,10.91,17.82,East,463,Kharif,Rainfed,279.91,9.19,9.1
rice,155,59,55,6.71,11.01,631.67,69.36,28.23,Silt,0.99,7.92,12.96,West,1645,Rabi,Canal,326.65,15.71,9.09
potato,68,20,100,6.22,25.57,1058.1,30.92,57.65,Silt,0.71,9.65,7.29,North,1807,Kharif,Drip,216.82,23.55,24.32
wheat,62,79,66,7.08,38.08,558.61,70.63,34.09,Silt,1.39,4.53,14.48,South,471,Zaid,Sprinkler,93.17,4.82,7.46
rice,47,35,46,6.18,17.65,1603.21,54.09,49.99,Loamy,0.43,10.58,9.19,West,1876,Rabi,Sprinkler,186.04,8.95,10.07
maize,86,18,71,6.66,13.37,1627.41,35.69,54.53,Loamy,1.4,10.67,1.68,North,1082,Zaid,Canal,265.36,16.94,13.12
potato,125,17,94,6.81,27.91,1168.97,39.81,23.93,Loamy,1.09,10.04,11.81,Central,1880,Zaid,Rainfed,190.95,1.74,23.36
wheat,77,44,111,5.71,14.57,1336.67,55.6,20.96,Loamy,1.5,5.13,13.42,South,445,Kharif,Drip,122.63,8.52,8.29
sugarcane,71,45,81,5.96,36.37,548.47,67.58,15.39,Sandy,1.52,4.02,17.64,West,259,Rabi,Drip,275.59,15.82,73.88
sugarcane,56,48,85,4.86,31.7,1997.14,50.66,30.29,Silt,1.35,10.29,2.66,North,1286,Zaid,Drip,291.23,10.93,76.05
potato,103,97,99,7.7,13.63,962.19,36.61,55.8,Sandy,0.99,6.15,6.48,South,419,Kharif,Drip,277.87,24.47,26.84
maize,139,34,149,7.37,27.32,2243.02,79.58,53.64,Sandy,0.49,6.54,13.28,South,1054,Zaid,Drip,222.09,24.4,10.94
sugarcane,61,68,83,5.42,10.81,2227.46,60.02,58.59,Sandy,0.59,7.29,11.98,South,653,Zaid,Sprinkler,243.33,23.18,77.77
maize,55,39,48,6.03,35.36,1778.01,46.97,53.03,Clay,0.84,6.22,9.78,Central,1187,Kharif,Rainfed,254.09,23.88,9.59
cotton,54,29,106,6.23,16.16,1397.42,71.0,16.2,Silt,1.25,8.16,4.21,South,447,Rabi,Sprinkler,327.32,23.81,8.4
wheat,104,52,115,5.94,31.95,816.92,50.18,34.28,Silt,1.01,6.82,4.58,North,746,Kharif,Rainfed,105.79,21.03,8.3
potato,52,37,50,7.51,13.19,2643.91,51.7,15.3,Sandy,0.87,9.12,17.46,North,203,Kharif,Drip,224.65,23.73,22.58
potato,86,66,102,7.27,24.17,2540.41,46.66,16.8,Loamy,0.92,4.22,2.8,South,707,Rabi,Canal,203.12,0.22,25.29
wheat,155,80,52,7.41,37.88,2180.44,51.66,38.93,Clay,1.26,5.44,13.43,Central,797,Kharif,Rainfed,125.16,19.57,6.57
maize,116,71,119,7.87,12.23,2595.59,45.74,33.0,Sandy,0.34,10.4,1.03,North,668,Rabi,Canal,347.79,13.4,14.69
cotton,60,71,92,6.82,18.86,2548.09,88.94,42.93,Sandy,0.88,4.32,3.1,North,1657,Rabi,Sprinkler,290.07,11.73,10.96
potato,93,93,37,6.89,33.48,1605.46,45.45,18.31,Clay,1.04,7.34,15.52,South,665,Rabi,Rainfed,141.39,3.17,23.49
sugarcane,62,66,145,7.25,23.9,824.4,68.82,44.42,Sandy,1.07,5.27,6.27,West,469,Zaid,Drip,290.51,8.9,74.75
sugarcane,31,49,26,7.12,29.51,809.7,41.53,18.25,Silt,1.1,9.45,17.91,West,832,Rabi,Canal,131.92,9.62,70.78
wheat,47,88,143,7.76,34.36,1542.92,63.41,36.18,Loamy,0.37,7.64,13.43,East,608,Kharif,Canal,141.29,5.45,8.2
rice,113,28,133,7.42,33.52,2112.44,60.54,32.62,Loamy,1.03,9.03,7.24,West,1506,Zaid,Canal,317.95,23.63,11.22
rice,64,28,103,5.21,21.86,1311.34,63.22,26.2,Loamy,1.02,9.81,8.26,Central,1433,Rabi,Sprinkler,321.76,15.26,9.71
sugarcane,143,47,103,7.96,22.92,1309.47,51.38,30.6,Loamy,1.41,9.26,5.1,North,864,Zaid,Sprinkler,296.2,24.16,75.24
rice,175,66,102,7.12,27.13,482.16,82.25,15.03,Sandy,1.29,6.86,14.9,Central,90,Kharif,Sprinkler,348.53,14.67,8.61
rice,139,15,124,5.23,13.68,2246.96,47.87,31.2,Loamy,0.34,7.19,1.13,East,937,Kharif,Drip,91.99,13.22,9.73
rice,117,48,121,7.42,36.09,729.18,82.28,18.92,Sandy,1.02,8.59,5.06,Central,1806,Zaid,Drip,215.86,9.7,9.13
maize,101,33,112,6.02,12.8,2546.39,54.38,61.07,Silt,1.2,9.24,15.8,East,711,Kharif,Rainfed,194.61,4.91,11.84
potato,154,38,79,7.54,15.54,735.59,69.14,18.72,Sandy,1.05,6.6,17.56,Central,2049,Rabi,Drip,234.6,4.52,22.3
cotton,59,18,121,8.05,38.34,2155.65,30.6,62.66,Sandy,1.18,9.45,8.47,East,93,Zaid,Rainfed,236.99,18.18,7.63
sugarcane,82,50,43,5.67,18.46,2164.11,56.46,39.57,Sandy,0.45,4.03,15.07,North,939,Rabi,Canal,242.61,20.3,75.1
potato,167,91,128,7.72,17.33,2454.2,68.98,40.66,Clay,0.52,10.38,14.86,East,346,Zaid,Rainfed,149.9,0.9,25.89
wheat,116,72,113,7.43,22.76,1603.2,47.86,54.41,Clay,1.06,8.17,14.13,West,730,Kharif,Rainfed,74.69,2.61,7.66
rice,168,46,83,7.08,31.73,1306.61,49.29,49.77,Clay,1.34,7.96,15.31,South,584,Rabi,Sprinkler,159.4,18.41,10.66
cotton,42,23,23,6.11,20.99,542.7,53.82,26.85,Silt,0.33,7.93,17.08,East,1141,Rabi,Sprinkler,267.63,4.29,3.98
cotton,69,94,113,5.17,36.24,2386.94,46.15,16.27,Loamy,0.87,4.28,1.9,East,767,Kharif,Sprinkler,169.44,9.5,7.77
cotton,118,81,35,6.45,14.48,1342.69,66.18,53.92,Sandy,1.59,10.65,7.1,East,146,Kharif,Canal,212.6,19.8,9.83
cotton,97,34,46,5.16,13.54,2772.81,32.95,21.49,Sandy,1.3,9.35,12.92,South,1645,Zaid,Drip,346.06,21.81,8.74
potato,71,88,91,6.5,12.32,1047.16,79.87,44.92,Loamy,0.89,9.01,4.31,West,248,Zaid,Sprinkler,270.53,22.86,25.24
cotton,176,76,67,7.59,18.95,1395.18,87.6,62.13,Clay,0.43,8.91,10.03,West,818,Zaid,Sprinkler,327.3,8.49,8.38
maize,123,72,100,8.19,15.99,1341.16,39.94,42.47,Silt,0.77,7.81,11.6,South,1411,Kharif,Canal,170.64,15.0,9.36
sugarcane,48,36,63,5.47,23.84,1494.23,43.51,29.28,Sandy,0.5,8.36,3.85,West,1548,Kharif,Rainfed,221.63,12.02,73.7
maize,52,81,71,5.51,39.87,856.52,86.93,23.94,Loamy,1.5,10.47,12.64,South,446,Rabi,Drip,122.63,17.77,8.71
potato,83,89,53,7.56,36.06,984.38,39.85,16.35,Clay,1.19,6.52,1.65,East,2105,Zaid,Rainfed,181.14,18.5,23.08
cotton,94,62,40,6.39,36.85,1451.29,36.38,46.16,Silt,1.41,8.18,1.48,North,2058,Rabi,Drip,128.81,5.61,7.87
wheat,169,22,43,7.91,34.92,2227.5,77.6,42.9,Loamy,1.47,6.73,13.61,Central,1807,Kharif,Sprinkler,217.04,23.56,8.93
potato,53,87,63,7.41,18.15,2161.31,70.66,38.09,Loamy,1.09,4.83,12.08,Central,26,Rabi,Drip,229.23,12.17,26.35
maize,63,29,133,7.3,16.79,761.23,70.79,24.69,Sandy,0.31,5.01,14.0,East,623,Zaid,Rainfed,111.3,5.65,7.03
rice,82,46,122,5.15,31.96,1628.61,43.6,26.83,Silt,1.02,4.45,1.25,South,18,Zaid,Drip,311.07,6.99,10.79
maize,165,67,75,4.92,27.97,1605.76,52.56,62.93,Silt,1.34,6.73,2.33,North,1433,Zaid,Sprinkler,117.54,3.49,10.75
potato,47,81,33,5.88,16.18,1727.02,39.56,16.02,Clay,0.71,6.44,6.22,East,1767,Rabi,Rainfed,185.56,4.29,23.85
potato,86,18,120,5.54,39.02,1086.6,39.7,33.17,Clay,1.51,4.87,2.76,East,2082,Kharif,Rainfed,107.29,21.36,23.23
rice,141,44,20,7.22,22.73,2095.46,59.74,16.94,Sandy,1.6,7.14,6.64,East,66,Zaid,Sprinkler,114.36,20.97,7.45
cotton,34,27,31,6.33,34.43,1000.96,70.36,24.58,Silt,1.01,5.49,10.53,Central,84,Kharif,Sprinkler,201.63,10.96,5.21
wheat,42,35,134,6.58,12.21,1122.21,49.24,61.66,Clay,0.99,4.71,10.39,East,195,Zaid,Canal,236.19,12.41,8.75
cotton,112,55,125,7.57,11.05,779.24,58.52,22.48,Silt,1.15,6.25,2.55,Central,55,Zaid,Canal,81.48,1.65,5.78
wheat,58,33,56,6.43,23.67,701.39,50.9,45.04,Loamy,1.04,8.72,2.22,West,1154,Kharif,Drip,97.51,6.01,5.12
sugarcane,32,62,22,6.65,13.58,2503.21,84.89,32.35,Loamy,0.51,4.26,1.75,East,109,Rabi,Sprinkler,158.42,5.93,74.37
sugarcane,119,77,72,7.66,39.38,1284.96,72.2,46.65,Loamy,0.65,8.8,15.95,North,1764,Zaid,Sprinkler,83.05,21.01,71.72
sugarcane,133,34,119,6.27,34.36,2188.77,67.51,57.61,Silt,0.56,5.0,13.96,Central,713,Rabi,Canal,260.9,10.88,75.52
potato,152,78,36,5.08,23.62,2196.34,73.82,29.33,Sandy,0.39,10.36,15.0,South,411,Rabi,Rainfed,321.84,0.98,25.43
maize,105,51,132,6.57,39.39,1727.09,46.08,18.93,Clay,0.48,4.68,1.32,West,668,Zaid,Drip,265.78,6.7,12.06
cotton,159,45,129,6.77,17.15,2364.75,85.79,25.21,Sandy,1.56,5.34,13.21,East,1765,Zaid,Sprinkler,232.12,11.28,9.36
rice,137,88,23,6.54,30.37,302.15,41.97,36.95,Sandy,1.02,5.59,11.77,Central,1307,Rabi,Canal,334.2,4.24,10.89
rice,111,32,31,5.68,10.53,704.36,38.29,40.75,Sandy,0.46,8.64,2.65,South,1906,Rabi,Sprinkler,172.38,1.7,6.38
wheat,106,34,51,5.56,21.17,2435.02,84.36,62.09,Sandy,1.23,9.68,10.9,East,523,Rabi,Sprinkler,65.02,4.01,8.61
wheat,31,96,62,6.06,12.38,2642.0,45.59,15.81,Clay,0.92,7.71,2.09,Central,181,Rabi,Drip,84.22,5.93,8.02
rice,156,25,123,5.37,21.02,1577.47,80.9,52.88,Loamy,0.59,9.21,8.71,East,366,Kharif,Canal,324.28,12.3,11.36
rice,164,58,112,7.06,21.42,2033.18,47.86,18.63,Loamy,1.53,10.21,12.62,Central,1597,Zaid,Drip,341.74,19.16,12.55
wheat,55,96,62,6.89,21.26,690.35,47.67,18.9,Loamy,0.59,8.27,2.04,North,577,Kharif,Canal,77.27,5.86,5.0
maize,117,78,104,6.95,22.43,1978.57,87.47,47.71,Silt,0.43,6.17,9.69,North,883,Zaid,Canal,326.45,20.47,11.32
maize,45,48,54,5.56,28.51,1923.39,87.92,60.45,Silt,0.57,5.07,12.73,West,1974,Kharif,Drip,107.44,20.88,9.51
wheat,102,79,136,5.64,15.68,574.04,87.71,29.38,Clay,1.49,8.12,1.86,North,923,Zaid,Sprinkler,166.24,16.7,7.26
maize,61,69,39,7.48,17.03,2257.71,38.23,28.47,Clay,1.42,9.86,15.79,North,2066,Zaid,Canal,278.52,13.05,10.73
cotton,44,88,104,7.15,29.36,383.95,64.3,45.89,Clay,1.46,5.33,7.03,East,158,Rabi,Sprinkler,175.26,3.41,7.14
rice,170,15,136,7.78,23.99,2750.0,32.19,53.81,Loamy,1.49,11.0,6.34,South,777,Kharif,Rainfed,285.13,13.83,12.4
maize,34,52,125,6.17,14.86,2715.18,71.19,58.45,Clay,0.4,4.89,3.07,Central,1920,Kharif,Canal,256.68,10.83,12.75
sugarcane,103,23,124,6.66,33.62,2267.27,70.27,27.49,Loamy,1.22,4.27,17.75,Central,111,Kharif,Drip,330.29,3.7,75.61
potato,81,85,112,7.31,37.93,1517.38,89.54,52.01,Loamy,1.16,8.8,10.83,West,559,Kharif,Drip,187.61,2.87,28.07
sugarcane,106,31,60,8.11,23.96,1045.25,82.67,30.36,Sandy,1.59,6.56,10.92,North,1739,Rabi,Sprinkler,209.2,6.55,74.61
wheat,139,66,119,8.16,28.42,1147.65,43.09,42.24,Silt,1.23,8.69,11.37,West,2079,Zaid,Rainfed,283.44,18.25,7.18
sugarcane,172,32,88,8.2,34.46,557.83,56.63,24.54,Silt,1.33,5.27,8.09,East,1722,Rabi,Canal,341.79,15.51,72.97
potato,135,77,125,7.83,38.91,2112.99,45.44,22.3,Clay,1.23,5.31,7.51,West,1983,Kharif,Canal,164.78,3.83,24.11
wheat,156,47,46,6.97,39.07,2702.12,32.86,61.77,Sandy,1.11,7.52,10.33,South,2077,Kharif,Sprinkler,331.69,11.21,11.59
maize,36,18,119,4.82,37.69,897.11,52.95,42.36,Clay,1.02,10.62,3.81,North,553,Kharif,Sprinkler,259.09,6.83,9.35
sugarcane,69,89,104,7.18,34.48,2744.44,36.46,15.23,Clay,1.56,6.63,11.01,Central,1584,Kharif,Drip,321.67,22.55,77.66
potato,128,66,138,5.61,22.77,1432.48,75.89,54.67,Silt,1.52,4.51,9.46,Central,2117,Kharif,Sprinkler,138.1,1.66,25.09
rice,172,23,50,4.99,30.09,650.43,53.37,49.54,Sandy,0.87,9.16,3.52,Central,1757,Rabi,Sprinkler,267.93,7.54,8.78
wheat,114,78,128,7.17,32.9,2230.28,31.87,31.29,Clay,0.67,10.46,14.25,West,1890,Rabi,Canal,183.17,5.94,8.18
sugarcane,94,44,46,7.37,12.76,2375.18,46.24,38.2,Clay,0.96,6.54,2.28,Central,574,Zaid,Drip,180.43,10.05,74.58
sugarcane,161,22,106,7.04,13.49,1144.44,49.96,37.49,Clay,1.27,7.2,5.08,North,52,Zaid,Rainfed,106.95,2.35,74.81
potato,40,19,36,6.04,31.16,2717.38,57.19,28.74,Loamy,0.82,10.66,3.87,East,1663,Zaid,Canal,143.91,5.84,24.09
maize,137,90,30,6.54,30.01,1640.89,70.87,64.03,Silt,1.0,9.24,8.78,West,1567,Rabi,Canal,291.0,22.8,11.86
wheat,55,77,148,7.98,34.12,380.32,77.27,42.19,Loamy,0.69,8.68,13.04,West,872,Kharif,Rainfed,240.88,4.77,7.49
rice,114,15,101,7.28,15.54,1161.69,89.15,59.86,Clay,0.86,4.9,5.12,North,1156,Rabi,Sprinkler,130.89,7.28,9.49
rice,152,29,68,6.52,38.1,2214.83,81.25,44.27,Sandy,1.54,8.07,3.57,South,1111,Kharif,Rainfed,294.84,9.92,13.1
potato,173,96,60,6.82,17.15,796.97,57.46,49.51,Loamy,0.58,10.02,10.62,South,324,Rabi,Rainfed,335.66,6.37,27.0
cotton,97,52,39,7.95,14.05,629.16,36.33,16.48,Loamy,1.59,9.09,12.32,East,316,Kharif,Canal,182.98,15.88,3.7
sugarcane,133,56,90,6.14,19.73,1834.6,69.84,40.59,Clay,0.58,4.81,17.17,North,401,Rabi,Sprinkler,338.79,24.31,75.24
wheat,109,60,56,5.15,34.26,1047.31,55.34,51.06,Loamy,0.72,8.7,11.34,East,1336,Zaid,Rainfed,121.53,13.31,5.78
cotton,82,67,145,5.91,10.85,1833.99,54.34,21.09,Sandy,0.41,9.63,10.66,South,1502,Rabi,Canal,75.32,20.61,4.64
rice,135,40,58,6.21,16.8,1088.59,50.26,48.92,Sandy,1.28,6.67,9.03,Central,674,Rabi,Sprinkler,72.14,2.05,9.01
rice,73,75,128,5.73,38.67,2228.16,40.13,19.21,Silt,0.32,9.28,5.75,West,1114,Kharif,Drip,247.45,10.46,9.22
wheat,169,81,83,6.6,10.51,1354.0,35.33,55.35,Silt,1.32,8.99,17.17,Central,2075,Rabi,Rainfed,259.11,6.67,11.65
rice,119,68,42,5.84,18.35,2765.47,79.13,63.89,Sandy,1.05,6.33,13.08,South,385,Zaid,Rainfed,242.03,7.81,10.99
wheat,130,36,51,5.15,19.77,1236.87,41.1,46.34,Sandy,1.27,9.2,9.05,East,262,Zaid,Drip,302.88,21.18,9.21
maize,126,40,142,5.44,37.72,666.33,71.99,18.85,Loamy,1.32,8.48,10.05,South,1299,Zaid,Sprinkler,257.36,13.37,8.57
cotton,38,97,38,7.92,35.54,1887.81,73.61,44.34,Silt,0.46,6.18,17.29,Central,1264,Zaid,Rainfed,278.35,9.17,7.16
wheat,41,74,125,6.94,23.8,2121.6,48.44,52.04,Loamy,0.33,7.75,9.25,North,1857,Rabi,Drip,220.39,8.01,9.94
cotton,98,53,86,5.87,19.53,1161.35,63.37,61.65,Sandy,0.52,7.2,17.89,North,137,Rabi,Canal,129.15,1.63,6.68
sugarcane,57,50,108,6.05,38.33,2164.72,72.68,17.27,Silt,0.8,4.35,10.71,East,1804,Rabi,Rainfed,99.08,22.33,73.18
sugarcane,85,35,79,6.48,15.65,1153.71,38.07,53.75,Loamy,0.4,8.78,16.59,East,2055,Kharif,Drip,337.51,8.67,74.33
potato,128,55,30,7.09,24.3,542.88,40.16,21.63,Silt,0.89,4.95,13.31,West,1172,Rabi,Drip,133.61,15.19,22.04
rice,139,62,68,6.78,22.55,508.0,73.05,54.53,Clay,0.67,5.7,2.85,Central,2166,Zaid,Sprinkler,133.8,14.59,8.37
potato,106,40,147,7.97,38.06,1491.42,46.79,59.44,Clay,0.77,10.71,11.46,East,1285,Rabi,Rainfed,324.49,11.42,27.59
wheat,132,77,80,6.93,32.67,2759.03,36.43,58.06,Clay,1.52,5.62,17.2,East,2091,Rabi,Rainfed,323.54,20.09,12.45
maize,135,91,24,7.9,23.9,1629.78,61.21,47.64,Clay,1.24,6.74,6.67,Central,586,Kharif,Drip,199.31,7.79,11.71
rice,138,50,48,4.82,28.21,1630.44,78.38,40.04,Clay,1.16,10.72,7.07,West,339,Zaid,Drip,349.01,12.95,9.8
wheat,141,38,88,7.83,37.23,2457.13,48.37,58.73,Silt,1.15,9.25,2.97,West,38,Rabi,Drip,111.46,6.54,10.4
sugarcane,87,35,32,7.25,34.94,2668.32,45.63,40.95,Sandy,1.02,8.76,9.7,South,1115,Zaid,Sprinkler,188.14,21.06,74.2
rice,107,32,135,5.39,28.46,739.82,42.47,24.51,Loamy,0.97,9.75,6.08,Central,1574,Kharif,Drip,104.76,15.49,8.61
cotton,104,29,129,5.69,37.46,630.03,58.6,62.14,Sandy,1.45,4.42,14.12,North,1932,Zaid,Sprinkler,191.3,9.14,5.04
cotton,71,93,99,6.65,21.41,2006.21,64.37,33.66,Sandy,0.4,10.21,4.5,North,764,Rabi,Canal,348.58,0.31,10.8
sugarcane,97,20,119,5.22,32.0,1829.38,38.07,46.22,Sandy,0.68,5.77,13.54,North,621,Kharif,Sprinkler,159.07,15.75,70.96
rice,62,57,36,7.47,10.48,1164.31,78.09,24.96,Loamy,0.44,5.08,7.96,Central,1573,Rabi,Drip,190.4,18.0,6.4
rice,100,45,133,7.49,27.49,2538.83,61.8,20.53,Clay,0.31,9.81,16.96,Central,2147,Zaid,Sprinkler,345.76,15.1,10.8
sugarcane,85,42,25,5.82,14.11,1656.59,63.77,42.55,Silt,0.32,5.96,10.75,West,183,Zaid,Drip,118.09,24.67,73.59
sugarcane,134,22,41,5.04,25.73,732.96,37.05,42.73,Silt,0.33,5.67,16.07,South,995,Kharif,Rainfed,259.79,2.91,74.18
cotton,130,43,107,8.16,17.4,1273.66,67.39,33.49,Sandy,1.19,9.54,5.37,South,2125,Kharif,Sprinkler,222.18,7.38,8.02
cotton,80,35,52,5.65,21.42,2494.61,70.7,30.59,Silt,0.44,4.39,17.1,West,155,Zaid,Drip,304.66,10.54,8.19
wheat,103,95,89,5.03,33.76,346.57,54.23,33.71,Loamy,0.56,4.53,4.69,Central,396,Kharif,Drip,203.31,9.76,7.23
rice,150,72,68,5.92,11.76,2394.84,65.95,54.76,Sandy,0.84,9.69,17.08,Central,2127,Rabi,Drip,211.68,18.55,11.99
wheat,172,74,123,8.09,26.12,2679.11,44.01,32.89,Loamy,0.65,6.93,15.89,Central,129,Kharif,Canal,177.89,3.22,7.97
maize,172,64,121,7.5,14.35,1215.9,68.36,61.07,Sandy,1.36,9.92,4.44,North,1297,Rabi,Canal,262.95,1.78,10.06
cotton,34,45,125,6.43,27.2,1011.97,61.98,20.65,Clay,1.11,9.53,12.16,West,373,Rabi,Rainfed,250.39,0.77,5.55
cotton,112,61,101,5.84,29.01,714.42,64.97,61.58,Silt,0.73,7.9,7.28,Central,2156,Zaid,Rainfed,298.54,17.23,7.86
maize,80,48,105,6.24,15.46,400.02,45.1,49.48,Silt,0.71,9.25,7.83,West,814,Zaid,Sprinkler,189.89,19.79,9.45
potato,39,16,33,4.86,10.18,1991.27,77.35,32.22,Loamy,1.19,5.0,1.67,South,1366,Zaid,Canal,125.13,11.94,22.38
cotton,169,81,68,7.24,12.56,727.39,79.56,15.34,Silt,0.52,5.33,15.08,North,152,Rabi,Rainfed,180.47,9.5,5.12
sugarcane,33,86,69,5.14,30.69,2537.1,36.29,55.12,Sandy,0.66,9.9,5.41,South,1154,Zaid,Rainfed,316.72,4.44,76.04
potato,124,66,42,6.56,21.4,1439.38,82.06,63.47,Clay,0.76,6.39,14.07,West,412,Zaid,Canal,256.7,11.93,25.4
sugarcane,175,21,85,6.72,21.19,2732.28,76.55,64.12,Silt,0.89,4.03,11.02,South,370,Kharif,Canal,295.94,2.66,76.45
wheat,109,90,134,4.81,30.76,2749.58,63.19,36.17,Clay,0.55,10.67,17.5,East,1013,Rabi,Drip,247.88,2.83,10.22
rice,65,33,47,8.13,24.91,2301.34,33.31,18.53,Loamy,0.5,8.98,4.41,West,1175,Rabi,Rainfed,295.7,11.08,9.32
sugarcane,54,29,39,5.83,29.11,1399.38,61.4,30.69,Clay,1.59,9.92,6.45,West,1525,Rabi,Drip,213.78,0.49,74.76
sugarcane,127,92,140,5.06,37.58,1455.92,58.12,30.49,Silt,1.49,10.39,3.83,West,1548,Rabi,Canal,88.94,17.9,74.29
wheat,130,62,116,7.7,25.21,2676.44,43.41,20.12,Silt,0.98,8.42,15.15,Central,1421,Zaid,Sprinkler,210.41,23.13,8.59
maize,38,28,138,5.32,29.14,2119.22,80.01,41.24,Loamy,1.3,7.52,6.62,North,1561,Kharif,Drip,348.63,8.19,12.18
potato,90,17,128,4.88,29.19,1301.65,49.23,45.23,Loamy,1.18,5.06,4.32,North,1915,Rabi,Sprinkler,86.43,16.12,24.09
maize,82,64,45,6.48,26.04,2456.26,64.82,51.44,Clay,0.4,5.32,11.06,Central,2041,Zaid,Canal,321.96,22.84,12.02
sugarcane,175,68,125,5.24,29.93,979.55,57.03,17.55,Clay,0.97,7.15,7.42,South,1670,Rabi,Drip,166.54,5.7,72.94
sugarcane,92,20,81,8.14,35.03,2642.07,82.71,28.77,Loamy,0.54,4.47,14.81,Central,563,Rabi,Sprinkler,86.34,13.59,74.72
rice,150,63,145,4.84,34.23,906.22,60.06,32.76,Silt,1.06,9.51,13.98,East,1244,Rabi,Sprinkler,215.21,14.56,7.84
sugarcane,134,37,86,4.97,11.72,2132.56,46.68,59.61,Clay,0.38,7.91,3.04,West,317,Rabi,Rainfed,337.5,20.7,77.64
cotton,33,92,31,7.63,38.55,1918.29,73.33,60.07,Loamy,0.51,10.48,15.55,Central,1002,Kharif,Drip,216.32,15.25,7.96
maize,122,92,54,5.62,35.42,1765.66,76.04,28.0,Clay,1.32,8.37,17.7,North,1208,Rabi,Canal,184.37,19.61,8.67
rice,57,34,129,7.9,39.12,1470.3,86.08,39.37,Loamy,1.4,10.81,13.77,South,159,Kharif,Drip,65.66,6.92,6.35
potato,109,91,33,5.86,15.82,1693.87,74.77,36.24,Silt,1.48,5.95,15.01,North,2002,Rabi,Sprinkler,346.3,17.44,27.77
potato,105,74,120,5.04,26.09,2031.19,32.98,41.34,Clay,1.47,6.45,16.6,Central,1333,Kharif,Canal,123.34,12.62,22.61
maize,145,59,79,4.84,23.2,1883.46,79.74,29.31,Clay,1.48,6.96,14.36,Central,2033,Rabi,Rainfed,343.19,13.95,11.68
rice,98,75,62,5.76,21.31,991.39,58.94,38.15,Sandy,0.42,6.07,10.94,Central,1061,Zaid,Sprinkler,136.62,17.44,6.95
sugarcane,127,70,74,6.41,22.2,979.23,38.77,22.27,Sandy,1.16,9.57,2.16,Central,580,Kharif,Sprinkler,186.29,20.39,74.39
sugarcane,30,16,128,4.8,37.11,1922.81,88.71,50.48,Silt,1.21,7.73,9.24,East,1577,Kharif,Canal,73.11,5.76,73.26
potato,125,59,112,6.78,30.95,681.14,69.0,33.49,Loamy,0.65,7.19,14.31,Central,845,Zaid,Canal,205.18,6.28,23.2
maize,46,54,114,5.93,19.74,2737.59,83.54,42.12,Sandy,1.59,7.19,5.36,East,1097,Kharif,Canal,68.27,24.97,9.55
wheat,141,38,114,6.13,21.37,2416.95,40.66,45.23,Sandy,0.67,9.7,12.11,North,1711,Zaid,Rainfed,277.05,1.43,10.09
maize,120,43,47,5.69,24.06,1432.54,76.59,56.83,Silt,1.05,5.69,6.36,West,2087,Kharif,Sprinkler,227.77,2.74,11.17
rice,117,81,22,6.6,21.01,1612.5,65.79,19.09,Loamy,1.43,6.25,15.66,North,2057,Zaid,Canal,89.21,12.81,8.06
wheat,119,82,105,5.58,16.3,1185.67,53.18,39.14,Silt,0.68,10.51,7.18,West,139,Rabi,Rainfed,231.78,13.67,8.97
potato,78,80,127,5.26,23.06,681.06,42.82,59.7,Clay,1.09,6.78,1.77,Central,1020,Rabi,Sprinkler,285.26,17.88,24.98
maize,67,98,136,7.83,12.39,1778.68,50.44,31.49,Clay,1.24,10.97,10.9,Central,282,Kharif,Canal,188.01,22.85,9.67
wheat,179,68,127,6.13,35.63,2771.99,62.05,37.23,Loamy,1.11,7.06,1.78,West,777,Zaid,Sprinkler,117.16,22.93,11.0
wheat,161,67,34,5.06,34.75,707.34,73.98,19.25,Sandy,0.83,6.96,4.67,Central,2033,Rabi,Sprinkler,305.41,15.96,8.63
sugarcane,88,93,81,5.58,36.76,1640.28,56.16,52.53,Silt,1.53,8.15,9.52,South,729,Rabi,Canal,123.62,18.89,75.2
sugarcane,97,63,50,5.85,23.38,2700.44,53.55,19.25,Silt,1.1,9.93,14.49,North,154,Kharif,Rainfed,220.41,16.36,74.52
cotton,159,46,45,7.42,29.54,2755.78,30.51,46.55,Clay,0.59,9.03,6.44,East,575,Rabi,Drip,154.53,4.1,9.04
wheat,78,75,85,4.88,34.3,1514.81,86.96,33.71,Silt,1.35,9.33,5.92,North,1599,Zaid,Rainfed,148.4,23.61,7.78
cotton,155,56,134,6.43,19.45,482.74,76.24,31.91,Sandy,1.15,10.84,2.92,Central,2165,Kharif,Drip,113.1,21.11,6.06
cotton,140,15,79,6.19,29.0,925.05,89.75,44.28,Loamy,0.44,9.57,10.96,Central,576,Zaid,Canal,244.38,2.44,8.03
rice,77,77,82,8.09,23.15,2059.38,85.22,43.38,Silt,0.66,7.27,10.05,South,129,Zaid,Rainfed,312.15,24.63,9.99
maize,80,49,120,5.41,21.21,474.18,81.78,35.27,Sandy,0.51,8.6,1.15,Central,1624,Rabi,Sprinkler,63.63,21.08,6.76
potato,72,65,119,6.93,35.78,1894.57,33.48,28.92,Loamy,0.39,9.81,12.95,West,630,Kharif,Sprinkler,152.12,22.35,25.47
cotton,127,85,138,5.49,28.72,1426.0,66.94,40.41,Silt,0.6,5.19,8.83,South,1063,Rabi,Canal,297.95,13.04,9.94
cotton,153,59,76,6.66,28.7,751.73,43.52,28.36,Silt,0.66,6.43,5.92,Central,2059,Kharif,Drip,256.9,22.64,7.83
potato,109,91,56,6.69,14.71,548.94,82.89,20.13,Loamy,0.91,8.23,13.08,East,139,Zaid,Canal,98.03,8.37,21.41
cotton,140,79,130,5.06,20.41,2007.43,79.19,54.96,Silt,1.56,6.66,14.8,East,1094,Rabi,Rainfed,175.11,3.92,7.89
potato,172,28,131,6.35,35.24,740.21,40.22,50.12,Silt,1.53,4.38,11.15,West,869,Zaid,Canal,319.62,1.06,24.54
cotton,56,17,20,6.37,16.4,1606.81,77.19,19.22,Silt,1.28,10.58,2.61,South,1317,Zaid,Drip,241.04,6.55,8.19
wheat,142,38,42,5.89,39.11,1532.56,89.21,23.13,Clay,1.14,7.78,16.4,West,1296,Zaid,Rainfed,298.37,21.78,8.73
maize,115,79,126,5.74,34.96,1984.1,51.45,20.01,Loamy,1.53,8.44,1.3,Central,853,Zaid,Sprinkler,209.67,16.12,10.51
rice,143,62,132,5.56,18.03,1378.29,51.91,54.54,Clay,0.49,9.04,4.56,North,1764,Kharif,Drip,130.07,8.72,10.83
potato,153,24,108,4.82,13.25,2588.51,31.51,53.64,Loamy,0.73,4.25,5.49,Central,1196,Kharif,Sprinkler,87.08,5.67,23.27
rice,78,27,57,4.81,15.09,2431.07,73.62,35.4,Clay,1.02,5.27,7.29,North,870,Rabi,Rainfed,268.52,6.4,8.28
rice,105,87,66,6.81,17.27,2343.76,79.61,56.07,Silt,1.36,10.32,7.04,West,1574,Kharif,Canal,73.46,16.89,9.72
cotton,84,28,122,5.79,17.13,993.22,32.8,63.7,Sandy,1.11,9.51,16.28,Central,2130,Rabi,Drip,151.52,4.06,7.76
sugarcane,85,24,81,5.37,10.49,2762.37,86.72,63.52,Loamy,1.35,4.46,14.53,South,1133,Rabi,Drip,140.49,3.36,76.77
maize,124,54,92,7.13,31.46,1610.4,34.41,64.04,Sandy,0.5,9.51,4.42,West,1701,Kharif,Sprinkler,111.05,15.86,11.43
potato,73,37,22,6.6,39.31,2741.57,64.13,57.32,Loamy,0.55,10.3,17.22,North,341,Rabi,Sprinkler,220.72,21.99,25.72
potato,116,69,121,7.91,18.59,2402.42,85.64,25.85,Loamy,1.26,5.17,7.16,North,1576,Kharif,Sprinkler,347.45,19.43,28.33
maize,113,77,124,7.63,10.49,2462.31,85.7,17.87,Silt,0.75,4.44,4.72,North,495,Zaid,Drip,314.97,2.15,12.61
cotton,45,85,63,7.27,37.55,2064.49,38.0,55.58,Loamy,0.87,10.04,17.08,East,738,Kharif,Rainfed,124.2,19.55,5.68
wheat,178,56,119,5.23,16.19,734.56,88.28,30.43,Silt,1.33,8.21,10.72,East,2142,Zaid,Sprinkler,84.82,22.57,5.2
potato,174,80,45,7.06,10.21,2695.05,46.23,31.89,Silt,0.39,10.93,11.02,West,2020,Rabi,Canal,295.3,17.38,28.41
maize,66,93,67,7.16,16.72,1300.53,50.5,18.65,Silt,0.52,8.94,12.15,North,1915,Zaid,Drip,259.97,19.19,8.42
cotton,106,87,24,7.4,13.12,2658.95,70.51,50.74,Clay,0.68,7.58,11.63,North,1342,Kharif,Canal,246.09,21.96,8.15
sugarcane,176,61,78,5.69,31.78,2494.12,36.73,36.54,Clay,1.45,5.72,11.71,East,1436,Zaid,Rainfed,214.45,13.22,77.0
cotton,74,95,80,6.98,10.05,2356.02,62.06,25.21,Silt,0.83,8.9,1.03,Central,1146,Zaid,Drip,272.72,13.55,9.41
potato,175,66,68,6.9,23.24,320.32,78.96,47.62,Sandy,0.63,4.54,12.66,North,1681,Kharif,Drip,209.54,15.13,25.56
sugarcane,91,32,89,6.11,24.76,1741.56,59.77,63.99,Sandy,1.18,6.91,13.62,Central,1381,Zaid,Rainfed,209.8,5.18,75.77
sugarcane,129,93,34,7.06,33.53,910.02,33.66,39.92,Loamy,0.34,6.43,1.46,North,1204,Kharif,Sprinkler,172.42,10.78,75.67
rice,81,32,20,5.09,25.67,2501.32,78.3,45.32,Sandy,1.31,8.22,11.62,South,549,Zaid,Sprinkler,295.56,13.26,8.17
rice,48,38,147,6.99,13.74,2053.82,44.42,23.14,Loamy,1.21,5.55,5.5,Central,485,Kharif,Drip,103.97,1.09,8.5
sugarcane,138,37,144,6.86,22.79,1921.75,78.34,23.05,Loamy,0.37,5.14,11.68,East,1515,Rabi,Rainfed,315.47,11.96,76.93
rice,73,26,38,5.52,38.04,2561.28,86.29,37.91,Loamy,0.95,5.05,5.5,South,884,Rabi,Rainfed,248.13,15.86,11.32
cotton,36,37,138,7.58,17.1,1039.18,75.29,57.24,Clay,0.83,6.17,2.63,Central,1245,Zaid,Sprinkler,235.04,18.76,6.63
wheat,146,35,83,7.77,18.98,569.67,31.99,60.46,Silt,0.51,10.04,4.03,South,13,Kharif,Sprinkler,327.18,1.17,9.89
wheat,97,78,85,5.52,36.2,1063.42,69.57,47.09,Sandy,0.5,6.78,16.6,East,1161,Kharif,Sprinkler,247.62,13.69,8.5
cotton,63,86,76,5.06,33.58,758.76,46.33,33.03,Silt,0.51,10.24,8.47,East,1976,Rabi,Rainfed,121.21,19.02,4.29
cotton,98,48,63,6.85,18.87,931.61,41.94,52.5,Silt,1.08,9.23,16.58,South,1053,Zaid,Rainfed,296.51,4.63,8.82
rice,84,16,31,6.43,31.25,1715.69,75.65,29.6,Clay,0.52,9.01,9.23,South,1449,Rabi,Drip,332.89,8.52,10.85
wheat,39,83,141,6.25,12.55,1438.41,47.37,25.98,Loamy,0.38,9.38,16.27,East,2105,Zaid,Sprinkler,156.64,2.0,7.93
potato,71,45,43,7.39,26.29,2752.46,38.62,54.77,Silt,1.54,7.53,10.65,South,1298,Zaid,Sprinkler,137.45,9.94,24.19
wheat,70,82,20,8.1,36.13,1346.19,40.25,52.57,Loamy,0.35,5.88,6.97,North,1042,Rabi,Drip,254.33,6.58,9.6
maize,151,84,47,6.42,35.28,679.51,70.64,59.11,Clay,1.16,5.25,4.78,West,1831,Zaid,Sprinkler,331.47,8.89,12.28
potato,167,33,87,4.82,16.09,2487.2,57.45,43.82,Silt,1.52,7.48,7.31,Central,1779,Rabi,Rainfed,145.33,4.51,23.49
wheat,39,86,124,6.83,25.99,990.91,42.52,59.84,Sandy,0.35,6.63,4.01,East,672,Zaid,Sprinkler,160.22,6.88,10.83
wheat,131,27,113,7.02,21.95,569.63,34.78,16.32,Silt,1.56,8.6,17.68,West,1847,Zaid,Sprinkler,80.44,9.87,4.17
rice,157,79,143,7.62,26.83,1947.09,86.24,27.69,Clay,0.95,6.44,6.93,North,212,Kharif,Drip,274.86,0.36,10.53
rice,178,20,143,5.48,12.25,940.87,89.85,55.22,Clay,1.32,4.4,10.47,East,414,Zaid,Sprinkler,297.78,8.03,9.22
wheat,165,85,41,6.58,39.44,339.97,53.65,36.18,Silt,1.11,6.65,17.94,West,435,Kharif,Drip,127.5,3.85,6.24
potato,121,41,108,6.32,26.91,1959.09,44.92,26.97,Sandy,1.1,10.19,9.82,West,1997,Kharif,Canal,316.74,23.36,24.98
sugarcane,142,93,64,7.06,13.58,480.99,32.51,54.81,Loamy,1.33,8.94,6.28,North,1471,Zaid,Sprinkler,201.69,9.22,76.22
maize,107,66,143,5.02,29.27,305.64,48.44,56.11,Silt,0.39,6.7,11.44,Central,883,Zaid,Sprinkler,136.59,9.85,9.12
sugarcane,114,62,98,7.81,10.23,2005.58,64.96,37.81,Silt,0.81,5.47,14.89,South,1694,Rabi,Drip,231.19,22.19,75.87
maize,59,93,58,6.54,10.19,1432.92,61.46,38.33,Sandy,1.56,7.96,11.48,South,600,Zaid,Rainfed,226.92,20.35,10.23
cotton,78,82,47,7.78,15.37,2311.08,54.68,54.05,Sandy,0.37,10.55,4.75,East,1220,Rabi,Rainfed,156.61,1.78,8.42
maize,38,58,149,5.96,18.13,710.78,51.73,53.57,Clay,0.64,8.06,4.27,East,664,Zaid,Rainfed,250.05,1.48,9.85
cotton,174,31,106,7.02,17.89,1576.76,88.69,58.33,Loamy,1.17,10.23,13.19,Central,2142,Rabi,Rainfed,290.38,21.17,10.79
potato,98,52,71,8.05,23.3,590.09,60.02,47.28,Loamy,0.43,8.94,15.43,North,1358,Rabi,Sprinkler,267.48,2.88,24.67
cotton,87,24,145,8.01,25.4,1324.29,30.53,24.29,Silt,1.0,4.84,12.89,South,1638,Kharif,Rainfed,168.43,11.46,7.08
rice,91,68,92,8.01,22.66,1190.93,71.95,42.49,Loamy,1.23,8.92,2.59,South,1512,Kharif,Canal,296.97,3.68,11.94
potato,81,20,113,4.95,21.22,1895.51,64.99,34.12,Clay,1.28,8.24,6.48,South,1611,Rabi,Drip,252.8,10.94,24.08
cotton,69,20,21,6.17,30.1,1858.56,39.49,16.35,Clay,1.03,6.52,12.65,North,1485,Zaid,Drip,142.36,5.16,4.99
sugarcane,92,66,36,5.01,17.45,945.54,72.5,24.83,Sandy,0.95,10.67,13.09,West,1341,Rabi,Drip,310.95,15.91,72.93
potato,176,29,144,5.85,28.83,426.7,31.19,25.28,Sandy,1.23,6.31,8.89,North,473,Rabi,Drip,67.95,2.12,23.02
maize,79,82,40,5.39,38.7,561.95,73.53,19.12,Clay,0.49,4.59,6.07,East,518,Kharif,Sprinkler,247.24,16.82,8.0
rice,170,71,97,6.91,24.15,2582.32,38.97,37.67,Sandy,1.18,5.73,2.57,North,153,Rabi,Canal,214.3,13.18,10.77
wheat,107,70,98,7.45,25.34,2116.43,89.07,40.4,Clay,1.5,7.05,1.9,South,1589,Rabi,Rainfed,256.26,15.17,10.41
maize,126,21,70,6.55,31.85,2656.03,60.68,32.0,Sandy,1.19,10.23,2.94,North,550,Kharif,Sprinkler,212.33,8.77,10.72
potato,72,65,125,7.5,25.22,1844.32,30.64,35.62,Silt,0.36,4.2,6.74,South,1548,Kharif,Sprinkler,338.66,23.34,27.67
sugarcane,65,72,124,4.84,14.32,2498.22,80.28,42.47,Loamy,0.96,9.58,11.37,South,1515,Zaid,Drip,158.45,2.54,71.76
cotton,151,78,29,7.59,28.32,2232.09,79.49,21.02,Clay,1.24,5.94,15.42,West,833,Rabi,Rainfed,140.63,22.38,5.54
potato,137,40,135,5.41,25.26,911.88,75.8,43.11,Sandy,0.36,8.22,5.26,South,1354,Zaid,Drip,140.29,13.72,23.57
rice,39,72,74,6.37,38.54,2174.44,62.28,50.5,Clay,1.29,6.65,2.28,Central,888,Zaid,Canal,203.06,21.17,11.73
potato,124,45,55,6.3,12.79,1823.46,43.11,58.74,Silt,0.67,5.85,17.42,Central,1622,Kharif,Canal,252.6,20.1,25.81
wheat,35,80,70,7.77,26.09,724.52,68.4,30.08,Clay,1.07,7.55,11.49,North,826,Rabi,Drip,83.33,6.14,9.1
maize,86,27,93,8.08,28.51,535.28,80.88,52.37,Sandy,1.56,6.62,3.42,South,840,Zaid,Rainfed,324.94,5.38,10.81
maize,158,32,36,5.67,28.6,1216.66,59.58,45.3,Sandy,1.59,6.75,5.26,East,1271,Kharif,Drip,136.51,12.38,8.93
rice,100,89,80,5.03,11.79,1764.24,34.03,40.14,Clay,1.12,5.13,8.12,Central,1624,Rabi,Drip,63.7,17.77,8.02
potato,50,27,110,7.01,19.83,1691.73,88.52,60.98,Clay,0.94,5.0,17.45,Central,1581,Rabi,Sprinkler,328.43,8.5,26.05
rice,121,38,114,6.51,17.88,1502.98,70.6,46.0,Sandy,0.53,5.83,2.99,South,1354,Zaid,Canal,129.18,22.32,9.6
rice,156,71,99,6.72,30.4,1497.0,88.91,33.3,Silt,0.57,8.12,8.26,Central,51,Kharif,Rainfed,252.1,8.49,11.23
wheat,109,43,122,4.96,32.06,341.23,41.22,50.65,Silt,0.86,5.63,8.43,West,556,Kharif,Sprinkler,70.25,1.04,7.23
sugarcane,85,70,67,7.44,16.28,353.96,42.2,62.99,Silt,1.21,9.41,17.87,East,126,Rabi,Canal,238.85,18.45,72.58
cotton,145,68,105,5.59,34.78,1319.44,36.03,60.91,Loamy,1.3,9.7,4.28,East,243,Kharif,Drip,138.14,4.08,6.5
potato,177,19,89,5.94,24.55,1587.94,42.63,64.01,Loamy,0.59,5.13,8.96,South,223,Zaid,Canal,117.87,22.93,25.5
rice,54,49,66,5.58,17.89,1988.86,36.5,19.75,Loamy,1.0,10.83,17.78,West,592,Zaid,Rainfed,78.29,16.41,7.26
sugarcane,34,33,29,8.02,18.99,1963.05,46.38,37.17,Clay,1.07,5.86,12.17,South,1076,Zaid,Drip,318.92,7.54,75.12
potato,149,69,99,5.37,17.91,2762.8,64.82,36.63,Loamy,1.46,4.51,3.81,Central,1778,Zaid,Drip,329.33,10.78,28.43
cotton,50,91,32,7.29,28.13,1279.5,79.18,34.19,Clay,1.44,7.07,16.91,South,1690,Rabi,Sprinkler,299.85,10.42,7.83
sugarcane,47,83,77,5.64,25.81,616.87,35.78,23.92,Silt,1.36,5.27,10.23,West,1535,Rabi,Drip,145.27,13.71,73.99
rice,86,58,103,6.24,38.16,1052.44,39.45,56.61,Sandy,0.97,9.49,14.84,Central,2077,Rabi,Rainfed,60.03,5.59,9.24
rice,122,92,87,8.19,18.21,2216.39,47.39,48.65,Loamy,0.38,4.8,14.7,Central,200,Rabi,Drip,129.9,2.73,9.01
maize,48,52,103,5.14,19.58,909.65,50.6,45.3,Sandy,0.73,7.39,10.39,East,193,Rabi,Rainfed,230.42,15.16,9.59
cotton,157,76,105,7.8,10.19,2343.71,83.35,37.34,Loamy,1.11,4.59,14.88,West,280,Rabi,Rainfed,155.69,14.58,7.7
maize,126,36,82,8.02,18.95,2315.14,43.61,34.43,Loamy,1.13,10.29,16.04,Central,1941,Rabi,Sprinkler,98.57,9.26,8.9
maize,160,87,62,7.17,17.53,1473.03,37.68,54.32,Sandy,1.4,6.16,14.81,Central,702,Zaid,Rainfed,117.98,21.92,10.13
cotton,50,54,49,4.83,22.06,2125.18,82.42,41.34,Silt,0.79,8.32,11.73,Central,731,Zaid,Drip,293.51,19.11,7.8
maize,69,40,86,7.59,24.87,2303.01,82.96,45.38,Silt,1.52,9.11,10.99,West,1007,Rabi,Canal,150.96,5.33,9.85
maize,96,19,43,7.8,30.11,2115.78,77.11,20.0,Silt,0.51,4.22,8.88,West,562,Rabi,Canal,99.01,13.61,8.97
maize,156,68,120,8.14,15.76,1081.85,52.88,38.57,Sandy,0.36,6.67,2.38,South,1893,Rabi,Sprinkler,233.02,2.78,9.03
cotton,84,63,125,7.65,26.69,724.72,84.77,21.52,Clay,0.53,5.98,9.12,Central,286,Zaid,Sprinkler,225.56,7.17,4.89
potato,138,17,120,6.31,31.86,598.09,56.36,17.69,Sandy,0.9,7.82,11.7,East,1803,Kharif,Drip,176.29,22.87,25.96
sugarcane,127,52,27,7.14,17.24,2708.57,77.49,49.46,Clay,1.37,9.4,8.69,North,787,Rabi,Sprinkler,207.24,22.32,76.67
sugarcane,141,28,115,6.45,20.54,536.21,56.09,28.74,Silt,0.5,4.91,8.12,West,304,Rabi,Rainfed,134.92,6.93,74.06
wheat,144,61,54,6.0,16.15,1402.18,58.91,63.25,Clay,1.01,7.33,5.01,East,2124,Rabi,Drip,261.74,7.12,10.53
sugarcane,146,28,115,6.93,13.33,554.07,81.62,45.27,Silt,1.31,4.91,7.22,East,2157,Kharif,Canal,124.27,23.86,74.77
wheat,116,89,69,7.42,32.69,2286.99,30.06,47.26,Silt,0.35,9.53,4.47,North,1908,Zaid,Sprinkler,229.23,13.06,10.15
wheat,110,87,21,6.96,17.2,1682.84,46.44,24.84,Silt,0.35,9.5,2.32,West,346,Kharif,Rainfed,199.08,23.57,10.43
cotton,95,52,63,7.61,21.03,739.28,68.63,21.44,Silt,0.94,6.32,13.31,West,73,Kharif,Drip,100.19,9.67,3.43
wheat,48,78,121,5.4,17.43,2699.25,85.32,41.27,Sandy,0.54,6.3,12.9,South,1484,Rabi,Sprinkler,175.62,16.1,7.42
sugarcane,164,58,149,6.07,11.31,2420.9,30.75,61.28,Loamy,0.89,8.19,9.8,West,1148,Zaid,Rainfed,209.69,20.03,77.9
sugarcane,147,84,91,5.86,31.87,617.41,57.86,17.79,Loamy,0.36,10.98,2.34,East,1915,Rabi,Sprinkler,69.39,6.71,72.44
sugarcane,71,79,129,5.46,29.3,2333.2,60.99,40.41,Loamy,1.57,10.86,11.48,South,1393,Rabi,Canal,292.26,17.34,74.63
rice,71,39,148,6.31,24.28,2411.05,89.96,24.94,Sandy,1.15,6.21,5.74,Central,2085,Zaid,Sprinkler,269.93,0.78,10.22
rice,88,30,122,8.02,30.23,2229.5,71.83,54.1,Silt,1.19,9.81,17.14,West,1155,Zaid,Rainfed,134.25,1.79,9.31
cotton,49,29,46,6.63,35.39,1177.87,37.58,49.1,Silt,0.96,6.21,1.82,South,1802,Kharif,Drip,131.46,6.47,6.81
rice,102,95,112,5.77,28.55,941.3,63.32,19.86,Silt,1.37,7.58,1.05,North,2107,Rabi,Canal,151.41,10.32,9.77
sugarcane,46,17,119,6.0,37.2,1612.3,39.24,45.82,Loamy,1.38,4.22,15.15,Central,1347,Zaid,Drip,292.24,9.36,75.13
maize,56,81,136,6.88,16.04,1485.62,73.57,64.18,Silt,0.51,10.58,4.94,North,1630,Rabi,Drip,321.23,11.99,11.8
maize,31,51,141,6.0,36.5,1759.16,51.8,41.41,Clay,1.3,9.14,12.39,North,2090,Kharif,Drip,110.28,19.86,11.15
rice,92,95,129,6.63,26.25,1344.97,69.66,29.27,Sandy,1.04,10.06,6.93,East,125,Rabi,Rainfed,61.84,19.23,7.85
sugarcane,91,69,92,5.73,35.25,826.86,83.67,22.61,Silt,1.29,7.91,15.0,West,803,Zaid,Sprinkler,275.43,13.71,73.66
maize,129,52,49,5.98,32.31,1725.53,77.5,64.48,Silt,1.49,4.46,15.51,East,388,Kharif,Canal,186.88,3.5,10.27
cotton,48,77,38,7.2,11.73,1643.96,77.81,43.19,Silt,0.74,7.07,17.01,East,193,Zaid,Sprinkler,249.77,16.17,5.79
maize,46,15,121,6.79,35.13,2571.01,46.83,33.73,Clay,1.04,6.57,7.55,South,229,Kharif,Sprinkler,313.42,22.12,12.73
maize,98,85,86,5.12,20.12,1888.04,65.46,25.72,Silt,1.32,7.61,1.1,South,1292,Zaid,Drip,329.49,11.77,11.12
wheat,146,33,69,8.11,22.69,2223.71,41.26,62.51,Loamy,1.58,5.47,3.45,Central,586,Zaid,Drip,177.73,4.3,9.31
wheat,110,66,67,4.97,10.33,1367.9,43.26,46.35,Silt,1.1,7.16,6.24,East,663,Zaid,Rainfed,131.37,6.86,7.17
sugarcane,68,44,22,5.08,32.76,2356.09,72.47,17.88,Loamy,1.24,4.21,14.74,West,98,Rabi,Rainfed,291.94,15.68,73.35
rice,65,69,85,7.18,24.01,1074.17,54.41,17.97,Loamy,1.4,5.04,16.48,North,485,Zaid,Rainfed,169.47,16.26,7.4
wheat,161,28,125,7.21,38.19,2744.76,83.31,61.97,Silt,1.28,10.1,4.57,East,279,Kharif,Drip,88.44,3.03,10.7
rice,58,27,130,4.86,18.43,2339.21,59.23,50.5,Clay,1.53,6.65,7.64,South,1885,Kharif,Sprinkler,270.47,17.71,11.53
cotton,80,98,59,6.99,24.88,310.93,34.14,20.17,Loamy,0.6,7.0,10.63,Central,489,Rabi,Sprinkler,275.15,24.22,7.44
potato,43,41,144,4.91,22.33,2344.84,54.88,46.19,Silt,1.48,6.5,5.71,North,1909,Kharif,Drip,118.78,6.28,25.26
sugarcane,98,23,37,8.07,33.76,1645.09,38.04,35.97,Silt,0.57,8.34,6.83,North,755,Zaid,Canal,67.4,0.32,71.45
wheat,175,55,38,7.17,26.07,1750.12,89.67,54.44,Clay,1.03,4.03,14.38,South,1680,Zaid,Sprinkler,94.71,12.18,8.39
wheat,86,62,108,5.43,23.8,2795.82,31.43,28.69,Silt,0.98,10.64,3.87,Central,1523,Kharif,Sprinkler,151.09,24.39,10.49
maize,41,26,76,5.34,38.4,2093.95,63.7,34.14,Sandy,1.38,7.88,10.16,East,1471,Kharif,Drip,164.65,1.12,7.84
cotton,46,24,149,6.74,21.34,625.75,51.86,23.37,Sandy,0.82,6.67,10.88,East,1818,Kharif,Rainfed,317.16,13.33,7.4
cotton,59,20,57,6.95,24.7,2185.16,66.41,27.62,Sandy,0.49,10.04,3.41,East,120,Rabi,Sprinkler,208.69,8.3,7.26
potato,117,48,101,7.63,26.62,798.78,62.35,24.46,Silt,1.22,7.48,12.94,North,1346,Kharif,Sprinkler,315.7,11.79,25.68
wheat,128,66,55,7.87,11.62,2637.34,85.09,16.22,Loamy,1.09,4.65,4.4,West,1076,Rabi,Drip,114.39,22.02,6.55
potato,52,55,107,6.13,25.8,959.36,40.95,17.31,Clay,1.38,10.39,12.86,North,273,Zaid,Canal,285.14,11.37,22.66
wheat,158,97,138,7.67,20.07,1454.36,37.18,56.78,Silt,1.29,6.71,7.79,Central,1057,Zaid,Sprinkler,86.57,18.28,10.06
maize,108,20,104,6.64,29.51,2332.05,82.22,55.19,Loamy,1.46,8.0,11.4,South,649,Zaid,Rainfed,297.64,19.72,10.85
maize,61,16,43,6.4,29.31,2710.57,85.91,22.04,Silt,1.39,10.61,10.91,West,2085,Kharif,Canal,168.28,16.63,8.37
wheat,38,29,49,7.18,31.34,692.77,51.31,48.39,Sandy,1.19,6.07,17.73,North,1952,Kharif,Sprinkler,254.31,3.62,7.18
rice,44,31,47,5.15,21.97,472.61,87.38,52.28,Sandy,0.91,5.25,2.08,South,524,Zaid,Sprinkler,333.33,23.95,9.59
sugarcane,56,30,128,5.7,13.14,2275.19,50.57,17.56,Loamy,0.33,10.06,5.73,South,1238,Zaid,Canal,292.57,4.59,75.69
sugarcane,138,42,54,7.58,23.17,2456.83,65.06,19.43,Loamy,0.7,7.65,11.03,West,1694,Zaid,Sprinkler,120.66,15.06,71.58
maize,105,99,138,6.51,26.57,1805.15,70.0,43.15,Loamy,1.25,8.87,13.87,North,1673,Zaid,Sprinkler,266.35,3.4,11.95
sugarcane,177,86,53,7.89,10.75,727.14,89.64,33.71,Clay,0.38,4.77,16.2,North,1984,Rabi,Sprinkler,163.15,0.54,74.13
sugarcane,94,24,122,5.1,26.42,692.94,40.22,49.97,Loamy,1.28,8.87,2.67,South,1665,Zaid,Rainfed,250.31,0.99,73.6
cotton,138,24,136,5.87,21.98,1451.49,47.68,42.88,Sandy,0.97,8.02,5.75,West,792,Zaid,Drip,85.26,9.67,7.27
wheat,158,24,95,6.01,24.35,784.75,62.77,16.55,Sandy,1.43,6.29,2.93,East,143,Zaid,Drip,62.41,10.87,7.54
wheat,39,87,73,6.24,19.1,1167.02,42.88,49.18,Clay,1.16,9.95,2.24,North,1150,Rabi,Drip,330.23,14.48,10.03
wheat,76,42,48,8.16,24.76,2285.79,64.8,25.2,Silt,1.34,7.22,1.32,North,1232,Zaid,Drip,333.95,8.63,8.38
maize,152,38,46,5.86,36.46,564.4,76.69,30.63,Loamy,0.52,6.86,14.67,Central,1925,Kharif,Sprinkler,102.77,10.3,5.48
cotton,88,33,32,6.56,33.64,1059.21,82.75,51.82,Clay,0.52,5.28,3.66,South,2092,Rabi,Canal,332.52,22.54,9.31
sugarcane,125,82,61,6.62,28.48,1291.53,50.17,53.56,Silt,0.57,5.78,7.59,Central,1385,Zaid,Sprinkler,224.76,8.63,76.25
cotton,132,70,40,7.42,28.8,868.66,40.35,32.29,Silt,0.73,5.91,1.21,West,1293,Kharif,Sprinkler,225.22,7.87,7.46
maize,153,81,89,6.56,36.86,2071.02,71.14,19.46,Loamy,1.48,6.84,15.11,South,1050,Kharif,Sprinkler,272.82,17.99,11.01
rice,115,56,29,6.86,24.39,1472.0,71.19,53.48,Sandy,1.31,7.51,2.84,East,1005,Zaid,Sprinkler,281.04,24.46,10.29
maize,175,26,125,7.36,26.18,2666.56,56.27,58.51,Loamy,0.77,10.93,8.55,West,422,Kharif,Drip,128.97,0.61,9.53
wheat,141,32,31,5.14,35.81,1149.64,65.62,63.22,Loamy,1.49,7.82,7.12,South,21,Kharif,Drip,293.74,1.71,10.18
potato,56,37,147,8.08,32.64,2613.81,77.91,30.89,Sandy,1.31,7.27,5.32,South,693,Kharif,Rainfed,297.02,19.18,24.57
rice,47,98,147,7.68,22.99,1720.67,73.99,21.19,Sandy,1.15,8.48,8.85,Central,648,Rabi,Sprinkler,113.82,1.47,7.59
rice,111,20,80,6.12,19.16,1646.85,70.37,61.88,Sandy,0.87,9.29,1.67,East,624,Kharif,Drip,243.16,18.7,11.93
cotton,101,67,45,7.28,25.53,887.13,69.71,34.99,Silt,1.15,10.86,7.19,East,1113,Kharif,Sprinkler,275.7,9.42,6.52
rice,83,56,34,7.39,13.62,2669.43,73.45,19.68,Silt,1.07,10.99,10.15,West,80,Rabi,Sprinkler,229.99,12.75,8.69
wheat,100,80,41,7.69,30.41,1095.83,66.45,39.94,Loamy,1.32,10.03,11.33,North,476,Zaid,Drip,148.8,0.69,8.04
wheat,175,44,108,5.44,23.93,1666.56,35.07,24.53,Clay,0.59,4.3,10.32,Central,1388,Zaid,Canal,141.98,7.55,7.94
wheat,67,23,84,7.19,27.85,2648.58,64.97,32.76,Loamy,1.45,4.29,8.72,Central,225,Kharif,Rainfed,342.37,20.93,10.22
maize,166,56,40,4.91,35.39,2426.61,83.38,31.02,Clay,1.07,6.26,10.94,North,1736,Rabi,Sprinkler,302.93,23.84,11.29
cotton,64,48,35,5.19,20.69,1071.96,32.26,64.36,Loamy,1.35,10.08,2.52,Central,2125,Zaid,Rainfed,136.11,13.76,6.32
maize,111,54,35,7.44,24.92,2312.85,53.94,46.98,Loamy,0.75,9.33,6.26,North,859,Zaid,Canal,295.51,24.62,9.72
sugarcane,162,31,61,7.56,26.67,2001.97,53.58,39.59,Loamy,0.81,8.41,17.43,West,1129,Rabi,Canal,147.92,2.45,73.16
wheat,171,43,60,6.81,18.41,383.44,45.24,40.69,Silt,1.52,5.35,17.27,South,1316,Zaid,Canal,334.61,21.74,10.16
cotton,33,64,127,6.78,18.25,1532.15,64.47,45.2,Loamy,1.11,10.8,11.71,South,1467,Rabi,Canal,293.8,18.86,7.85
wheat,179,90,144,7.35,25.79,1356.08,40.24,58.64,Clay,0.71,10.29,9.49,East,1723,Kharif,Drip,295.34,2.87,10.16
rice,52,63,32,7.88,17.71,1947.29,84.98,22.3,Silt,0.41,10.39,4.91,Central,58,Zaid,Sprinkler,73.8,17.45,7.62
cotton,77,87,98,6.23,35.84,2057.07,39.34,44.98,Loamy,0.86,7.55,7.12,Central,850,Rabi,Canal,79.07,16.21,7.93
cotton,177,75,61,5.19,39.85,2061.42,87.9,31.11,Sandy,1.4,6.58,12.0,Central,1831,Kharif,Rainfed,295.86,23.67,9.38
potato,154,97,140,7.65,16.33,1449.83,30.7,43.57,Silt,0.63,8.46,14.81,South,189,Rabi,Rainfed,190.74,5.7,24.87
sugarcane,84,60,35,5.96,27.26,2668.25,59.28,40.89,Sandy,1.42,8.59,15.06,South,112,Kharif,Sprinkler,331.49,8.24,77.75
maize,97,60,63,5.25,14.36,477.64,32.17,16.5,Loamy,0.51,10.49,3.35,South,1097,Kharif,Drip,260.11,4.77,8.3
maize,117,31,140,6.89,15.57,1922.09,82.63,44.12,Clay,0.47,8.0,9.59,East,2127,Zaid,Canal,157.28,23.28,11.71
wheat,30,80,43,6.77,32.98,1397.78,77.92,50.46,Sandy,1.09,10.15,13.14,North,270,Kharif,Canal,136.72,21.5,9.65
wheat,164,19,45,6.41,15.99,881.29,43.5,27.3,Sandy,1.35,6.21,12.84,North,1617,Zaid,Sprinkler,330.57,6.95,7.63
rice,124,68,77,7.72,32.47,641.67,38.28,20.34,Silt,1.31,4.3,17.55,Central,517,Rabi,Drip,106.87,21.51,8.67
rice,169,30,28,5.73,22.12,1456.14,42.72,25.58,Sandy,1.01,7.05,3.16,North,364,Kharif,Drip,220.85,24.02,11.15
cotton,135,95,145,4.84,24.38,1063.29,34.7,46.82,Loamy,1.13,5.4,8.85,North,1110,Rabi,Drip,155.8,3.19,7.66
rice,162,21,38,5.9,17.78,848.11,44.22,38.44,Silt,0.64,9.45,2.33,South,604,Zaid,Canal,321.46,23.81,10.19
sugarcane,137,22,47,4.83,26.47,390.79,34.09,58.27,Sandy,1.02,9.63,10.7,South,366,Zaid,Canal,347.25,22.16,72.48
cotton,71,86,64,6.65,19.95,1082.01,81.15,29.25,Clay,0.57,9.48,12.62,North,1774,Rabi,Rainfed,220.45,22.55,7.45
maize,131,96,147,6.09,15.24,2629.83,81.18,33.25,Silt,1.51,7.24,2.27,North,2078,Rabi,Sprinkler,78.02,1.46,10.56
potato,153,52,113,7.57,14.17,1646.02,62.94,41.4,Clay,1.18,10.25,10.07,Central,1314,Rabi,Drip,341.49,23.48,28.36
rice,169,68,35,7.51,39.99,903.54,85.19,38.0,Clay,1.03,7.12,17.53,East,1529,Zaid,Drip,185.49,24.87,10.07
rice,132,90,24,6.28,20.37,2739.36,51.02,42.39,Silt,0.62,8.2,1.6,South,538,Kharif,Drip,188.37,17.81,11.22
rice,175,29,71,5.54,34.15,1927.93,40.73,30.6,Sandy,0.83,5.49,4.03,South,1816,Kharif,Drip,179.01,20.92,10.44
wheat,103,64,25,6.24,20.24,1567.72,48.26,23.33,Sandy,1.31,4.17,10.29,Central,1655,Kharif,Canal,148.65,12.17,4.85
wheat,137,70,68,6.98,28.69,2633.71,37.42,55.17,Clay,0.61,8.23,13.11,South,744,Zaid,Rainfed,88.77,2.43,7.94
potato,151,23,99,5.45,35.23,2252.6,79.34,16.96,Sandy,0.47,8.57,15.01,East,2094,Zaid,Sprinkler,300.61,11.83,24.72
sugarcane,46,22,117,7.43,30.88,1631.04,75.63,33.49,Silt,0.7,10.5,6.06,Central,677,Rabi,Rainfed,133.98,22.49,73.04
sugarcane,100,33,126,5.92,12.07,317.63,41.39,19.37,Clay,1.33,9.91,6.7,West,921,Zaid,Sprinkler,194.71,11.13,73.05
rice,91,65,56,7.97,15.78,1335.11,62.73,51.82,Loamy,1.45,9.43,14.41,South,1819,Kharif,Canal,123.34,8.47,7.97
wheat,70,86,135,6.54,36.21,2299.17,46.84,33.28,Loamy,0.84,8.9,8.15,North,1862,Kharif,Canal,64.38,15.87,8.52
rice,148,71,36,7.68,24.14,1012.25,37.87,16.5,Loamy,1.32,7.02,15.89,North,1448,Kharif,Drip,211.76,24.22,9.22
sugarcane,74,82,51,6.89,27.95,436.04,44.72,18.79,Sandy,0.73,7.42,16.64,Central,872,Kharif,Drip,114.44,14.2,72.34
cotton,87,45,44,6.69,10.73,1820.41,65.99,24.93,Loamy,0.96,9.46,15.47,North,340,Kharif,Sprinkler,159.41,13.32,6.96
wheat,155,17,41,7.12,24.62,2548.94,69.04,54.35,Loamy,0.33,5.11,2.43,West,1872,Kharif,Drip,125.6,11.73,9.99
potato,73,97,80,7.56,22.93,2771.96,41.21,54.96,Clay,1.23,9.02,10.18,West,1619,Kharif,Canal,232.25,10.36,26.32
rice,44,57,145,6.99,30.59,586.48,76.43,64.83,Silt,1.23,8.37,17.09,West,733,Rabi,Sprinkler,302.44,10.47,10.43
potato,107,43,63,7.51,18.23,2705.09,64.49,27.05,Clay,0.43,5.57,17.38,West,986,Rabi,Canal,78.68,24.27,24.57
cotton,99,24,121,5.45,32.32,1259.15,55.76,18.02,Clay,0.77,7.12,9.94,Central,1323,Zaid,Canal,97.31,7.0,4.05
rice,130,26,39,5.74,30.13,2163.89,68.78,29.16,Loamy,0.93,9.48,8.36,East,488,Zaid,Rainfed,209.9,11.94,7.82
potato,32,60,128,5.58,25.29,810.41,50.0,23.94,Clay,1.31,4.81,4.2,Central,391,Zaid,Drip,130.22,3.01,24.12
potato,115,44,107,7.51,21.27,1981.45,45.83,50.52,Loamy,1.37,8.37,17.95,South,738,Kharif,Sprinkler,307.78,11.8,26.44
maize,103,96,66,5.09,19.06,1978.7,85.58,63.46,Sandy,1.23,6.95,11.54,North,1215,Zaid,Sprinkler,251.07,8.41,11.58
cotton,80,46,70,7.51,26.05,1005.54,83.95,28.65,Loamy,0.58,5.75,2.36,West,313,Zaid,Sprinkler,283.56,12.11,6.01
rice,96,87,58,6.12,27.3,1413.81,58.51,31.43,Silt,0.76,10.24,15.91,South,1053,Rabi,Rainfed,300.95,10.83,9.56
sugarcane,105,61,33,5.07,23.44,1336.52,66.23,32.56,Clay,0.62,7.34,12.16,South,2099,Kharif,Drip,66.22,22.26,72.17
potato,122,77,40,6.24,19.62,1937.54,69.42,57.85,Silt,1.13,10.91,6.64,East,1787,Kharif,Canal,324.68,15.2,26.25
maize,174,40,119,5.82,36.4,2742.92,69.34,43.9,Silt,1.14,8.45,4.15,Central,1922,Rabi,Sprinkler,324.81,10.21,13.55
sugarcane,36,17,116,6.81,19.31,1725.26,61.69,63.7,Clay,0.32,6.31,12.31,North,1087,Rabi,Rainfed,64.08,9.81,74.81
cotton,42,37,20,6.41,30.16,1660.92,48.76,46.36,Clay,1.25,6.1,1.16,West,1640,Zaid,Sprinkler,70.18,1.33,6.74
sugarcane,149,89,128,5.81,37.14,1145.09,83.37,50.29,Clay,0.6,8.86,15.69,West,451,Zaid,Rainfed,107.36,5.8,74.79
sugarcane,95,88,101,7.73,29.41,1994.52,63.72,19.46,Silt,1.34,6.44,11.71,East,1351,Kharif,Canal,341.48,22.2,77.44
cotton,33,64,37,6.18,20.98,2415.24,84.44,62.58,Sandy,1.38,8.04,4.61,East,1,Zaid,Sprinkler,220.16,9.27,10.64
sugarcane,167,50,77,6.4,18.92,546.67,79.7,46.4,Silt,1.34,7.96,12.82,West,1454,Kharif,Canal,187.73,23.95,73.56
cotton,117,27,145,7.68,35.6,903.38,68.98,41.01,Sandy,0.83,4.11,5.47,West,350,Rabi,Drip,320.67,4.1,6.69
rice,46,43,92,5.1,24.7,1782.63,72.63,34.37,Loamy,0.75,8.85,16.04,West,186,Rabi,Sprinkler,276.11,3.59,8.23
wheat,81,52,129,6.13,27.8,510.04,84.67,18.85,Clay,0.87,7.97,12.25,East,1033,Zaid,Drip,74.19,21.91,6.05
potato,163,91,71,6.17,27.89,1169.14,67.88,21.67,Silt,0.99,9.67,16.07,South,1293,Zaid,Sprinkler,330.25,12.95,24.94
sugarcane,98,98,65,6.49,26.01,1498.78,58.1,15.58,Sandy,0.62,10.57,13.41,South,1416,Kharif,Canal,311.22,21.32,77.29
maize,166,19,126,5.16,37.94,2314.52,56.54,64.93,Sandy,1.51,7.42,7.7,Central,1375,Kharif,Sprinkler,181.16,7.7,10.78
cotton,50,34,32,5.15,37.93,1616.5,88.79,54.31,Sandy,0.96,9.43,14.86,North,1018,Zaid,Drip,81.52,5.97,4.8
sugarcane,53,92,115,6.22,11.21,1250.19,75.1,54.87,Clay,0.4,7.28,14.88,South,1674,Kharif,Rainfed,282.93,15.75,77.05
cotton,33,28,36,4.91,25.17,668.48,70.28,51.5,Sandy,1.6,6.05,17.5,West,1515,Zaid,Sprinkler,80.97,7.89,3.84
maize,32,22,86,5.67,26.97,806.06,35.76,39.21,Clay,0.93,10.31,11.52,East,1486,Rabi,Canal,164.56,0.85,7.59
rice,97,62,80,5.48,37.77,1595.31,65.28,19.41,Silt,1.53,8.32,12.68,West,1748,Rabi,Canal,72.73,22.51,6.57
sugarcane,130,27,84,6.46,12.09,2311.65,41.33,18.61,Sandy,0.81,4.42,9.19,West,239,Kharif,Canal,224.43,20.51,74.2
cotton,83,38,108,4.84,33.67,1297.68,53.39,60.82,Sandy,0.59,10.54,5.59,West,1541,Zaid,Sprinkler,168.28,13.15,6.37
potato,64,93,75,7.1,29.27,869.52,63.44,15.02,Clay,1.26,6.92,2.4,North,1809,Zaid,Canal,307.64,6.43,23.53
wheat,85,79,24,7.71,31.97,1247.45,30.48,49.96,Clay,0.86,8.68,13.82,North,2133,Zaid,Canal,225.43,8.18,6.79
sugarcane,137,48,120,7.2,18.75,438.24,81.74,46.43,Silt,1.45,10.71,8.98,East,62,Zaid,Drip,252.71,0.86,75.45
sugarcane,69,65,106,7.58,32.4,1627.04,56.32,40.06,Clay,0.9,7.74,15.36,North,292,Rabi,Drip,109.4,3.15,74.23
rice,97,17,80,6.99,18.48,485.67,67.36,63.75,Silt,0.74,8.19,8.35,West,1478,Kharif,Canal,296.56,8.39,12.56
wheat,75,92,88,6.53,30.27,2424.83,42.12,24.91,Silt,1.56,5.32,17.02,North,531,Zaid,Rainfed,326.47,20.68,12.02
cotton,107,72,82,5.54,33.61,2208.12,72.07,54.26,Sandy,1.38,9.45,7.32,East,1724,Rabi,Sprinkler,276.6,19.48,10.32
cotton,170,86,63,5.75,33.5,2058.33,48.6,48.74,Loamy,0.57,7.65,8.41,North,1443,Zaid,Drip,81.18,10.28,6.94
potato,35,69,47,5.88,26.33,2662.69,60.97,63.72,Loamy,0.94,7.41,12.18,South,1322,Kharif,Sprinkler,294.59,21.63,27.32
wheat,46,94,32,4.93,22.41,2522.9,49.39,61.7,Clay,0.45,5.24,6.4,East,619,Kharif,Canal,271.51,14.04,11.62
potato,128,56,49,7.9,17.31,306.81,68.67,21.43,Clay,0.44,7.09,11.67,West,1407,Zaid,Drip,115.14,23.11,21.42
maize,110,35,82,7.86,11.0,2248.0,81.02,30.39,Loamy,1.41,10.64,1.22,South,1601,Kharif,Drip,114.83,0.56,10.45
sugarcane,31,24,92,5.17,11.47,1763.22,68.46,57.54,Silt,1.51,6.71,5.16,West,2155,Zaid,Sprinkler,314.82,21.6,76.7
cotton,106,71,76,6.69,22.56,1388.79,40.69,26.43,Loamy,1.26,5.55,4.97,Central,412,Zaid,Canal,97.38,17.7,7.87
cotton,95,39,83,6.39,12.85,1017.95,44.98,33.93,Silt,1.59,8.19,2.89,East,1159,Rabi,Sprinkler,66.15,8.46,7.04
rice,81,70,71,7.12,13.36,790.37,61.36,46.3,Silt,0.36,7.56,16.73,North,506,Kharif,Canal,135.47,17.45,6.8
wheat,121,52,82,6.85,15.84,2505.88,46.28,43.15,Clay,0.73,7.36,17.73,Central,1503,Kharif,Drip,192.45,17.55,10.61
sugarcane,51,75,112,5.22,24.44,1207.67,41.73,47.03,Clay,0.47,5.14,1.68,West,204,Zaid,Drip,206.32,15.07,74.33
rice,140,61,126,7.04,27.75,1420.46,32.8,50.67,Clay,1.32,10.36,8.55,Central,2193,Kharif,Sprinkler,249.88,22.77,10.81
maize,136,68,128,6.87,30.83,2082.53,36.25,51.44,Loamy,1.46,8.26,3.82,West,1937,Rabi,Canal,317.7,22.45,12.66
cotton,96,60,107,6.61,24.59,2264.59,63.89,51.88,Loamy,0.88,8.35,15.1,Central,878,Zaid,Canal,303.14,5.74,11.38
rice,169,82,64,6.17,29.94,1863.41,41.68,64.58,Loamy,1.38,4.83,3.51,South,1229,Rabi,Rainfed,308.2,5.9,12.53
maize,98,18,127,8.05,35.86,1348.87,59.9,32.83,Silt,1.4,7.19,4.13,South,238,Zaid,Sprinkler,82.61,11.48,8.78
sugarcane,113,80,65,7.69,21.22,460.22,68.51,17.21,Clay,0.48,8.08,13.49,East,509,Kharif,Rainfed,68.51,16.95,70.61
rice,132,57,96,6.79,30.65,1829.23,45.01,32.44,Sandy,0.79,10.47,2.52,East,559,Rabi,Canal,195.44,18.92,10.11
wheat,68,76,65,4.82,29.76,2415.69,86.97,60.58,Loamy,0.54,8.06,17.14,South,1554,Zaid,Drip,136.44,24.73,6.77
wheat,42,99,148,6.27,29.09,413.91,45.4,19.17,Sandy,1.17,10.71,13.46,Central,663,Kharif,Rainfed,296.08,6.55,8.23
rice,70,99,111,7.18,27.5,1183.0,39.73,47.35,Sandy,0.8,8.84,17.61,East,399,Kharif,Drip,313.06,13.44,10.52
potato,86,99,31,5.2,31.78,919.12,57.41,36.16,Loamy,1.17,5.09,8.6,East,1589,Rabi,Canal,195.37,5.2,23.44
wheat,41,18,107,6.18,34.56,1650.79,56.53,61.08,Loamy,1.44,4.46,4.93,South,1068,Zaid,Rainfed,247.75,21.34,9.15
maize,42,79,92,5.45,21.76,327.09,81.5,61.43,Loamy,0.84,7.84,16.91,Central,681,Kharif,Canal,127.39,9.34,6.96
rice,149,76,121,5.95,29.64,2506.42,32.84,54.26,Clay,1.56,10.61,9.63,East,697,Kharif,Rainfed,227.7,23.91,13.46
sugarcane,126,16,118,4.89,17.46,2279.18,46.35,19.93,Sandy,0.83,6.23,17.15,South,248,Kharif,Rainfed,257.97,18.03,74.48
cotton,86,23,77,5.23,32.68,560.45,82.74,16.24,Silt,0.58,10.19,17.21,Central,127,Zaid,Sprinkler,166.38,18.6,3.23
cotton,69,71,147,6.35,36.41,2531.12,75.52,21.83,Sandy,0.99,5.02,14.59,North,1926,Zaid,Canal,240.89,1.64,8.1
rice,147,59,136,7.85,32.84,2218.41,30.23,31.09,Silt,0.82,9.19,4.84,North,193,Rabi,Drip,70.19,14.57,8.32
rice,109,32,54,6.47,24.73,2691.62,61.67,27.07,Sandy,0.46,6.91,4.98,North,1986,Rabi,Drip,288.14,1.1,11.73
maize,157,62,103,6.34,14.0,946.62,44.68,33.49,Sandy,0.33,4.09,11.99,West,896,Zaid,Rainfed,220.94,1.89,11.47
maize,64,56,85,7.48,36.19,2438.02,89.3,22.15,Clay,1.27,6.03,9.11,South,1169,Zaid,Sprinkler,74.5,23.74,9.41
rice,32,55,45,5.71,34.44,664.01,89.01,52.63,Silt,1.51,6.81,8.08,South,134,Zaid,Canal,192.23,1.65,7.51
wheat,149,89,61,5.12,30.94,2040.71,85.64,57.26,Loamy,0.87,7.06,4.47,Central,1157,Zaid,Canal,234.74,23.4,12.11
potato,34,72,96,5.51,35.54,479.54,30.6,39.4,Loamy,0.39,5.2,4.77,West,673,Kharif,Sprinkler,82.67,6.35,23.62
sugarcane,40,56,49,7.49,25.99,2085.48,84.3,62.83,Clay,1.26,8.32,7.2,North,1066,Rabi,Canal,345.78,0.49,79.51
sugarcane,155,49,135,7.1,39.72,679.4,49.6,21.02,Loamy,1.43,9.93,11.73,East,2043,Kharif,Rainfed,275.4,24.28,74.12
maize,100,52,55,5.11,35.11,2137.53,68.51,20.29,Sandy,0.72,8.82,1.71,West,1210,Kharif,Sprinkler,135.09,11.59,6.9
wheat,146,81,38,7.07,14.91,1399.33,56.95,25.02,Clay,0.59,9.59,7.65,South,402,Zaid,Canal,291.79,7.95,10.28
maize,167,55,41,7.97,22.06,636.56,51.28,64.1,Silt,0.74,6.44,13.71,North,1845,Rabi,Rainfed,281.42,10.0,10.89
potato,135,64,84,4.95,15.1,1728.37,47.22,35.82,Clay,1.48,9.91,8.16,Central,697,Kharif,Drip,126.74,23.16,24.87
rice,145,86,76,6.9,16.73,361.75,55.67,61.21,Sandy,0.84,4.04,11.15,East,221,Zaid,Drip,288.88,6.31,8.86
rice,96,93,30,6.09,25.03,893.01,47.82,25.1,Clay,1.15,9.79,2.71,Central,1717,Kharif,Rainfed,83.74,23.22,6.13
sugarcane,60,59,45,6.5,20.84,1030.65,85.56,57.31,Sandy,0.4,4.19,16.96,North,939,Zaid,Canal,256.55,2.04,75.68
rice,104,85,38,6.6,37.29,2780.16,56.22,30.5,Clay,0.67,8.52,3.36,West,1767,Kharif,Canal,240.23,2.34,10.67
rice,100,33,102,7.42,10.0,2286.21,86.68,51.72,Silt,0.6,5.44,12.03,North,60,Zaid,Canal,336.79,12.36,13.04
wheat,95,31,86,6.69,10.31,1080.13,52.29,63.72,Silt,0.38,7.45,3.83,South,212,Rabi,Sprinkler,245.13,8.37,11.57
rice,99,79,75,6.82,37.61,1212.4,45.6,61.65,Loamy,0.46,6.83,17.73,West,2144,Zaid,Drip,161.2,0.51,7.99
sugarcane,70,91,37,5.93,17.17,1395.8,78.55,56.57,Sandy,0.84,10.7,11.76,South,525,Zaid,Canal,213.28,13.57,75.99
cotton,49,70,132,5.23,10.07,2272.14,61.23,17.51,Loamy,1.03,6.26,9.85,East,931,Rabi,Rainfed,344.94,6.87,7.69
sugarcane,169,55,24,7.12,23.13,2002.09,39.77,45.39,Clay,0.71,8.65,15.37,West,76,Rabi,Sprinkler,100.49,13.33,74.73
potato,68,56,131,4.8,15.87,1654.25,85.68,56.77,Clay,0.85,7.62,3.9,East,2020,Rabi,Sprinkler,254.22,14.75,25.91
wheat,174,20,134,5.92,11.6,1417.56,87.73,34.97,Clay,1.29,6.65,8.22,Central,1545,Zaid,Sprinkler,275.52,5.11,10.7
rice,74,83,86,5.54,25.91,935.69,71.29,51.56,Clay,0.62,8.56,17.61,West,638,Kharif,Canal,291.09,20.46,9.76
rice,168,89,89,6.12,14.21,1433.74,88.31,21.91,Silt,0.34,4.98,9.62,North,185,Rabi,Rainfed,312.45,12.21,11.03
rice,99,87,71,5.86,35.11,2240.99,70.45,23.84,Clay,0.63,9.13,11.69,West,1417,Zaid,Canal,251.69,18.21,9.26
potato,154,54,146,7.19,19.06,1419.24,67.39,47.19,Silt,1.5,8.1,2.16,Central,1513,Zaid,Sprinkler,208.0,14.89,26.93
maize,120,55,84,5.68,16.65,1609.75,79.56,36.86,Loamy,0.32,9.39,2.22,East,1387,Rabi,Drip,190.1,13.95,10.81
maize,99,23,99,6.71,32.19,1146.42,34.06,25.91,Silt,0.47,9.28,2.05,South,1447,Zaid,Rainfed,146.16,20.12,9.18
cotton,159,22,132,6.35,35.46,1513.74,56.57,29.14,Silt,0.38,7.33,9.34,North,231,Zaid,Drip,326.0,8.17,8.97
maize,113,58,130,7.52,12.79,2199.81,55.83,45.95,Sandy,0.79,6.93,13.22,East,1819,Kharif,Canal,123.99,17.39,10.58
maize,118,72,72,6.26,14.55,2605.24,67.25,51.27,Clay,1.14,9.99,6.52,North,705,Rabi,Rainfed,306.37,5.09,11.82
potato,108,81,135,7.74,24.24,1539.63,50.83,25.38,Clay,1.48,10.38,10.78,North,1626,Rabi,Drip,208.1,16.87,24.34
wheat,142,27,91,4.8,27.71,670.19,57.21,62.76,Clay,1.33,6.94,10.81,North,763,Zaid,Drip,95.12,9.19,7.1
sugarcane,122,33,40,6.86,12.5,2235.66,80.97,15.41,Loamy,0.63,10.51,3.69,East,1558,Kharif,Canal,264.58,0.39,77.02
sugarcane,101,63,122,4.83,21.25,2197.01,86.87,50.0,Clay,1.13,10.45,13.77,East,1991,Kharif,Drip,231.62,22.04,73.41
cotton,78,94,126,7.23,36.93,1989.59,59.05,29.55,Clay,1.16,4.91,10.29,North,457,Rabi,Canal,87.87,2.29,5.48
wheat,81,96,82,5.6,36.28,1758.16,72.31,38.93,Clay,0.42,7.25,3.04,East,336,Zaid,Drip,64.35,12.44,7.79
potato,62,92,96,6.09,19.34,1101.23,62.84,43.49,Sandy,0.86,9.64,17.11,Central,2112,Kharif,Canal,95.33,18.64,24.17
potato,51,44,94,6.09,16.82,2170.3,82.06,43.08,Silt,0.7,5.05,5.19,West,557,Rabi,Canal,251.48,2.33,26.19
rice,143,80,82,7.68,27.48,2760.15,45.7,53.81,Sandy,0.5,5.68,8.02,North,1513,Kharif,Sprinkler,197.12,11.65,11.75
potato,162,91,86,5.15,12.88,1473.08,81.81,56.19,Clay,0.38,7.87,17.06,West,483,Kharif,Drip,84.85,3.61,23.25
potato,47,73,55,7.07,17.0,707.0,60.91,18.67,Silt,0.34,4.85,6.65,North,1850,Zaid,Drip,244.68,22.79,24.94
cotton,147,67,56,8.14,15.0,862.4,57.37,50.15,Sandy,1.42,6.36,4.15,Central,921,Kharif,Drip,183.12,12.49,5.95
potato,146,66,112,4.88,16.23,942.98,87.12,34.95,Clay,0.73,7.6,17.7,South,697,Rabi,Rainfed,248.0,11.58,25.04
sugarcane,66,95,94,8.08,16.44,1890.2,48.3,55.93,Clay,0.94,9.54,17.93,East,353,Rabi,Sprinkler,286.41,14.89,76.82
sugarcane,93,45,134,4.86,28.82,2217.27,34.95,45.44,Sandy,0.68,5.1,12.69,South,312,Zaid,Canal,66.93,11.16,74.1
potato,167,29,96,7.66,24.64,1173.39,70.31,15.51,Silt,0.52,9.05,16.2,Central,1051,Zaid,Sprinkler,76.1,23.98,22.26
potato,108,34,32,8.07,35.87,2129.3,45.78,48.32,Silt,0.64,10.63,17.98,North,502,Zaid,Sprinkler,277.14,18.05,27.47
sugarcane,152,19,57,8.18,32.07,520.0,68.51,61.29,Sandy,0.52,5.45,3.49,South,780,Zaid,Rainfed,75.2,21.18,73.82
rice,73,21,36,6.36,24.97,2542.81,33.36,19.15,Clay,1.29,5.59,15.31,East,233,Kharif,Canal,222.31,2.82,10.39
potato,111,32,142,7.75,19.22,469.24,63.74,39.71,Silt,1.48,9.49,1.79,West,374,Zaid,Sprinkler,292.02,22.01,23.95
sugarcane,116,70,133,5.22,34.96,2305.88,44.23,46.29,Sandy,0.86,4.94,11.95,West,1941,Kharif,Drip,77.34,12.29,75.59
wheat,45,89,45,6.25,12.39,2075.66,34.52,24.79,Sandy,1.37,7.29,11.61,West,1548,Kharif,Canal,257.92,16.1,9.18
cotton,83,59,51,5.85,30.43,1913.41,33.33,47.53,Sandy,0.85,6.89,9.28,East,978,Zaid,Drip,92.38,15.4,8.85
maize,131,42,105,6.14,13.39,452.02,87.45,17.49,Silt,0.88,7.58,10.78,West,836,Zaid,Sprinkler,264.7,15.75,9.06
maize,127,64,117,7.19,25.98,1598.29,45.92,60.28,Loamy,0.93,7.63,5.72,West,637,Zaid,Rainfed,289.9,17.27,12.45
sugarcane,31,16,110,5.1,37.05,606.68,64.91,53.13,Loamy,1.37,7.9,1.12,Central,560,Zaid,Rainfed,91.52,5.17,72.52
maize,123,98,140,8.19,17.14,1398.55,59.08,62.05,Loamy,1.52,9.73,4.2,South,125,Kharif,Rainfed,315.67,12.87,11.93
maize,170,82,76,6.96,12.36,724.15,51.77,35.92,Loamy,1.27,7.0,16.88,Central,865,Rabi,Rainfed,275.5,5.76,10.17
sugarcane,88,91,126,7.77,20.18,686.55,62.56,16.71,Loamy,1.45,5.51,5.62,Central,266,Kharif,Rainfed,158.45,2.64,71.21
sugarcane,98,38,41,7.62,24.35,1730.66,63.58,32.08,Clay,1.14,9.5,13.12,East,1013,Rabi,Canal,67.99,17.69,72.06
maize,148,62,131,7.4,31.74,1009.53,80.24,40.79,Sandy,1.39,10.86,8.74,Central,1509,Rabi,Canal,100.55,13.33,8.27
maize,121,59,104,4.93,10.89,2226.89,53.17,61.79,Loamy,1.02,4.88,17.68,North,655,Rabi,Rainfed,173.44,1.53,10.69
rice,74,72,99,6.56,13.93,931.91,51.17,59.15,Silt,1.3,5.82,17.64,North,1553,Zaid,Canal,211.26,17.97,10.03
rice,177,50,92,5.92,22.32,1139.5,70.75,44.7,Sandy,1.22,10.84,10.0,North,241,Rabi,Canal,279.28,5.31,9.51
potato,53,16,96,5.18,12.85,1779.34,52.31,51.49,Silt,1.27,5.55,6.86,West,635,Rabi,Rainfed,254.45,13.28,26.07
sugarcane,120,32,93,5.97,38.68,320.82,60.66,62.69,Silt,0.6,6.96,7.86,Central,960,Rabi,Canal,333.92,4.64,76.06
rice,123,63,146,6.99,25.33,2403.95,40.39,57.53,Silt,0.5,4.59,7.08,Central,1585,Rabi,Drip,237.0,16.97,12.45
maize,87,22,140,5.58,21.31,529.1,47.03,47.94,Clay,1.15,6.14,2.0,West,1791,Rabi,Rainfed,195.78,2.46,9.97
cotton,157,72,104,6.31,39.39,367.32,42.07,42.0,Silt,0.93,5.81,1.85,Central,2149,Kharif,Sprinkler,211.82,14.29,6.46
sugarcane,36,29,101,6.18,29.38,2232.85,80.44,38.8,Sandy,1.29,10.7,10.54,West,1092,Kharif,Rainfed,114.43,23.21,74.55
sugarcane,76,31,40,4.98,25.47,2299.37,77.88,52.83,Sandy,0.49,4.98,10.78,East,1516,Rabi,Canal,263.58,18.46,76.24
potato,82,37,93,6.94,17.23,1892.54,53.53,55.44,Clay,1.53,6.17,2.24,South,1788,Zaid,Canal,178.69,18.81,26.19
sugarcane,67,80,28,6.9,17.59,2378.87,56.42,25.88,Clay,1.22,4.56,7.58,East,2168,Zaid,Rainfed,303.52,20.05,76.63
rice,82,84,32,8.09,20.87,2593.16,54.64,38.7,Sandy,0.33,8.7,16.64,West,1009,Rabi,Sprinkler,133.75,24.64,8.58
maize,172,41,36,5.81,32.52,861.2,41.57,53.56,Sandy,1.05,10.9,8.42,North,190,Kharif,Canal,222.05,0.06,9.41
maize,77,51,145,6.22,34.48,1423.2,77.0,48.79,Silt,0.71,5.07,7.06,North,170,Rabi,Drip,134.11,13.67,10.8
potato,124,63,106,6.17,15.76,1312.18,79.74,44.58,Silt,0.66,8.39,2.24,North,1823,Zaid,Drip,252.09,22.55,25.17
maize,176,78,35,7.93,34.52,720.96,66.59,31.19,Clay,1.47,5.07,15.06,Central,1480,Zaid,Canal,298.46,20.9,8.98
sugarcane,166,48,43,6.19,19.93,963.34,74.53,45.46,Loamy,1.39,5.59,11.04,Central,1765,Zaid,Rainfed,179.94,2.27,73.28
rice,93,32,94,6.31,16.01,1322.61,69.16,45.61,Silt,0.31,7.8,3.86,North,1391,Zaid,Drip,157.16,7.61,9.94
potato,122,78,122,5.66,15.84,553.96,36.16,36.62,Silt,0.54,10.65,8.06,North,1392,Rabi,Canal,321.41,3.92,25.59
potato,154,88,105,4.8,23.9,2191.88,63.06,63.01,Loamy,1.24,7.33,13.4,East,665,Kharif,Rainfed,195.0,21.56,26.53
cotton,68,58,124,5.18,33.01,1822.13,50.82,47.66,Silt,1.4,7.15,5.51,West,2118,Kharif,Sprinkler,121.24,14.72,6.85
maize,33,31,61,7.19,27.12,2606.99,43.21,57.53,Loamy,1.23,4.96,9.27,Central,1801,Rabi,Rainfed,114.64,20.53,9.86
rice,155,73,37,7.12,23.94,378.03,69.89,21.45,Loamy,0.98,7.94,10.23,South,1924,Zaid,Canal,116.61,16.69,7.21
maize,32,27,97,5.9,10.54,1926.17,83.33,52.84,Sandy,1.58,7.24,13.14,West,373,Rabi,Canal,149.07,11.84,11.3
potato,93,66,111,6.41,26.91,2263.05,89.99,45.09,Loamy,1.34,6.34,10.74,North,817,Zaid,Sprinkler,97.4,24.16,27.08
sugarcane,58,74,30,5.81,30.24,1576.09,64.64,30.41,Loamy,0.91,9.11,8.76,East,893,Rabi,Drip,260.94,20.86,75.23
rice,145,56,145,7.29,12.94,2714.53,70.34,21.82,Clay,1.06,6.09,3.94,South,372,Kharif,Rainfed,197.89,21.16,12.78
rice,40,78,116,7.66,38.69,395.82,69.09,33.98,Clay,0.36,10.32,6.27,West,121,Rabi,Rainfed,259.91,24.38,9.25
wheat,126,80,72,7.86,12.75,1610.79,71.7,37.07,Clay,1.55,10.11,7.57,South,1468,Rabi,Rainfed,151.57,3.73,8.13
maize,131,48,102,5.39,30.72,1082.28,44.77,22.04,Silt,0.77,7.41,16.54,North,1343,Rabi,Rainfed,181.17,21.6,7.9
potato,50,85,66,7.16,25.74,2733.87,39.56,48.51,Clay,1.16,10.36,12.18,West,1587,Rabi,Drip,217.87,18.49,26.93
rice,68,78,71,8.07,36.53,2692.47,54.45,30.36,Sandy,1.17,10.73,10.2,Central,995,Zaid,Drip,188.81,1.2,8.65
sugarcane,131,47,76,7.01,22.42,542.26,57.95,55.3,Sandy,0.37,4.25,9.67,East,935,Zaid,Drip,83.82,2.46,71.98
wheat,75,26,94,5.99,25.26,1282.9,75.8,47.42,Sandy,0.65,9.97,12.15,Central,122,Zaid,Drip,123.97,23.58,7.39
maize,95,90,78,6.96,26.59,851.64,67.36,30.53,Silt,1.15,6.82,4.9,South,113,Zaid,Sprinkler,212.69,7.76,9.72
sugarcane,120,33,88,7.14,36.25,2374.85,63.14,33.0,Loamy,1.49,10.97,8.28,West,1625,Kharif,Rainfed,327.83,3.8,76.78
rice,140,23,105,6.15,33.99,2579.41,59.91,62.11,Loamy,1.31,6.4,10.59,West,1124,Rabi,Sprinkler,143.93,22.8,11.3
maize,111,88,90,5.15,18.4,2513.64,43.38,62.41,Sandy,1.05,9.83,7.25,Central,534,Kharif,Drip,201.67,19.81,12.47
wheat,152,31,52,6.86,38.66,1192.43,52.37,35.92,Loamy,0.6,5.54,1.89,North,530,Rabi,Canal,122.26,12.8,6.11
potato,128,64,22,7.53,32.59,1055.47,36.56,48.96,Loamy,1.53,10.51,8.29,East,1162,Rabi,Drip,179.1,17.39,23.59
rice,64,53,47,8.19,10.36,1990.7,33.95,64.0,Loamy,0.82,9.2,3.36,West,2098,Zaid,Rainfed,91.66,24.97,7.73
rice,132,55,20,5.56,15.51,2627.63,30.79,64.7,Silt,0.49,5.99,14.33,South,1115,Zaid,Canal,153.81,5.79,8.47
wheat,158,24,145,7.18,35.67,454.34,35.26,18.61,Loamy,0.33,8.81,9.59,North,1742,Rabi,Rainfed,98.44,6.96,6.44
maize,54,26,132,4.9,29.38,443.65,65.69,42.67,Loamy,1.54,7.05,17.43,West,2079,Zaid,Drip,100.47,4.84,6.73
cotton,72,93,66,8.1,17.74,1308.88,88.29,51.33,Silt,1.31,10.02,7.23,East,974,Rabi,Canal,90.29,6.91,6.44
sugarcane,113,29,56,4.84,15.14,1346.19,31.72,24.34,Clay,0.58,4.04,5.51,West,957,Rabi,Rainfed,272.43,2.69,72.18
potato,80,42,105,6.02,14.4,1532.15,76.99,56.1,Sandy,0.48,7.66,17.96,Central,1714,Kharif,Drip,189.04,21.04,22.52
rice,159,18,67,5.06,19.54,1548.24,69.92,38.42,Silt,1.55,8.77,6.49,Central,911,Zaid,Canal,105.79,4.07,8.13
wheat,155,50,127,6.91,36.96,1460.53,81.52,39.89,Silt,0.61,6.78,7.79,South,1966,Zaid,Drip,333.53,9.56,11.46
sugarcane,98,79,38,5.95,20.56,2256.62,86.72,28.72,Sandy,0.9,7.31,1.17,Central,1387,Rabi,Canal,216.48,14.32,76.12
potato,38,61,102,7.29,29.82,2211.98,78.78,30.01,Loamy,1.09,5.68,4.6,Central,1591,Kharif,Sprinkler,216.61,21.44,24.44
potato,31,95,84,6.45,13.35,2176.74,77.87,19.21,Loamy,0.38,6.92,14.19,Central,1395,Kharif,Sprinkler,214.01,3.22,24.32
wheat,39,53,45,6.23,25.94,1116.42,35.18,61.58,Silt,0.75,10.45,12.99,South,138,Kharif,Sprinkler,171.84,16.16,7.78
rice,143,52,118,5.98,20.29,346.04,51.54,34.09,Clay,1.53,6.69,7.82,South,265,Rabi,Drip,101.47,20.55,7.13
potato,105,58,96,5.09,14.82,2356.12,66.99,23.11,Sandy,1.21,10.92,16.61,North,1146,Rabi,Canal,177.61,21.81,25.06
rice,114,65,89,5.5,33.93,2617.88,31.02,22.12,Clay,0.78,7.26,10.24,West,612,Zaid,Sprinkler,196.96,22.99,8.76
rice,78,99,62,6.97,34.47,1735.28,58.48,35.37,Silt,1.33,8.34,11.69,South,1671,Zaid,Sprinkler,289.6,1.85,11.3
cotton,99,40,89,6.49,19.19,601.21,30.5,46.61,Clay,1.39,4.03,14.66,North,979,Kharif,Drip,272.0,11.64,7.41
potato,160,50,78,5.04,29.61,694.87,74.5,53.89,Silt,0.5,5.31,12.96,East,1404,Zaid,Sprinkler,265.88,10.91,24.03
potato,162,83,22,6.65,21.82,2441.93,45.94,61.23,Sandy,1.06,6.49,3.54,West,1506,Zaid,Drip,149.15,0.08,27.51
cotton,119,15,104,4.98,11.33,1957.31,75.3,46.79,Clay,0.78,6.3,9.13,East,1952,Kharif,Drip,317.82,18.18,7.19
maize,55,67,114,6.54,22.83,915.15,58.8,36.03,Clay,0.96,9.03,11.26,East,1837,Kharif,Rainfed,244.52,19.08,10.33
potato,101,20,97,8.08,27.28,766.24,36.48,36.1,Sandy,0.91,7.84,1.87,South,838,Kharif,Rainfed,69.73,5.46,21.82
rice,34,51,120,5.84,18.97,1030.23,85.16,43.72,Sandy,0.95,5.52,5.17,South,1626,Zaid,Drip,242.9,21.46,9.53
potato,44,16,102,7.26,38.47,1069.97,71.88,41.9,Silt,0.98,8.24,14.32,North,425,Zaid,Drip,258.15,7.91,24.4
sugarcane,152,83,103,7.33,26.74,2343.48,73.46,47.04,Silt,0.39,4.92,17.24,South,1268,Rabi,Sprinkler,310.09,7.78,76.71
maize,173,55,140,6.18,21.14,2542.93,43.85,40.17,Silt,0.53,10.07,17.67,North,1352,Kharif,Canal,311.7,13.98,12.59
maize,30,65,72,6.82,32.05,929.17,37.54,17.95,Silt,1.04,9.25,13.21,South,1451,Kharif,Sprinkler,157.71,5.44,5.87
maize,173,61,133,6.4,20.23,779.86,87.27,40.04,Silt,1.52,6.42,12.94,East,196,Kharif,Sprinkler,70.5,18.82,10.32
cotton,32,27,25,5.76,10.74,1682.44,50.78,16.13,Sandy,1.27,4.34,13.01,West,1869,Zaid,Canal,179.58,6.51,5.77
sugarcane,76,90,37,7.37,10.25,1718.75,44.07,24.03,Clay,0.61,9.48,6.04,West,1343,Zaid,Sprinkler,241.81,14.49,75.58
sugarcane,124,83,73,7.19,19.06,867.2,82.7,34.37,Loamy,0.77,5.7,7.99,South,1936,Kharif,Rainfed,184.07,6.11,74.65
sugarcane,42,80,146,7.86,14.68,2345.22,57.8,42.57,Loamy,0.74,5.81,4.05,Central,1138,Zaid,Canal,159.64,8.59,75.78
potato,149,73,44,6.9,20.57,2600.15,69.25,24.24,Silt,1.3,7.02,8.99,Central,415,Kharif,Sprinkler,188.71,23.33,25.67
potato,84,82,82,6.12,33.09,503.43,45.98,28.82,Loamy,1.56,8.26,1.69,East,1577,Kharif,Rainfed,233.84,11.65,26.51
maize,178,73,134,7.23,19.27,2198.57,88.15,33.71,Clay,0.76,4.24,15.09,South,1286,Zaid,Sprinkler,281.15,16.99,12.1
rice,95,24,70,6.9,26.79,1553.76,58.44,24.86,Clay,0.32,9.78,17.11,East,934,Rabi,Drip,64.09,5.5,5.72
potato,119,27,47,6.9,37.59,789.05,55.46,64.94,Silt,1.52,4.24,3.35,West,142,Kharif,Drip,241.0,17.49,25.62
wheat,91,16,92,7.69,30.95,1373.11,33.88,55.24,Loamy,1.28,5.22,9.24,East,1411,Zaid,Sprinkler,96.52,24.45,7.66
cotton,131,29,91,7.9,26.85,1565.39,72.48,55.55,Sandy,1.38,5.59,8.47,West,1419,Kharif,Drip,306.51,17.67,8.4
rice,168,60,104,5.41,36.01,1764.81,62.46,43.44,Sandy,0.57,9.95,13.68,South,1083,Zaid,Rainfed,220.89,12.23,10.52
maize,37,71,129,5.87,19.92,384.39,87.97,63.07,Silt,1.14,9.22,9.74,East,1525,Rabi,Rainfed,175.37,2.97,9.46
maize,126,24,49,7.01,15.94,2041.46,37.66,51.61,Clay,0.6,8.27,8.6,East,1846,Rabi,Canal,293.36,13.42,12.98
wheat,146,36,28,6.69,32.42,1571.62,53.46,31.54,Loamy,0.32,6.49,3.38,Central,2026,Kharif,Canal,272.21,6.02,10.3
rice,93,93,101,7.02,11.76,1899.55,45.24,45.53,Clay,0.5,7.87,5.86,Central,112,Zaid,Rainfed,325.62,18.59,10.38
sugarcane,50,91,83,6.27,22.73,2424.68,70.06,42.19,Silt,1.5,4.36,10.99,East,2088,Rabi,Sprinkler,270.19,8.19,75.8
potato,144,22,57,6.2,18.61,1713.85,34.3,44.01,Clay,0.58,10.06,1.69,East,1663,Rabi,Sprinkler,109.99,3.87,25.46
cotton,114,35,138,5.2,39.14,2538.82,89.56,55.89,Loamy,1.06,8.84,6.67,Central,731,Rabi,Canal,312.69,3.54,9.29
wheat,49,99,41,6.92,21.31,2282.65,72.86,40.48,Clay,1.56,8.67,3.44,North,386,Rabi,Canal,87.39,3.69,9.53
sugarcane,37,36,118,5.4,29.9,1874.2,52.88,51.43,Silt,0.4,10.89,2.29,West,192,Rabi,Canal,292.78,17.37,76.1
potato,87,59,125,7.08,18.05,1753.62,52.1,27.53,Sandy,1.35,7.73,8.25,South,167,Rabi,Canal,332.66,1.24,26.33
maize,75,54,83,8.09,39.5,1380.44,58.83,61.6,Sandy,1.08,4.51,6.19,Central,1930,Rabi,Drip,335.67,24.08,11.11
wheat,60,36,28,5.67,15.41,2499.24,71.87,19.32,Loamy,0.72,5.6,10.72,South,1907,Kharif,Rainfed,256.49,4.94,8.61
sugarcane,122,44,145,5.28,37.2,1333.69,65.49,64.68,Silt,0.77,5.12,4.48,East,69,Rabi,Rainfed,322.63,8.25,75.56
rice,38,76,114,4.88,23.36,351.93,59.04,46.63,Silt,0.34,10.59,1.94,South,827,Kharif,Rainfed,339.66,4.26,8.21
maize,44,87,107,6.09,22.82,384.39,41.72,38.5,Clay,0.63,4.89,1.6,East,757,Zaid,Drip,284.65,22.08,10.95
potato,123,59,132,5.53,31.04,2613.89,40.43,30.54,Sandy,0.85,4.16,8.34,East,1064,Zaid,Drip,165.27,0.91,24.33
wheat,167,49,91,6.47,12.8,597.01,84.95,35.26,Loamy,1.23,6.12,1.13,East,2199,Zaid,Rainfed,147.73,17.91,9.02
potato,58,96,69,6.58,26.4,2267.32,63.1,54.12,Loamy,0.66,4.85,1.95,North,312,Kharif,Canal,132.01,2.81,26.34
rice,109,56,100,5.99,16.6,2424.87,64.79,21.97,Loamy,1.05,8.34,6.84,Central,1526,Kharif,Drip,194.92,24.99,9.71
cotton,65,19,52,7.35,14.71,1678.21,55.97,27.63,Clay,1.25,5.57,16.99,West,621,Kharif,Canal,253.74,9.7,5.99
maize,113,41,82,7.88,36.32,2399.88,72.49,21.19,Silt,1.21,9.9,13.16,South,1245,Zaid,Sprinkler,72.59,8.06,9.27
sugarcane,138,84,124,5.52,39.92,565.9,78.1,36.33,Loamy,1.07,5.0,13.57,West,1149,Kharif,Sprinkler,260.67,9.77,74.98
wheat,147,76,118,7.64,39.14,2797.6,54.67,34.36,Clay,1.05,5.07,3.9,Central,874,Rabi,Canal,154.71,9.14,9.3
wheat,66,46,25,5.25,34.63,1793.08,33.16,47.44,Loamy,1.24,8.25,10.7,Central,809,Rabi,Canal,161.4,4.37,7.82
wheat,115,22,28,5.58,37.6,2432.43,45.14,64.79,Clay,0.74,4.57,4.93,South,1408,Rabi,Rainfed,125.89,21.79,9.03
maize,100,99,120,6.71,37.73,983.08,79.3,59.62,Sandy,0.89,4.35,9.81,North,83,Kharif,Rainfed,98.58,15.82,9.71
wheat,122,32,80,5.84,15.29,1078.13,63.61,59.02,Clay,1.56,5.29,14.83,West,1488,Rabi,Canal,257.91,8.71,11.79
maize,109,92,118,4.94,12.57,683.94,82.88,47.29,Silt,1.17,7.69,8.34,North,2056,Zaid,Drip,101.91,9.37,8.87
sugarcane,131,29,77,5.8,13.8,2091.57,52.91,28.53,Sandy,0.98,7.83,4.89,East,763,Kharif,Rainfed,241.28,1.85,77.14
maize,43,40,79,7.88,14.88,359.02,48.9,34.2,Sandy,1.05,6.69,6.24,East,606,Rabi,Rainfed,313.46,9.72,8.89
potato,146,67,54,5.39,34.67,570.35,30.09,27.51,Loamy,0.44,7.27,9.33,East,2047,Kharif,Rainfed,304.42,19.16,21.89
maize,102,58,66,7.4,38.24,732.4,40.81,21.75,Sandy,1.07,7.18,14.77,Central,1785,Zaid,Rainfed,164.82,10.19,7.65
maize,120,46,65,7.26,20.56,2027.55,50.11,36.8,Clay,1.39,7.2,11.77,North,1560,Rabi,Drip,273.2,11.27,11.13
maize,119,42,106,5.16,11.03,1936.05,34.77,59.88,Silt,0.98,5.86,17.24,Central,258,Kharif,Drip,231.85,4.64,10.33
wheat,58,53,23,5.92,19.22,1853.77,66.28,52.19,Sandy,0.53,5.19,17.6,North,1731,Rabi,Rainfed,117.46,3.84,7.97
cotton,78,46,29,5.44,31.18,1331.2,89.38,64.24,Silt,0.88,6.74,6.32,South,300,Zaid,Drip,137.27,17.65,6.73
maize,101,91,126,4.88,38.29,2636.32,33.49,24.74,Clay,0.66,7.24,12.22,Central,36,Rabi,Rainfed,202.31,17.02,10.23
maize,162,93,94,5.39,23.49,2707.41,53.51,40.03,Clay,0.77,10.67,13.04,East,1569,Rabi,Rainfed,328.42,15.59,13.55
wheat,71,32,59,5.49,20.08,1224.15,54.0,54.65,Silt,0.59,9.24,10.52,East,110,Kharif,Canal,242.39,19.32,9.07
wheat,164,84,146,5.36,29.6,1615.62,34.19,38.02,Clay,0.73,10.03,14.66,Central,1240,Zaid,Drip,208.63,11.7,8.41
maize,71,25,138,5.11,16.33,2035.99,41.13,32.75,Silt,1.37,6.7,5.69,West,129,Zaid,Canal,247.35,3.12,13.03
potato,134,46,92,6.59,32.97,969.82,57.17,55.79,Loamy,1.29,8.01,13.95,South,1352,Rabi,Canal,103.91,13.65,25.32
cotton,56,34,59,5.9,22.42,2207.3,87.33,36.52,Clay,0.94,9.2,5.27,East,2141,Zaid,Drip,96.08,6.34,7.92
cotton,87,54,115,7.89,39.32,2223.78,64.21,60.65,Loamy,1.32,5.28,10.23,South,478,Rabi,Rainfed,341.5,17.54,9.44
wheat,75,22,42,5.44,38.02,1552.19,35.99,28.42,Sandy,1.57,7.21,2.92,West,1819,Kharif,Rainfed,302.79,16.4,9.95
rice,95,49,134,6.85,29.96,1339.19,74.53,59.82,Sandy,0.83,6.44,12.65,Central,767,Kharif,Drip,219.29,6.31,10.67
cotton,54,83,135,7.86,29.44,1902.26,81.44,28.92,Loamy,1.57,7.83,15.56,South,2183,Kharif,Sprinkler,195.4,21.64,6.21
potato,102,92,40,4.96,13.69,340.8,78.49,29.48,Sandy,0.62,6.04,13.6,North,1066,Rabi,Canal,159.07,22.35,21.87
rice,146,35,22,6.56,18.43,2439.57,79.1,36.03,Sandy,1.54,6.48,17.21,North,2084,Kharif,Rainfed,214.89,17.18,9.72
maize,158,38,65,6.33,35.86,2461.45,78.71,40.79,Sandy,1.42,9.83,17.81,West,552,Zaid,Canal,337.64,10.49,14.09
wheat,116,31,109,7.96,20.89,1562.97,43.37,35.91,Sandy,0.56,9.44,8.83,North,2195,Rabi,Canal,79.04,14.96,6.97
potato,103,32,98,7.06,22.72,341.66,65.65,58.11,Clay,0.75,6.85,3.63,East,201,Rabi,Canal,230.04,8.33,24.58
sugarcane,154,26,146,5.99,35.19,1228.55,39.76,54.78,Sandy,1.22,4.69,13.11,North,152,Rabi,Drip,335.63,8.58,76.58
rice,96,30,72,7.22,22.81,1437.82,49.7,30.49,Clay,0.55,6.0,8.15,East,1998,Kharif,Canal,283.61,12.25,10.38
rice,35,18,40,6.78,35.5,2401.37,55.04,40.58,Silt,1.07,9.12,7.52,East,640,Zaid,Rainfed,288.13,7.81,9.59
rice,154,48,109,5.98,12.08,385.66,55.92,36.55,Sandy,1.0,9.29,4.09,East,240,Rabi,Rainfed,246.58,18.02,8.71
wheat,87,60,132,7.47,30.73,1569.69,56.27,17.8,Silt,0.68,6.27,1.69,East,639,Kharif,Sprinkler,329.51,3.52,10.73
wheat,99,89,70,7.07,11.89,1448.83,77.01,52.41,Loamy,0.69,10.58,13.99,North,270,Kharif,Sprinkler,330.4,2.21,10.51
sugarcane,82,91,87,4.82,33.7,854.24,67.21,24.08,Loamy,0.97,7.51,9.19,West,586,Zaid,Sprinkler,210.07,13.25,72.97
sugarcane,95,45,135,7.74,26.57,908.55,68.51,61.71,Clay,0.69,10.15,7.75,East,1656,Rabi,Sprinkler,276.39,11.48,77.07
maize,87,39,102,6.15,26.68,1752.28,76.12,34.89,Loamy,0.53,7.71,7.24,West,192,Rabi,Canal,346.54,8.84,12.93
sugarcane,111,88,114,6.99,21.3,2721.75,42.41,46.11,Clay,1.31,4.08,9.57,West,82,Rabi,Drip,190.12,22.21,77.58
cotton,116,38,48,6.15,37.1,2282.33,57.87,55.91,Silt,1.06,4.7,13.62,Central,1289,Zaid,Canal,163.79,13.03,7.1
potato,31,79,129,7.8,25.27,1550.34,81.31,24.01,Silt,0.87,4.74,8.38,West,1736,Zaid,Canal,91.89,20.85,22.47
potato,179,39,90,7.01,17.81,1735.21,72.34,42.06,Sandy,0.54,9.02,2.62,South,774,Kharif,Canal,253.53,19.05,25.86
cotton,66,42,57,6.77,34.72,1735.37,82.81,26.87,Silt,1.07,10.02,5.4,East,1931,Zaid,Rainfed,100.7,13.17,6.57
rice,177,50,146,8.13,38.44,2053.74,57.19,40.48,Loamy,1.12,7.68,3.27,West,311,Zaid,Sprinkler,220.35,21.06,11.59
wheat,132,96,91,5.75,17.27,1143.3,75.95,43.97,Clay,0.92,9.98,4.23,Central,534,Zaid,Drip,77.5,15.06,9.02
potato,53,20,78,5.02,28.16,1990.18,45.96,23.46,Clay,0.78,6.6,15.87,Central,1766,Kharif,Sprinkler,348.5,5.39,24.98
sugarcane,141,80,47,6.55,27.66,935.86,82.07,44.04,Sandy,1.43,4.71,3.92,South,1113,Rabi,Canal,252.06,9.72,75.81
cotton,94,81,65,6.24,28.29,2307.38,47.8,37.75,Sandy,1.22,5.81,13.34,Central,1215,Zaid,Sprinkler,75.99,22.35,7.87
wheat,158,86,90,6.34,26.93,2650.89,50.44,41.1,Loamy,0.76,4.83,6.14,East,167,Rabi,Drip,267.94,8.05,11.29
sugarcane,146,62,57,6.91,13.01,1702.39,73.06,60.25,Clay,1.07,10.2,16.32,Central,1225,Zaid,Drip,236.62,1.28,75.86
maize,145,97,136,6.89,22.37,478.65,74.87,39.19,Sandy,0.6,5.67,11.58,South,605,Rabi,Canal,261.85,22.94,10.17
cotton,134,84,127,6.13,39.57,2079.55,33.16,38.81,Silt,0.31,9.25,12.47,East,1508,Kharif,Sprinkler,295.54,13.01,10.81
sugarcane,32,92,114,7.73,12.65,2618.65,39.01,38.52,Loamy,1.43,4.5,9.93,North,1407,Zaid,Canal,264.65,19.33,75.87
wheat,75,81,82,7.01,30.09,2660.58,44.98,46.16,Silt,1.36,9.43,16.76,East,946,Rabi,Rainfed,109.28,11.46,8.48
rice,84,62,122,7.83,36.83,2576.94,89.99,33.38,Clay,1.13,4.6,3.68,West,1139,Kharif,Canal,137.48,15.8,10.01
sugarcane,104,79,24,7.9,16.02,1708.48,79.35,55.07,Sandy,1.35,10.63,5.87,North,2154,Kharif,Sprinkler,114.17,14.67,76.4
sugarcane,74,58,126,5.37,34.07,2595.22,72.9,29.3,Loamy,1.32,8.48,16.38,West,2077,Rabi,Rainfed,265.72,2.43,75.69
maize,106,77,77,7.11,17.25,970.07,87.81,29.98,Loamy,1.42,8.73,17.81,West,289,Rabi,Canal,176.52,3.85,9.32
cotton,53,60,26,5.88,10.91,659.64,71.23,44.44,Sandy,1.46,8.77,14.1,West,899,Kharif,Sprinkler,78.34,20.85,4.62
wheat,64,33,106,7.64,25.63,1491.49,71.5,27.99,Sandy,1.36,5.92,4.61,South,2071,Rabi,Drip,201.15,3.14,7.09
potato,53,78,116,7.29,31.33,377.22,83.89,19.5,Clay,1.41,7.1,16.44,South,2031,Zaid,Rainfed,190.11,7.45,22.25
rice,57,97,64,5.48,15.91,493.15,48.12,25.28,Silt,0.95,10.34,3.85,East,1326,Kharif,Sprinkler,223.15,15.06,7.44
maize,45,87,35,7.99,12.11,1803.44,30.11,60.68,Silt,1.22,5.45,15.87,South,279,Rabi,Drip,324.93,22.92,12.11
cotton,88,85,83,7.12,26.6,2060.05,72.9,15.54,Silt,0.73,7.69,7.51,Central,527,Rabi,Rainfed,294.46,9.73,9.03
sugarcane,173,64,56,8.03,14.43,646.75,39.37,21.67,Clay,1.42,6.26,1.82,Central,2130,Kharif,Rainfed,280.1,12.99,75.0
potato,44,77,28,5.49,15.53,1153.36,47.23,52.9,Sandy,1.42,9.35,11.4,West,1945,Kharif,Sprinkler,119.8,24.17,23.22
maize,40,55,109,7.76,31.1,2319.5,79.35,63.99,Loamy,0.39,7.19,7.28,East,333,Kharif,Canal,323.08,18.8,11.05
maize,108,21,93,7.07,28.36,802.38,76.67,49.41,Silt,0.75,6.4,1.33,Central,747,Rabi,Sprinkler,166.48,8.16,9.82
rice,144,23,144,6.68,38.41,2526.47,58.49,61.12,Sandy,0.52,8.15,3.56,North,982,Rabi,Drip,188.08,18.64,10.39
rice,97,18,70,7.59,19.7,1703.94,36.26,57.76,Silt,0.48,4.74,8.75,South,1118,Kharif,Sprinkler,69.68,8.59,6.2
sugarcane,72,63,51,6.95,16.43,1783.34,47.9,39.0,Clay,0.84,7.92,12.09,West,925,Rabi,Canal,248.91,16.7,75.32
rice,98,90,107,7.08,29.67,675.08,58.53,31.68,Clay,1.11,9.48,1.56,South,1095,Rabi,Drip,333.49,4.52,8.58
wheat,170,20,45,5.66,39.16,454.12,76.09,46.61,Sandy,0.75,10.74,9.85,East,1633,Rabi,Rainfed,135.08,2.35,8.31
maize,167,96,85,7.58,26.6,1206.85,89.08,41.68,Clay,0.7,9.92,1.8,West,588,Zaid,Drip,123.94,9.83,10.96
wheat,104,35,92,7.01,18.81,537.04,67.53,16.29,Loamy,0.42,8.31,16.34,West,1225,Zaid,Drip,116.21,4.96,5.96
rice,132,29,69,7.67,37.31,549.45,33.2,62.86,Clay,0.8,7.78,13.02,South,1880,Kharif,Drip,149.07,20.64,7.2
wheat,70,81,64,6.0,28.31,2672.28,43.27,43.51,Loamy,0.91,6.3,2.43,West,1064,Kharif,Drip,275.87,15.3,11.96
potato,88,80,106,5.93,16.38,470.0,45.57,58.72,Silt,0.82,7.35,9.63,West,1178,Rabi,Sprinkler,304.34,1.73,28.53
maize,68,70,52,4.88,38.49,1398.52,68.07,51.73,Clay,1.18,8.33,13.5,North,474,Zaid,Drip,272.33,9.56,9.45
rice,32,82,38,7.41,18.19,2190.11,31.11,32.04,Loamy,0.67,4.91,5.9,West,143,Kharif,Sprinkler,149.58,10.77,10.12
rice,36,46,132,5.92,36.95,1011.51,60.39,60.06,Silt,1.23,9.06,4.19,South,1204,Kharif,Drip,249.63,20.71,9.28
rice,78,80,41,5.91,28.44,1544.54,89.74,54.52,Silt,1.45,5.72,12.49,Central,1770,Rabi,Canal,235.11,22.23,10.84
sugarcane,55,43,116,7.14,25.08,1200.06,76.12,36.49,Silt,1.07,4.81,14.24,West,546,Kharif,Canal,202.07,10.28,74.69
maize,130,80,24,5.66,19.98,2083.41,76.16,57.02,Silt,0.81,4.69,7.81,East,941,Zaid,Rainfed,210.48,20.08,10.48
wheat,108,48,145,7.89,13.57,1824.51,74.72,28.58,Sandy,0.53,6.24,5.09,West,207,Kharif,Rainfed,212.33,19.13,9.44
potato,31,41,97,6.63,17.34,1072.19,71.0,48.53,Loamy,1.51,6.24,17.01,West,992,Kharif,Rainfed,112.76,1.9,23.28
potato,156,74,49,8.1,19.93,1879.16,47.9,20.73,Sandy,1.28,8.01,10.12,West,2080,Rabi,Canal,329.07,2.99,26.19
cotton,161,53,110,5.06,18.66,307.72,76.97,58.29,Silt,0.62,7.21,9.33,North,1741,Kharif,Drip,254.06,7.05,7.3
potato,49,58,101,5.95,12.2,1977.54,68.75,51.47,Clay,0.5,9.25,13.42,East,1956,Kharif,Drip,319.96,17.42,27.31
cotton,146,96,107,6.1,27.39,2254.31,43.73,22.63,Loamy,0.36,4.13,16.23,South,1980,Kharif,Canal,148.78,2.52,7.28
potato,61,50,124,7.28,24.26,317.21,88.74,16.07,Loamy,0.55,4.64,6.2,West,1006,Rabi,Sprinkler,179.43,15.74,21.86
cotton,57,33,86,5.52,13.19,1951.67,89.07,34.49,Silt,1.25,5.74,14.82,South,227,Rabi,Sprinkler,159.12,0.01,7.45
sugarcane,106,59,137,6.08,23.92,1674.39,52.43,48.76,Clay,1.12,4.27,16.87,North,838,Rabi,Canal,306.58,16.69,75.92
potato,30,98,49,7.9,12.37,1007.19,75.19,29.16,Clay,1.56,5.15,17.35,West,1555,Rabi,Rainfed,230.8,23.92,25.12
rice,85,35,130,5.19,37.95,794.93,70.88,63.66,Loamy,0.72,9.09,12.69,North,606,Rabi,Rainfed,127.42,21.85,6.97
maize,64,37,58,7.33,17.77,2693.61,65.03,61.73,Sandy,1.32,9.59,14.1,North,1413,Zaid,Drip,207.45,19.36,12.27
potato,141,41,105,7.19,31.74,1504.01,40.85,44.9,Clay,0.46,8.15,15.32,Central,553,Kharif,Sprinkler,220.41,7.11,26.61
potato,59,86,60,5.24,17.54,1444.87,58.07,30.78,Loamy,1.03,8.0,14.47,Central,259,Rabi,Sprinkler,308.15,1.26,24.44
maize,83,33,50,7.14,24.24,2416.52,73.8,59.81,Clay,0.91,8.39,4.18,Central,1935,Kharif,Sprinkler,136.77,22.14,10.97
rice,65,55,146,6.74,38.0,1256.78,89.3,55.17,Silt,1.39,9.61,1.04,East,1311,Kharif,Canal,138.01,3.07,11.3
cotton,109,40,83,5.78,36.15,2314.24,66.82,19.31,Clay,1.21,9.9,10.75,North,706,Kharif,Drip,101.49,1.03,6.05
wheat,87,42,136,5.86,33.37,1718.84,75.13,38.82,Sandy,0.55,6.37,11.62,South,431,Rabi,Sprinkler,100.69,14.38,6.9
maize,112,78,38,7.63,33.71,826.97,84.83,64.06,Sandy,1.58,6.91,4.84,Central,1663,Rabi,Sprinkler,89.6,13.35,9.87
rice,94,82,130,5.59,34.7,1176.89,66.83,37.7,Sandy,1.37,9.66,4.19,East,1210,Rabi,Sprinkler,67.13,4.51,8.7
cotton,98,94,133,6.54,32.28,357.52,75.87,61.65,Loamy,0.76,5.47,10.05,West,1399,Kharif,Drip,124.56,13.02,5.23
sugarcane,157,65,44,7.12,36.91,1399.82,57.48,63.86,Clay,1.37,10.6,16.18,Central,1842,Zaid,Canal,134.78,6.36,75.14
sugarcane,80,88,140,5.24,20.51,2641.6,47.51,34.37,Sandy,1.54,9.87,4.19,West,168,Kharif,Canal,225.27,19.19,77.49
cotton,51,62,118,7.97,25.78,1879.89,59.58,63.23,Silt,1.46,7.09,15.88,West,12,Rabi,Drip,136.29,20.92,8.67
cotton,136,24,109,5.69,29.39,1744.8,35.34,21.9,Silt,1.02,7.6,15.67,West,2111,Kharif,Sprinkler,328.42,8.07,8.34
cotton,138,87,22,5.88,15.93,2474.15,85.8,23.01,Silt,1.05,7.06,5.26,Central,1587,Rabi,Canal,73.14,23.85,7.19
rice,145,53,149,7.06,25.1,605.5,48.63,28.83,Loamy,0.44,5.6,14.56,North,2183,Rabi,Rainfed,183.48,9.8,10.3
wheat,130,33,24,5.07,13.72,2291.03,57.66,38.38,Sandy,0.51,5.68,17.3,East,1899,Rabi,Rainfed,110.24,23.25,7.04
wheat,129,78,39,6.93,28.35,2043.93,69.2,24.05,Sandy,1.58,6.12,3.68,East,1270,Rabi,Canal,72.89,14.27,8.22
wheat,97,33,57,7.91,12.93,1623.66,60.27,32.01,Clay,1.3,6.86,10.28,North,1735,Rabi,Canal,170.71,4.02,6.18
rice,65,90,120,5.65,25.1,1262.85,46.97,20.18,Loamy,0.33,10.26,14.71,Central,1637,Kharif,Rainfed,255.12,10.73,8.74
sugarcane,175,76,147,6.03,23.85,388.65,89.06,36.5,Silt,1.01,6.51,6.64,North,345,Kharif,Rainfed,322.51,8.49,75.6
potato,51,27,121,5.59,13.35,1845.05,80.9,56.37,Clay,0.75,7.94,2.29,West,1507,Zaid,Canal,69.51,19.89,23.95
rice,95,39,55,7.58,23.18,1723.26,36.17,44.75,Silt,0.7,4.62,3.09,West,1890,Rabi,Rainfed,293.83,19.94,9.94
rice,50,56,118,5.37,30.33,1011.81,52.04,55.51,Silt,1.02,6.69,6.67,Central,138,Kharif,Drip,103.86,20.93,7.34
rice,129,53,132,5.98,27.84,986.39,41.66,21.79,Sandy,0.72,6.99,1.72,East,1649,Rabi,Canal,169.53,2.23,10.3
cotton,157,44,56,6.84,23.74,1194.05,58.72,34.97,Clay,0.63,7.52,1.77,North,1431,Rabi,Rainfed,247.85,1.24,7.99
cotton,73,19,73,6.18,20.95,1383.48,42.53,16.97,Loamy,1.52,7.23,17.57,North,820,Rabi,Canal,141.24,22.81,4.9
sugarcane,132,95,111,5.02,11.72,2145.25,48.74,33.5,Silt,0.35,8.63,3.09,North,2006,Zaid,Canal,323.89,5.55,76.57
maize,76,32,89,8.02,38.68,1580.8,61.25,45.72,Sandy,0.87,9.95,3.78,East,2047,Rabi,Rainfed,215.69,9.37,12.35
wheat,68,35,103,5.95,22.08,675.61,38.65,43.44,Sandy,0.96,8.42,11.04,North,2071,Kharif,Rainfed,241.21,12.59,9.43
sugarcane,58,64,30,6.32,22.49,2528.52,81.66,18.02,Silt,0.87,6.71,14.85,North,1104,Kharif,Sprinkler,112.82,23.75,71.52
sugarcane,83,20,107,5.37,13.85,1498.04,51.76,18.1,Sandy,1.15,9.41,3.71,Central,550,Zaid,Drip,188.96,16.77,73.85
potato,119,64,106,7.74,25.98,2543.19,84.86,30.25,Sandy,0.33,8.79,1.73,East,832,Zaid,Sprinkler,60.46,7.98,22.52
maize,114,94,50,5.79,39.38,1832.51,31.81,53.57,Silt,1.45,8.83,4.74,North,2127,Zaid,Sprinkler,206.14,16.08,11.61
cotton,46,80,120,4.87,17.59,1722.92,76.3,16.03,Loamy,0.95,9.51,9.57,South,2050,Kharif,Rainfed,203.71,24.2,7.21
maize,109,15,79,5.88,19.4,1135.51,81.9,45.8,Silt,1.02,4.78,17.85,Central,1831,Zaid,Canal,172.96,0.54,8.96
maize,102,71,80,8.15,17.09,2728.13,89.07,24.19,Clay,0.9,6.53,11.51,North,799,Kharif,Canal,232.3,5.09,12.15
sugarcane,78,44,86,5.3,36.0,2758.2,37.91,62.22,Silt,0.88,5.18,4.77,Central,784,Kharif,Canal,277.31,15.55,78.22
sugarcane,130,72,98,4.91,24.26,1207.11,56.02,36.51,Silt,0.54,9.41,1.19,West,1218,Rabi,Canal,75.96,0.54,70.79
rice,31,66,90,6.77,34.71,2273.88,75.62,17.39,Loamy,0.96,7.97,3.82,North,224,Zaid,Canal,139.58,21.68,9.97
wheat,171,51,86,6.06,35.5,974.84,60.81,50.68,Silt,0.85,10.93,12.16,North,1426,Rabi,Rainfed,103.73,10.04,7.21
sugarcane,88,62,147,7.5,32.47,1834.49,79.25,39.23,Silt,0.91,8.75,6.42,North,1001,Kharif,Sprinkler,136.27,19.6,75.48
potato,126,15,130,7.29,17.83,1977.17,89.03,59.06,Sandy,0.32,4.53,10.44,East,1079,Kharif,Rainfed,106.38,18.34,25.67
sugarcane,128,33,35,5.43,11.06,2761.02,75.4,47.59,Silt,0.47,6.02,10.96,Central,1576,Zaid,Sprinkler,292.64,15.46,75.39
maize,132,60,64,6.72,14.3,1020.57,74.53,49.63,Loamy,1.29,10.48,3.7,North,527,Kharif,Canal,77.08,14.97,8.04
potato,31,81,53,4.91,30.91,2064.84,64.07,53.36,Sandy,0.84,10.87,7.95,North,1922,Rabi,Drip,96.18,24.84,24.01
sugarcane,70,16,63,6.29,32.22,913.7,57.79,36.02,Silt,1.27,5.56,10.41,Central,23,Kharif,Canal,234.65,1.47,73.42
cotton,152,70,136,7.23,32.99,390.3,80.1,54.63,Sandy,0.52,7.46,15.74,East,1130,Rabi,Canal,348.12,10.45,7.29
potato,111,31,144,6.21,17.32,1012.55,43.97,17.53,Clay,1.21,6.59,14.59,South,2145,Rabi,Drip,326.85,20.75,25.26
sugarcane,173,96,122,5.2,14.59,2266.04,81.69,53.28,Silt,0.68,5.47,12.45,West,1776,Kharif,Drip,238.33,10.86,76.18
rice,161,93,139,5.01,37.69,2642.29,80.24,46.82,Silt,1.22,6.58,14.21,Central,1377,Kharif,Canal,175.66,18.62,10.08
maize,169,36,54,7.7,29.93,365.32,74.23,43.33,Sandy,0.41,7.0,17.29,Central,503,Zaid,Drip,172.2,19.08,6.92
sugarcane,58,41,145,7.83,32.26,580.17,71.75,30.91,Silt,0.73,8.67,13.97,South,2103,Rabi,Sprinkler,311.12,3.19,74.55
sugarcane,164,69,94,5.97,12.82,1224.56,30.48,20.71,Silt,0.46,7.52,4.47,North,1230,Rabi,Rainfed,69.9,23.05,73.35
sugarcane,43,46,103,5.36,22.37,1431.29,89.43,47.36,Loamy,1.12,9.81,6.71,South,2033,Zaid,Sprinkler,143.97,12.24,76.19
potato,41,74,72,8.13,11.9,2620.34,53.51,38.58,Silt,0.81,10.6,7.25,North,416,Zaid,Canal,100.89,18.66,23.77
potato,128,97,77,6.66,29.73,352.11,52.79,25.89,Loamy,0.4,6.68,8.44,North,544,Rabi,Canal,119.19,23.8,22.58
potato,162,42,69,6.42,24.68,2422.51,89.3,17.17,Clay,0.98,7.51,11.77,North,4,Rabi,Drip,83.01,14.56,23.69
maize,110,42,130,7.32,23.54,1586.15,44.51,41.94,Clay,0.33,9.09,8.14,East,2052,Kharif,Rainfed,134.89,16.07,9.93
sugarcane,135,88,130,5.37,37.09,836.86,87.19,21.31,Sandy,1.36,9.78,8.91,South,2162,Zaid,Drip,129.98,8.12,74.93
sugarcane,61,98,139,6.77,32.2,790.28,53.11,61.47,Sandy,1.52,5.54,11.08,East,2,Rabi,Sprinkler,135.4,16.51,74.83
potato,103,39,84,7.83,38.93,424.96,35.89,22.53,Sandy,1.35,8.61,14.78,East,1822,Kharif,Sprinkler,125.09,2.45,21.72
potato,110,99,125,4.88,11.39,915.4,61.38,16.6,Sandy,1.54,9.73,8.62,South,1838,Kharif,Rainfed,125.22,6.35,22.9
maize,98,92,110,7.09,28.47,2736.45,72.37,28.1,Silt,1.47,9.18,11.72,South,155,Zaid,Rainfed,297.01,20.59,10.61
maize,74,40,45,6.67,28.91,2294.92,66.54,23.75,Loamy,1.46,8.89,8.91,North,2180,Rabi,Canal,271.75,12.14,11.75
wheat,135,89,91,8.03,10.8,2705.99,87.13,54.56,Sandy,0.62,10.61,17.96,Central,1808,Rabi,Rainfed,258.72,2.27,9.28
cotton,166,85,63,5.68,33.61,688.08,53.02,29.47,Clay,0.6,9.22,17.04,Central,1588,Zaid,Sprinkler,129.11,19.89,4.66
rice,129,31,109,7.72,14.61,1672.89,56.52,27.26,Silt,1.35,7.42,10.19,West,1846,Zaid,Canal,233.61,19.34,10.36
cotton,175,96,143,5.85,31.04,2630.28,44.76,64.74,Loamy,0.94,10.09,14.86,North,71,Rabi,Rainfed,277.17,3.2,10.6
wheat,38,21,24,6.26,11.13,1950.37,64.67,22.5,Loamy,1.53,7.06,15.68,South,1550,Rabi,Rainfed,121.02,14.28,8.79
potato,91,70,146,5.53,28.41,350.07,86.38,19.25,Sandy,1.47,9.58,1.47,Central,1102,Rabi,Drip,181.11,17.1,20.97
maize,58,78,132,7.74,25.62,474.19,50.74,30.28,Sandy,1.46,8.37,16.64,West,1053,Rabi,Drip,226.1,6.22,8.16
potato,154,34,130,5.46,24.5,1354.64,36.9,35.25,Loamy,0.72,8.24,15.63,Central,1767,Zaid,Drip,132.78,22.64,24.19
cotton,143,52,96,7.72,21.0,1260.86,51.97,53.02,Clay,0.47,9.17,14.92,East,1312,Kharif,Rainfed,271.56,13.53,7.68
cotton,172,89,32,6.35,22.61,2524.23,82.99,62.77,Sandy,1.18,8.9,10.65,North,760,Kharif,Sprinkler,228.23,24.46,11.49
rice,163,72,77,7.64,24.31,2250.64,84.01,53.18,Loamy,0.87,7.74,4.87,North,17,Zaid,Sprinkler,148.55,23.28,9.23
maize,149,30,149,5.7,18.93,630.38,37.32,51.33,Silt,1.51,10.2,9.53,East,1322,Zaid,Rainfed,165.14,23.28,10.05
potato,108,65,107,5.25,38.06,523.75,75.87,64.57,Loamy,1.41,9.05,14.59,West,902,Rabi,Drip,166.01,4.71,25.06
wheat,122,41,55,6.69,38.95,2467.31,38.5,53.27,Sandy,1.51,8.06,8.68,South,45,Kharif,Rainfed,196.25,9.79,9.6
cotton,33,65,44,6.53,19.0,1424.4,83.07,21.98,Silt,1.04,8.93,17.78,South,974,Rabi,Rainfed,217.81,0.45,4.55
potato,111,89,53,6.01,33.36,723.26,58.51,38.08,Clay,0.98,6.41,4.85,East,1945,Kharif,Sprinkler,198.81,20.7,24.31
potato,104,30,38,7.05,32.55,2546.47,83.93,40.18,Loamy,1.4,11.0,16.48,East,1940,Rabi,Rainfed,104.01,13.96,24.41
potato,43,74,133,5.12,36.27,2100.92,34.47,30.24,Loamy,0.97,7.29,6.49,North,9,Rabi,Drip,252.94,6.1,27.26
maize,160,90,125,6.91,10.12,709.83,34.58,23.21,Loamy,1.47,7.32,15.26,Central,1994,Kharif,Canal,90.15,18.93,9.72
maize,143,54,56,5.52,20.14,1815.69,86.12,50.59,Silt,0.34,6.74,8.39,West,909,Zaid,Sprinkler,108.57,23.21,10.28
wheat,91,81,126,5.24,14.35,1473.21,76.34,28.87,Sandy,0.77,6.25,15.15,West,726,Rabi,Canal,249.91,14.39,8.07
cotton,135,16,148,7.89,21.73,940.64,38.73,46.23,Loamy,1.39,10.74,11.02,Central,515,Rabi,Rainfed,189.95,13.78,5.04
cotton,93,62,79,6.36,27.27,1777.68,83.43,31.13,Silt,0.57,10.79,16.42,South,225,Kharif,Rainfed,225.4,13.05,7.88
rice,131,66,86,7.4,37.27,1400.51,81.23,40.31,Loamy,0.82,10.64,9.14,West,1403,Kharif,Drip,140.37,24.71,9.09
rice,135,38,98,5.1,35.19,1704.13,62.27,31.85,Sandy,0.31,6.26,16.86,North,409,Zaid,Rainfed,79.78,18.11,8.1
wheat,49,98,130,5.0,24.97,1032.58,39.9,35.59,Silt,0.69,8.33,3.17,East,157,Zaid,Sprinkler,332.49,18.13,10.54
rice,87,96,67,6.48,10.71,2113.03,55.35,51.6,Clay,0.71,5.29,14.75,Central,913,Rabi,Rainfed,210.7,5.39,10.93
cotton,141,92,107,5.87,19.03,1366.58,63.02,59.19,Loamy,1.25,9.05,4.75,South,529,Kharif,Sprinkler,193.22,17.31,10.55
wheat,86,96,59,4.82,13.2,2332.81,42.57,40.44,Sandy,1.18,5.91,4.91,Central,1209,Zaid,Canal,330.9,20.41,10.77
cotton,148,16,115,5.42,29.52,1820.23,81.51,45.51,Clay,0.88,8.8,2.12,Central,1354,Kharif,Drip,345.28,2.83,9.8
cotton,126,79,80,5.54,30.86,908.63,80.01,58.22,Sandy,1.25,9.02,13.44,Central,1601,Rabi,Sprinkler,76.04,20.04,4.31
maize,121,34,24,5.78,29.46,1152.02,31.4,22.16,Clay,0.86,10.98,11.94,North,20,Kharif,Sprinkler,152.7,24.33,8.31
rice,81,48,56,7.78,18.24,1016.58,31.18,23.11,Sandy,0.86,9.5,6.7,South,763,Zaid,Sprinkler,244.86,15.19,9.01
cotton,66,55,125,6.23,37.59,1198.26,56.21,32.96,Clay,1.14,8.04,17.59,East,1914,Kharif,Rainfed,319.14,20.94,9.2
potato,37,55,118,7.11,27.66,728.74,85.45,30.45,Silt,1.24,7.43,1.99,North,747,Kharif,Sprinkler,229.55,15.02,25.94
potato,73,89,27,4.86,27.92,1489.01,76.09,64.32,Clay,1.4,4.4,14.09,West,2031,Zaid,Sprinkler,345.35,0.05,25.53
maize,127,37,106,7.57,34.47,422.77,87.51,43.2,Sandy,1.28,10.62,5.49,Central,2171,Rabi,Drip,257.73,14.07,9.57
sugarcane,162,52,103,5.62,12.08,1169.88,47.04,41.2,Loamy,1.17,5.28,2.14,West,550,Kharif,Rainfed,63.08,23.67,74.86
wheat,147,58,30,5.85,16.29,1367.27,88.09,43.94,Clay,1.03,4.29,11.82,Central,676,Kharif,Canal,202.39,15.8,8.03
rice,98,81,90,4.95,27.69,2210.05,61.89,58.76,Sandy,0.7,6.45,6.59,Central,1619,Zaid,Canal,337.09,15.69,11.64
maize,74,76,113,6.19,28.31,2456.08,66.66,27.18,Loamy,0.64,5.61,8.66,South,792,Rabi,Canal,112.1,19.38,10.9
rice,166,26,142,7.7,24.0,2232.33,43.73,40.55,Silt,1.4,7.39,9.04,East,775,Kharif,Rainfed,331.34,12.27,10.55
maize,61,44,125,6.09,33.4,504.85,57.68,28.55,Silt,1.23,10.47,1.69,North,885,Rabi,Drip,137.79,21.53,6.95
cotton,62,79,68,7.89,20.37,1954.71,75.37,54.03,Loamy,1.17,10.69,10.04,North,1896,Rabi,Rainfed,324.77,8.89,7.69
potato,155,55,26,7.75,10.34,2430.83,51.07,53.86,Sandy,0.64,6.0,1.67,East,794,Kharif,Sprinkler,236.9,12.47,26.69
cotton,96,34,120,5.01,20.2,1622.26,34.18,62.87,Sandy,1.56,10.37,4.11,Central,1847,Rabi,Canal,166.66,23.11,7.19
rice,59,20,70,5.84,38.98,2638.74,80.27,37.34,Clay,0.41,10.31,13.18,West,158,Zaid,Rainfed,324.09,21.41,10.7
potato,143,89,24,7.9,33.37,2509.09,32.0,22.93,Silt,1.39,7.07,13.3,South,583,Rabi,Sprinkler,85.47,4.06,22.47
maize,58,18,32,4.9,19.55,2495.28,35.78,59.82,Silt,0.57,7.8,1.05,North,280,Rabi,Drip,274.11,15.59,12.01
cotton,160,24,61,7.4,16.67,2710.13,68.23,59.53,Silt,0.81,4.34,15.43,North,72,Kharif,Sprinkler,232.1,21.6,7.74
cotton,59,65,144,7.88,34.31,2213.42,70.11,26.73,Silt,0.86,4.15,1.15,Central,1770,Rabi,Drip,169.82,24.79,5.93
rice,166,52,81,7.42,16.0,2014.76,62.99,28.81,Sandy,1.16,5.08,17.47,West,1635,Zaid,Canal,215.46,24.93,9.52
rice,159,15,148,7.33,27.41,2181.94,34.67,30.67,Silt,1.01,7.66,10.53,North,1136,Rabi,Drip,281.19,9.96,10.81
wheat,91,22,93,7.67,25.24,1194.89,76.61,37.59,Loamy,0.54,7.3,7.26,East,237,Kharif,Rainfed,93.96,19.6,5.72
maize,32,95,133,7.06,22.68,320.86,65.89,56.45,Sandy,0.34,4.09,11.32,South,1974,Zaid,Canal,136.74,24.6,7.73
potato,97,97,73,6.24,22.78,409.83,70.23,22.22,Loamy,1.23,4.78,3.53,West,553,Kharif,Rainfed,170.49,19.01,23.77
potato,54,77,135,5.01,31.07,2431.7,30.17,50.02,Loamy,0.96,6.94,9.11,South,1327,Rabi,Rainfed,272.4,9.41,26.58
wheat,170,47,102,7.48,13.09,1325.03,35.27,32.64,Sandy,0.77,9.65,12.71,South,237,Kharif,Drip,321.54,14.54,9.47
sugarcane,73,29,149,7.88,21.86,1206.03,73.26,24.78,Loamy,0.67,7.79,12.13,South,1549,Kharif,Rainfed,330.53,21.0,76.26
cotton,84,45,68,6.54,39.05,1831.78,70.67,31.92,Loamy,1.37,8.81,16.43,East,935,Zaid,Rainfed,170.26,21.09,6.14
potato,166,35,50,6.61,33.34,649.94,41.9,41.66,Clay,1.33,7.18,5.83,East,2050,Rabi,Sprinkler,192.74,17.09,23.43
maize,159,17,93,6.17,10.63,1659.87,60.29,61.07,Silt,1.37,6.66,2.2,East,979,Zaid,Canal,323.12,8.13,12.19
potato,70,80,136,7.71,23.41,2389.18,48.74,46.41,Loamy,0.58,10.36,7.33,South,1401,Zaid,Canal,76.21,20.93,26.22
wheat,93,49,22,4.85,13.52,1363.61,67.49,45.35,Clay,1.41,9.8,3.26,East,2117,Zaid,Rainfed,272.77,4.43,10.12
sugarcane,60,55,143,6.92,24.54,1594.97,77.85,20.44,Clay,1.58,5.4,16.19,Central,602,Rabi,Sprinkler,232.82,18.29,73.98
rice,76,73,104,7.89,13.11,711.2,41.28,18.99,Silt,1.08,9.7,17.68,South,989,Kharif,Rainfed,112.83,24.85,4.58
sugarcane,159,30,83,5.15,21.68,2142.31,68.96,21.47,Clay,0.36,5.76,11.79,Central,397,Rabi,Sprinkler,292.15,24.53,76.1
maize,125,70,37,8.06,26.35,1704.85,56.06,19.78,Clay,1.21,4.27,14.49,North,1605,Zaid,Sprinkler,81.76,6.07,7.17
potato,106,59,53,8.09,21.02,1679.72,41.57,43.82,Loamy,1.0,9.51,12.84,West,1120,Kharif,Rainfed,96.49,21.57,24.2
potato,139,73,75,7.96,27.36,864.06,53.79,37.63,Silt,1.23,5.08,10.32,North,883,Zaid,Canal,219.11,1.39,24.25
maize,98,64,86,6.37,39.55,2593.26,36.25,15.25,Silt,0.54,5.98,15.08,South,1142,Zaid,Rainfed,149.25,13.36,9.78
sugarcane,87,99,110,6.1,17.37,1161.03,69.46,32.55,Loamy,1.09,9.37,16.19,Central,843,Rabi,Sprinkler,91.17,3.08,73.38
wheat,135,26,86,7.2,26.94,2703.0,89.89,21.37,Sandy,1.0,7.4,9.72,Central,1347,Zaid,Drip,262.9,18.93,10.56
rice,73,26,129,5.88,24.14,1154.27,74.0,64.41,Clay,1.08,8.85,14.79,West,177,Zaid,Canal,106.0,7.39,7.88
cotton,103,47,59,5.03,34.28,2550.78,81.12,38.01,Loamy,1.25,4.21,7.63,South,1461,Zaid,Sprinkler,344.32,0.88,9.43
cotton,85,98,110,7.86,19.45,1696.3,43.55,36.31,Clay,1.01,6.35,4.97,South,1358,Rabi,Sprinkler,331.91,11.93,8.46
cotton,156,63,68,6.96,29.14,460.22,36.37,47.21,Silt,0.72,6.48,8.87,East,288,Kharif,Canal,177.53,14.3,5.84
potato,59,35,83,5.5,30.79,2685.81,30.13,32.85,Silt,0.7,5.71,5.21,South,475,Zaid,Canal,276.7,22.65,25.65
cotton,100,74,131,4.86,39.27,1131.45,73.78,50.78,Clay,1.2,6.63,7.66,North,259,Kharif,Drip,293.99,21.37,8.29
rice,147,66,119,7.26,14.54,2334.97,79.39,60.24,Silt,1.16,6.55,11.89,Central,2187,Kharif,Sprinkler,222.11,19.08,10.43
potato,84,68,123,7.7,39.95,1714.26,41.35,39.94,Silt,0.85,10.61,3.92,Central,301,Rabi,Rainfed,295.0,1.02,26.29
potato,96,53,24,6.18,31.64,910.63,58.7,34.15,Sandy,0.76,9.94,13.31,East,1992,Zaid,Rainfed,290.67,12.99,25.82
maize,170,63,138,5.08,23.69,650.66,65.1,41.09,Silt,1.11,9.75,16.24,South,1683,Zaid,Drip,346.39,19.35,7.96
cotton,32,78,107,7.01,17.91,886.18,87.49,45.18,Silt,0.71,4.02,7.5,West,629,Rabi,Sprinkler,143.77,22.54,5.08
potato,55,40,146,5.81,28.86,1662.42,84.84,57.39,Clay,1.55,6.56,17.57,East,1236,Kharif,Sprinkler,314.36,14.94,27.06
potato,86,85,43,5.29,14.25,1570.24,30.94,34.72,Loamy,1.08,5.09,12.71,North,68,Rabi,Sprinkler,254.07,18.49,24.49
potato,155,21,126,6.54,38.4,974.87,32.95,17.57,Silt,1.07,6.14,10.78,North,1468,Zaid,Drip,110.24,8.56,23.82
maize,82,86,69,6.44,15.53,692.82,87.53,46.54,Silt,0.48,5.18,6.17,East,2186,Kharif,Canal,106.23,8.32,9.29
rice,72,76,77,6.56,33.23,1176.66,33.49,64.34,Loamy,1.09,4.51,1.28,East,251,Kharif,Sprinkler,288.37,12.85,11.9
cotton,78,38,20,7.6,20.35,697.43,64.92,57.71,Loamy,0.68,7.87,8.03,Central,1220,Kharif,Drip,178.33,15.19,6.85
sugarcane,71,54,21,6.45,16.48,1565.46,34.76,52.91,Loamy,0.89,9.32,16.5,East,1743,Kharif,Drip,314.28,24.31,76.99
maize,40,90,82,7.86,34.26,1383.77,70.01,23.83,Clay,1.0,7.45,14.67,Central,2148,Zaid,Drip,209.1,2.34,8.4
rice,132,61,35,7.66,36.64,1422.09,41.05,52.43,Silt,0.92,6.01,17.71,North,2173,Kharif,Drip,149.16,21.94,9.07
rice,127,22,56,7.01,10.17,953.08,32.05,19.07,Silt,1.35,4.71,14.73,North,149,Rabi,Canal,307.61,13.14,9.24
wheat,175,68,35,4.99,39.22,533.39,46.73,39.7,Loamy,0.43,10.02,13.4,North,1038,Kharif,Drip,325.01,0.2,7.55
wheat,114,23,106,7.74,22.66,1765.63,61.88,33.54,Sandy,0.52,8.47,2.48,Central,1091,Kharif,Rainfed,198.03,14.61,8.5
potato,129,17,109,7.88,12.88,2734.99,62.1,60.26,Clay,0.5,5.06,17.65,East,457,Rabi,Canal,201.99,16.84,26.84
maize,133,68,99,6.08,23.6,1972.11,75.81,22.99,Loamy,1.36,6.08,5.96,South,876,Kharif,Rainfed,325.46,8.7,11.23
cotton,75,35,46,6.59,13.56,2519.94,33.63,54.44,Loamy,0.45,9.48,5.14,South,331,Rabi,Sprinkler,158.8,9.32,10.27
potato,73,62,130,5.76,17.76,540.93,30.49,17.43,Silt,1.56,9.32,1.5,West,188,Zaid,Canal,244.27,19.08,24.31
wheat,51,61,83,4.85,26.73,451.94,72.85,50.09,Sandy,1.56,8.65,7.83,West,1358,Kharif,Rainfed,72.5,10.98,6.81
maize,143,82,116,6.43,20.78,2215.19,87.25,29.69,Clay,1.59,4.65,16.21,Central,2146,Zaid,Rainfed,349.74,1.34,12.94
cotton,154,98,30,5.24,16.84,1436.71,41.56,63.8,Sandy,1.57,8.51,14.08,East,687,Kharif,Canal,99.28,0.93,5.96
wheat,153,77,89,5.42,15.89,2367.28,38.99,48.59,Sandy,0.49,8.27,10.97,North,751,Zaid,Sprinkler,111.57,1.41,7.99
maize,59,30,67,6.43,29.1,1501.96,50.58,30.45,Silt,1.15,8.27,13.7,South,472,Zaid,Canal,104.49,4.66,8.2
potato,37,88,113,7.75,37.29,486.63,72.13,26.78,Loamy,0.82,9.76,1.9,West,628,Zaid,Drip,73.63,20.22,23.36
rice,127,19,95,7.67,11.69,1434.42,75.71,46.97,Loamy,1.25,4.83,4.2,East,1465,Rabi,Sprinkler,285.0,22.75,11.56
maize,86,25,79,8.08,17.33,1965.19,86.2,28.64,Sandy,0.83,4.18,8.96,South,884,Rabi,Rainfed,190.69,8.15,7.79
potato,140,43,87,6.44,29.96,1591.37,78.12,24.34,Clay,0.8,5.62,12.37,East,205,Zaid,Sprinkler,194.96,18.85,23.51
sugarcane,102,93,76,6.68,39.62,842.82,31.67,47.38,Clay,1.48,4.77,10.67,North,1822,Kharif,Rainfed,342.09,24.8,76.69
wheat,144,84,83,7.6,30.44,2610.32,42.38,51.21,Silt,0.94,9.34,3.61,Central,1577,Kharif,Canal,123.56,21.17,9.53
cotton,49,62,99,7.18,11.58,1963.5,51.33,26.9,Clay,1.26,4.55,14.97,South,1549,Zaid,Sprinkler,76.38,15.53,4.14
sugarcane,54,29,106,5.42,15.37,1616.22,86.81,41.79,Silt,1.14,6.54,3.31,South,1341,Rabi,Rainfed,236.31,2.36,77.44
cotton,48,98,139,6.15,20.43,1487.28,66.34,48.18,Sandy,1.16,10.29,5.27,East,197,Zaid,Rainfed,187.65,21.33,8.61
potato,34,48,98,7.96,14.72,1831.32,89.78,62.1,Clay,0.75,10.28,17.1,East,58,Rabi,Canal,118.36,2.46,24.62
rice,104,74,55,5.3,15.47,1461.46,49.06,55.17,Loamy,0.63,6.51,16.94,East,1323,Kharif,Drip,197.74,5.57,9.71
rice,157,76,73,5.51,18.21,1071.09,85.28,36.04,Sandy,1.45,8.23,3.81,North,1243,Rabi,Drip,114.38,12.3,8.09
sugarcane,101,16,119,6.16,21.18,1271.47,71.92,57.22,Silt,0.33,5.38,4.89,South,1968,Zaid,Sprinkler,337.3,2.54,77.53
potato,69,94,105,8.0,21.76,780.92,83.22,37.08,Sandy,0.52,4.54,11.94,Central,899,Rabi,Sprinkler,319.5,10.86,25.55
potato,55,33,41,5.19,24.98,2203.39,85.36,21.51,Sandy,0.47,9.35,15.25,Central,1222,Rabi,Canal,211.59,8.51,23.92
wheat,56,63,94,7.09,37.85,2315.46,57.18,32.06,Silt,1.53,4.05,10.48,Central,1897,Rabi,Rainfed,190.3,5.98,10.6
rice,112,92,55,5.25,39.8,2136.18,82.32,55.24,Clay,0.31,9.8,5.77,East,248,Kharif,Sprinkler,141.68,11.9,10.59
sugarcane,157,42,48,6.58,10.59,1458.04,88.99,62.79,Clay,0.31,6.36,5.84,North,773,Zaid,Rainfed,269.86,4.22,75.4
cotton,62,62,37,6.62,24.81,837.13,70.03,64.18,Loamy,0.59,4.93,1.61,East,1129,Kharif,Drip,99.97,1.83,7.66
sugarcane,126,51,57,4.94,32.56,2706.53,45.54,46.95,Clay,0.66,7.54,1.1,Central,1508,Kharif,Drip,273.93,19.25,75.69
potato,140,88,120,8.04,12.2,2226.91,46.16,38.92,Silt,1.03,10.81,3.18,North,2026,Zaid,Drip,192.26,10.55,24.34
sugarcane,45,63,53,7.54,38.24,2239.81,75.14,23.1,Silt,1.55,9.15,17.88,East,1776,Rabi,Sprinkler,223.87,3.51,74.74
potato,52,62,140,5.83,38.13,1861.16,49.72,20.13,Silt,0.9,9.32,4.34,West,476,Rabi,Drip,259.45,22.01,25.39
sugarcane,164,87,106,5.24,16.25,1005.4,54.66,40.93,Clay,0.68,6.85,10.34,West,639,Rabi,Rainfed,271.73,22.55,75.33
cotton,55,43,129,5.98,33.57,757.47,61.59,51.39,Silt,1.36,7.15,3.92,North,82,Rabi,Rainfed,257.25,4.01,5.56
wheat,125,74,86,7.84,27.44,579.8,84.7,31.2,Clay,0.8,9.91,15.73,Central,2125,Zaid,Rainfed,149.36,1.04,7.01
potato,41,43,62,5.25,11.02,1858.31,72.68,48.73,Silt,0.48,4.59,12.25,Central,109,Zaid,Canal,103.23,22.66,24.98
wheat,101,72,142,5.99,18.92,747.92,47.46,43.54,Silt,1.33,4.38,13.61,Central,1036,Kharif,Canal,146.46,16.15,8.48
wheat,162,62,41,6.48,17.9,1237.67,38.02,62.04,Clay,0.3,8.83,14.87,Central,1320,Zaid,Rainfed,110.61,22.25,8.23
potato,135,37,106,4.91,36.39,2349.19,47.39,25.48,Loamy,0.57,5.91,14.79,Central,513,Kharif,Sprinkler,309.23,1.93,24.99
cotton,146,41,96,5.71,36.93,1024.73,50.01,44.55,Loamy,1.13,11.0,1.12,South,2113,Kharif,Sprinkler,78.87,2.26,6.75
sugarcane,55,21,144,6.83,11.03,964.22,73.96,35.69,Loamy,0.43,10.96,12.42,Central,1152,Zaid,Drip,225.86,21.96,74.89
sugarcane,162,63,115,5.9,32.24,2093.34,55.51,28.08,Clay,0.63,8.5,14.98,East,219,Kharif,Drip,327.55,18.85,77.1
rice,51,68,141,7.76,13.6,1601.76,89.88,32.86,Silt,0.81,7.24,1.94,North,1505,Zaid,Rainfed,342.5,11.45,11.07
wheat,42,82,59,7.99,33.73,1705.89,32.07,29.73,Clay,0.82,4.05,10.05,South,1047,Rabi,Drip,316.79,19.39,10.2
potato,136,92,123,6.3,35.37,622.25,51.26,41.38,Sandy,1.56,8.21,3.92,Central,1135,Kharif,Rainfed,205.08,16.46,24.35
potato,52,56,138,6.61,11.78,1014.37,35.16,42.9,Sandy,1.18,4.63,4.62,East,2011,Zaid,Sprinkler,237.98,18.95,22.31
maize,126,88,139,6.94,19.79,1223.54,51.4,58.28,Clay,0.35,10.33,15.32,Central,1505,Rabi,Drip,102.82,0.34,8.31
potato,47,73,36,7.06,21.39,2724.93,56.02,54.07,Sandy,0.59,4.8,8.82,West,629,Rabi,Drip,121.48,9.98,26.7
sugarcane,146,58,121,5.02,38.65,403.65,83.47,30.13,Loamy,1.1,4.7,4.14,North,1504,Kharif,Drip,124.12,22.96,74.04
potato,59,40,149,4.98,21.13,2438.16,55.52,61.57,Loamy,1.23,9.04,13.68,West,1988,Rabi,Rainfed,215.01,16.93,26.92
potato,55,37,127,7.74,17.68,613.04,31.53,58.42,Loamy,0.79,5.07,16.15,Central,733,Zaid,Sprinkler,220.76,1.13,26.37
rice,173,87,109,5.55,28.59,2769.35,87.31,46.29,Sandy,1.41,8.1,12.54,West,1154,Kharif,Drip,122.72,24.91,10.95
potato,68,22,138,6.79,14.77,782.36,38.72,15.93,Loamy,1.53,9.57,16.65,East,1310,Zaid,Drip,115.2,24.83,23.66
wheat,159,67,82,6.92,28.75,1022.76,76.42,25.46,Loamy,1.1,4.02,5.87,South,605,Kharif,Rainfed,278.86,11.53,9.31
wheat,142,28,24,5.36,23.76,2373.62,42.02,54.47,Loamy,1.03,5.07,8.36,East,860,Kharif,Sprinkler,131.53,22.3,9.24
wheat,163,85,44,7.39,31.94,1195.02,85.4,37.69,Clay,1.28,5.25,2.79,East,926,Zaid,Sprinkler,229.32,10.44,11.14
maize,75,21,92,7.74,27.36,1920.67,43.59,21.3,Silt,1.32,7.88,2.25,North,1174,Kharif,Drip,120.11,6.98,7.34
maize,79,23,143,5.77,15.3,1760.21,81.31,35.41,Silt,0.58,9.59,7.85,North,175,Zaid,Rainfed,207.72,24.41,10.87
sugarcane,135,17,41,7.78,38.12,2015.72,54.87,25.6,Clay,0.93,10.02,12.6,West,1189,Kharif,Rainfed,239.98,19.58,74.44
cotton,175,92,112,5.08,23.46,2358.45,56.83,59.63,Loamy,0.88,4.44,13.82,Central,633,Kharif,Drip,343.15,12.27,10.42
potato,101,31,54,7.52,32.34,1048.39,67.75,59.46,Loamy,1.52,7.56,3.56,West,1716,Zaid,Rainfed,94.04,11.08,24.12
sugarcane,103,58,74,6.98,25.96,2484.56,59.25,34.35,Clay,0.45,10.09,11.43,South,1904,Kharif,Sprinkler,264.6,2.09,74.56
wheat,46,60,147,6.78,35.96,2737.66,50.2,21.87,Clay,1.53,4.5,9.92,Central,673,Rabi,Canal,272.95,20.82,10.53
potato,99,72,39,5.58,20.11,1981.8,44.56,32.94,Sandy,1.04,4.18,14.73,East,1623,Rabi,Sprinkler,124.46,6.21,22.76
sugarcane,179,42,24,6.03,29.17,1715.26,45.97,21.44,Clay,0.67,4.33,13.39,East,152,Rabi,Drip,177.68,2.82,74.03
maize,35,28,82,7.9,12.38,2758.61,72.21,30.2,Loamy,1.43,10.52,9.5,South,680,Rabi,Canal,265.67,17.71,11.07
maize,55,23,51,6.38,12.33,529.09,36.52,53.56,Clay,0.37,6.79,5.19,Central,1533,Kharif,Sprinkler,266.39,14.04,10.5
potato,169,40,93,6.82,35.31,1261.53,63.69,29.6,Loamy,0.71,4.42,15.91,South,204,Zaid,Drip,205.29,16.95,24.96
cotton,128,16,120,7.98,34.55,890.13,52.77,42.21,Sandy,1.28,10.97,3.84,West,771,Kharif,Sprinkler,262.27,3.43,7.22
sugarcane,171,89,98,6.39,20.78,504.32,51.19,20.94,Clay,1.38,10.68,5.42,South,919,Rabi,Drip,217.34,3.06,72.04
sugarcane,51,95,42,6.12,30.28,2461.72,72.93,32.38,Sandy,0.52,6.93,12.46,North,228,Zaid,Drip,93.71,4.1,74.75
cotton,80,48,75,7.84,34.87,1157.51,60.19,16.98,Loamy,1.52,4.72,9.98,South,133,Kharif,Rainfed,285.43,14.11,5.94
wheat,133,33,125,7.9,14.32,645.13,34.63,42.41,Loamy,0.37,9.2,2.77,Central,1022,Kharif,Rainfed,135.95,6.49,7.27
cotton,118,53,88,6.01,39.54,1257.41,84.57,32.38,Loamy,0.86,4.42,9.24,West,96,Zaid,Drip,342.36,15.13,7.58
cotton,170,96,41,6.81,36.58,1249.52,83.88,58.6,Loamy,0.43,8.39,3.01,North,1846,Kharif,Sprinkler,293.51,12.65,9.51
cotton,167,27,51,8.08,30.73,615.4,55.52,34.63,Sandy,0.43,9.33,2.85,West,383,Kharif,Canal,279.7,9.89,6.49
maize,38,19,21,4.99,26.3,1630.61,30.83,42.89,Clay,1.49,5.49,5.35,East,434,Kharif,Sprinkler,290.17,0.71,9.18
cotton,108,64,142,4.94,36.85,555.38,33.62,63.83,Clay,1.48,10.6,3.92,North,2128,Rabi,Canal,172.37,20.4,6.58
sugarcane,81,37,104,6.56,32.18,806.25,59.5,47.14,Loamy,1.1,10.97,17.86,South,1529,Rabi,Rainfed,80.1,1.67,72.36
potato,159,43,33,5.79,27.54,2107.76,34.89,40.02,Loamy,1.56,6.51,17.28,West,1051,Rabi,Rainfed,175.41,16.3,23.52
sugarcane,42,86,56,6.78,36.75,1059.22,56.59,19.91,Sandy,0.94,10.75,13.31,South,805,Rabi,Rainfed,154.28,9.04,73.93
maize,80,40,46,7.26,16.32,1912.84,41.38,56.05,Sandy,1.32,5.62,15.27,South,1480,Rabi,Canal,123.12,18.2,10.46
maize,63,93,83,5.03,17.33,826.68,78.15,47.12,Loamy,0.43,9.61,16.27,West,821,Kharif,Sprinkler,158.08,6.88,9.8
rice,64,71,89,7.8,37.9,1622.9,52.05,20.43,Loamy,0.81,9.19,10.0,South,1332,Kharif,Sprinkler,252.17,8.87,7.64
wheat,160,15,34,5.74,12.01,557.57,52.71,27.28,Clay,0.97,4.29,14.74,North,675,Kharif,Canal,78.41,24.52,6.03
potato,149,42,48,6.1,11.38,408.03,31.5,41.88,Clay,1.31,5.81,16.34,West,701,Rabi,Drip,150.51,9.7,23.77
maize,99,76,93,5.95,33.76,1675.25,69.23,17.25,Clay,0.73,6.69,1.86,Central,1779,Zaid,Sprinkler,145.05,15.31,10.3
potato,176,61,47,7.66,22.42,2245.75,76.41,50.92,Loamy,1.57,4.1,14.71,South,1679,Zaid,Sprinkler,120.89,23.75,24.75
rice,96,92,78,5.38,37.49,2059.07,45.81,26.39,Silt,1.26,10.63,2.41,East,2109,Kharif,Sprinkler,320.36,17.73,12.76
potato,132,73,92,4.9,19.02,2232.37,67.01,39.49,Sandy,0.99,5.49,17.05,West,1569,Rabi,Sprinkler,308.1,9.62,25.38
cotton,102,45,29,8.1,18.62,1511.7,68.81,27.08,Sandy,0.73,10.48,12.43,East,1798,Rabi,Canal,249.84,9.73,4.7
rice,145,84,81,8.13,38.72,2041.32,67.78,39.46,Sandy,1.13,7.08,17.97,Central,390,Rabi,Rainfed,294.43,10.68,11.45
rice,162,63,146,5.68,26.61,503.99,71.9,24.48,Loamy,1.17,4.89,7.85,Central,1456,Rabi,Drip,265.45,10.45,10.04
rice,96,19,25,4.83,28.41,2387.76,77.1,44.7,Loamy,1.18,7.0,15.61,East,351,Rabi,Canal,80.0,8.81,8.84
rice,168,45,99,7.0,36.94,1147.34,75.48,60.52,Sandy,1.06,8.29,17.26,West,1874,Zaid,Rainfed,296.5,14.05,9.33
cotton,150,51,91,7.0,21.42,2484.76,64.44,55.37,Sandy,0.82,7.32,6.0,East,1049,Zaid,Sprinkler,193.0,19.99,7.82
wheat,123,93,35,8.0,17.44,1744.8,86.33,27.08,Sandy,1.36,6.22,15.64,North,639,Zaid,Canal,207.04,14.69,7.78
sugarcane,158,29,57,5.81,27.13,550.04,76.83,39.91,Loamy,0.64,9.7,7.36,South,618,Zaid,Drip,343.82,6.23,74.45
rice,120,66,84,5.44,22.3,1347.08,83.45,36.16,Silt,1.11,10.69,8.11,Central,170,Kharif,Canal,336.27,17.57,10.46
cotton,121,83,145,6.9,14.91,2311.38,60.47,63.27,Silt,0.91,4.67,15.81,Central,1461,Kharif,Canal,143.52,12.88,7.43
sugarcane,92,25,102,6.72,13.56,906.43,72.03,54.94,Silt,1.46,7.85,10.17,Central,1090,Rabi,Rainfed,168.0,15.49,72.86
rice,58,57,36,7.24,31.76,755.56,81.78,20.37,Clay,1.07,6.23,7.88,North,1171,Zaid,Rainfed,67.3,17.68,5.66
sugarcane,41,84,132,7.81,11.03,343.25,62.39,23.43,Clay,1.41,9.23,3.58,North,1964,Rabi,Canal,182.67,11.57,72.31
wheat,106,37,89,6.7,25.83,2021.07,82.44,50.1,Loamy,1.54,8.44,8.43,North,1715,Kharif,Drip,144.29,9.99,9.07
rice,70,54,90,5.31,19.89,1238.62,73.51,22.99,Silt,0.47,4.19,13.42,East,1292,Rabi,Canal,73.22,21.67,6.4
sugarcane,159,77,68,6.83,14.53,737.72,75.23,62.52,Silt,1.02,8.45,12.73,East,160,Rabi,Drip,153.75,21.53,75.62
rice,66,16,40,6.07,36.72,1802.19,85.64,64.65,Clay,1.45,9.07,14.3,South,574,Kharif,Canal,231.14,17.74,10.68
sugarcane,53,93,83,6.34,32.22,659.4,49.82,53.92,Silt,1.43,9.39,13.84,East,170,Kharif,Canal,173.88,8.31,74.15
rice,128,87,51,8.06,33.19,2111.61,65.68,16.34,Sandy,0.55,10.24,7.13,Central,452,Kharif,Sprinkler,127.28,18.05,8.61
cotton,179,61,39,6.69,23.08,1758.09,46.36,39.14,Clay,0.93,10.62,15.26,North,2175,Kharif,Rainfed,81.68,10.82,7.39
rice,129,44,35,5.31,29.45,917.98,61.75,35.3,Sandy,0.59,5.87,1.66,Central,746,Zaid,Sprinkler,293.45,17.4,9.13
maize,168,30,79,6.31,12.72,2485.96,56.62,54.98,Silt,1.47,8.63,1.48,North,1150,Rabi,Drip,124.01,5.24,11.64
maize,87,73,122,5.58,14.18,1697.6,57.45,29.35,Loamy,0.3,7.9,17.25,East,1759,Rabi,Rainfed,308.23,0.15,10.87
maize,58,61,80,5.26,19.68,622.29,42.51,34.31,Silt,0.58,9.75,15.9,South,317,Rabi,Rainfed,167.44,3.11,7.61
potato,172,44,123,7.22,23.73,2096.92,67.53,19.68,Loamy,0.83,4.27,7.84,West,499,Rabi,Rainfed,329.64,15.02,26.43
potato,89,23,80,6.94,12.81,1086.27,77.73,32.13,Sandy,0.59,6.87,15.33,North,1618,Rabi,Drip,347.7,10.7,25.45
potato,124,79,95,6.49,26.95,2237.14,46.12,63.69,Sandy,1.57,6.4,12.05,North,444,Kharif,Drip,221.13,8.82,27.57
potato,71,73,34,6.24,17.19,1303.72,37.44,62.11,Silt,0.62,8.57,3.89,Central,1984,Rabi,Drip,214.26,22.12,24.79
cotton,72,78,122,5.9,33.24,488.85,45.32,52.51,Clay,0.77,6.93,8.75,South,1678,Rabi,Sprinkler,164.5,4.34,7.37
maize,103,22,94,5.1,10.01,1875.46,75.31,60.36,Sandy,0.53,6.76,2.08,South,1923,Zaid,Drip,320.28,21.72,11.74
maize,93,66,47,5.82,35.98,1075.81,33.8,25.56,Loamy,1.5,6.63,6.69,South,903,Zaid,Sprinkler,144.25,12.43,8.04
wheat,31,32,93,7.65,31.98,2654.75,67.07,46.09,Loamy,0.83,9.78,4.52,West,2092,Rabi,Drip,231.43,24.39,9.23
rice,95,96,144,7.46,26.39,2374.79,79.19,40.0,Clay,0.64,7.38,14.96,Central,2160,Zaid,Drip,240.8,7.78,11.68
sugarcane,60,72,75,8.11,32.13,1184.66,78.1,36.13,Silt,0.62,6.8,13.54,South,867,Zaid,Canal,334.15,20.49,74.34
wheat,144,63,83,7.03,20.94,364.89,89.25,31.24,Sandy,1.06,10.06,2.04,Central,17,Zaid,Sprinkler,183.33,12.92,6.81
sugarcane,55,46,146,6.68,14.88,1644.07,77.4,58.32,Silt,1.57,4.01,10.15,East,27,Rabi,Drip,136.73,6.03,74.57
wheat,58,62,140,5.81,10.27,1914.49,38.09,39.23,Sandy,1.57,6.23,13.34,South,736,Zaid,Canal,166.38,21.46,8.93
potato,107,59,108,5.06,26.46,2006.94,50.83,51.2,Silt,1.58,8.72,11.6,West,739,Kharif,Sprinkler,263.17,13.94,25.78
potato,54,68,36,6.9,18.76,1173.28,43.02,50.3,Clay,0.8,4.73,1.92,West,355,Kharif,Canal,127.06,20.03,25.26
potato,77,99,116,6.46,16.38,653.88,52.58,21.8,Loamy,1.49,8.06,4.36,East,946,Kharif,Canal,203.42,15.63,22.88
wheat,94,60,74,7.38,36.01,1698.53,68.21,17.45,Silt,0.88,7.14,7.53,East,539,Rabi,Canal,73.33,1.79,7.81
sugarcane,96,45,129,6.2,31.76,1518.66,47.39,57.0,Silt,0.96,8.68,3.18,West,848,Zaid,Drip,236.77,15.14,76.47
wheat,119,51,35,8.15,39.71,2785.29,37.73,39.52,Sandy,0.98,7.72,3.49,North,127,Rabi,Canal,204.04,0.4,9.03
potato,175,30,32,6.15,29.85,1736.64,72.85,55.5,Silt,0.38,5.36,7.57,West,820,Zaid,Drip,195.15,18.55,25.83
potato,166,60,97,5.93,36.86,754.16,37.03,29.85,Silt,0.53,4.93,9.34,Central,1986,Zaid,Rainfed,124.96,7.11,25.15
potato,67,60,104,7.76,13.55,1203.77,86.87,58.09,Clay,1.45,6.15,2.14,West,822,Kharif,Sprinkler,265.19,11.27,27.12
sugarcane,116,92,92,6.14,31.68,1628.15,67.11,56.54,Silt,1.47,10.6,13.4,West,510,Zaid,Drip,322.05,3.28,78.3
rice,178,75,138,7.76,12.59,2394.02,75.86,34.08,Clay,0.56,5.47,10.23,East,1679,Zaid,Drip,149.47,3.23,10.23
potato,94,60,87,4.89,12.84,1502.37,79.46,35.58,Clay,0.69,7.23,17.34,East,1663,Rabi,Canal,346.32,17.33,27.09
rice,178,65,93,7.15,35.74,2301.14,68.58,32.54,Clay,1.38,10.65,5.77,North,2087,Rabi,Canal,91.61,2.11,8.69
cotton,56,76,118,5.04,20.8,689.31,72.12,16.74,Sandy,0.57,5.41,5.43,East,2138,Zaid,Drip,141.06,12.26,3.83
rice,135,49,136,5.3,19.49,1255.01,77.42,49.38,Clay,1.45,5.71,6.77,West,1405,Kharif,Canal,142.52,15.8,10.78
rice,152,95,134,7.18,15.51,1597.73,57.25,28.64,Sandy,1.37,7.35,10.25,North,8,Zaid,Drip,257.73,9.99,9.29
rice,73,56,73,5.79,24.55,359.12,30.17,59.2,Loamy,1.35,4.74,6.19,Central,1068,Kharif,Canal,85.95,12.75,8.32
wheat,129,59,98,5.52,16.11,2198.15,88.02,59.87,Clay,1.46,4.56,6.16,North,758,Rabi,Canal,230.9,22.81,12.15
sugarcane,57,82,34,7.53,26.14,2380.61,44.56,51.13,Silt,1.45,6.12,15.61,East,505,Rabi,Canal,329.74,18.49,76.75
wheat,46,89,137,8.02,29.81,1110.33,38.98,24.08,Clay,1.49,5.0,2.65,North,1027,Zaid,Drip,328.04,19.02,10.19
wheat,156,61,131,5.59,29.65,2695.35,85.15,19.46,Loamy,1.44,6.99,9.5,West,1725,Kharif,Canal,347.37,21.35,9.96
potato,152,93,125,5.88,20.94,2126.68,62.47,55.82,Clay,1.09,4.76,13.82,North,868,Kharif,Sprinkler,302.5,9.58,29.04
cotton,160,44,124,7.23,31.12,2373.75,46.54,59.65,Sandy,0.51,8.11,17.27,North,326,Kharif,Sprinkler,136.42,5.24,8.93
maize,105,38,66,7.57,17.98,1937.1,85.91,32.6,Loamy,1.09,7.45,15.99,South,1736,Zaid,Rainfed,107.89,1.96,8.22
rice,75,80,137,8.2,34.23,2348.26,81.32,32.65,Loamy,1.52,8.15,4.61,North,1334,Zaid,Rainfed,77.37,18.72,6.55
cotton,98,57,145,5.73,10.0,2757.56,57.35,34.51,Sandy,1.56,10.31,8.83,North,922,Zaid,Drip,155.63,6.61,9.24
wheat,166,48,117,6.69,39.0,2423.84,87.37,56.38,Sandy,1.25,6.42,10.88,Central,1555,Kharif,Drip,334.04,11.14,11.51
wheat,114,37,67,5.26,23.01,1484.14,35.59,50.35,Silt,1.2,5.88,6.52,South,312,Zaid,Sprinkler,223.46,5.97,9.03
rice,40,75,101,5.92,20.02,1890.54,86.26,21.1,Loamy,1.52,8.02,6.41,Central,681,Rabi,Drip,159.62,14.75,8.76
wheat,98,51,35,4.95,28.73,1749.19,57.62,46.73,Clay,0.68,5.73,4.15,South,426,Rabi,Rainfed,61.73,5.31,7.47
sugarcane,128,27,93,5.52,36.37,1571.02,57.69,15.49,Sandy,0.5,4.47,1.86,North,1221,Kharif,Drip,226.85,16.01,75.3
sugarcane,120,85,40,6.52,20.58,2224.51,57.2,50.52,Silt,0.68,4.41,14.24,West,1659,Zaid,Drip,339.93,18.09,77.68
rice,123,21,80,5.36,12.1,1396.77,55.83,53.23,Sandy,1.53,4.46,8.61,Central,1823,Zaid,Sprinkler,348.65,2.6,11.23
cotton,144,56,43,7.82,20.62,1074.26,62.24,55.75,Sandy,0.58,5.66,15.82,East,193,Kharif,Sprinkler,218.86,22.68,7.96
rice,60,52,42,7.22,10.15,405.55,89.71,46.28,Silt,0.59,9.11,4.26,East,1741,Kharif,Rainfed,299.96,21.59,8.21
sugarcane,40,66,106,4.89,15.55,519.89,30.87,24.03,Loamy,0.55,5.08,7.31,South,83,Rabi,Sprinkler,94.6,23.99,71.61
potato,116,58,21,7.78,11.56,854.0,60.0,54.69,Clay,0.93,5.8,7.04,South,400,Zaid,Canal,347.45,4.42,25.87
rice,150,78,72,8.12,21.63,684.78,47.02,59.99,Sandy,1.34,10.02,11.29,East,840,Rabi,Drip,215.78,23.56,8.08
maize,159,27,34,6.51,11.79,371.55,40.29,46.69,Loamy,0.8,7.06,9.3,West,2184,Rabi,Sprinkler,172.0,24.81,8.91
rice,134,42,141,5.87,39.52,2040.25,85.51,28.76,Silt,0.43,4.29,11.32,North,1895,Kharif,Sprinkler,167.64,9.74,9.03
wheat,56,96,142,5.7,33.46,2200.95,53.07,23.97,Silt,1.26,5.73,7.03,Central,903,Rabi,Rainfed,295.15,2.39,11.14
potato,31,15,111,5.1,22.59,1185.96,62.78,26.57,Silt,1.09,6.11,17.01,West,1816,Rabi,Sprinkler,330.7,22.37,24.43
cotton,132,57,42,6.47,33.71,2765.63,85.82,15.85,Loamy,0.92,5.3,16.87,Central,314,Rabi,Drip,341.92,4.47,8.47
maize,130,56,107,4.97,22.52,1769.98,58.76,15.51,Clay,1.55,10.77,14.23,Central,707,Kharif,Canal,233.36,9.55,9.2
maize,50,64,118,6.51,29.41,550.04,47.29,29.85,Loamy,0.91,6.85,17.93,North,1993,Zaid,Sprinkler,216.2,12.63,9.49
wheat,87,74,46,5.66,34.65,1212.18,35.81,61.15,Loamy,1.25,6.77,4.55,North,14,Rabi,Canal,146.77,12.64,10.09
sugarcane,162,15,40,6.42,30.53,1756.24,65.9,46.07,Silt,0.51,10.84,8.35,Central,528,Rabi,Canal,260.87,15.96,77.81
potato,114,65,68,6.22,12.54,2688.95,84.7,34.31,Sandy,0.84,7.84,11.73,North,2085,Rabi,Sprinkler,102.45,5.71,26.1
sugarcane,122,30,63,5.84,11.3,2006.74,34.85,15.54,Sandy,0.58,4.58,7.62,North,660,Rabi,Canal,347.43,8.27,78.02
maize,49,53,63,6.33,27.1,322.1,56.76,64.49,Silt,0.75,7.1,4.87,West,17,Rabi,Drip,316.56,8.77,10.85
potato,90,29,147,6.41,15.89,1973.68,69.88,37.79,Sandy,0.92,8.58,1.74,Central,2012,Rabi,Rainfed,239.18,7.04,26.36
cotton,67,47,42,7.63,39.52,1937.57,36.04,64.58,Silt,0.53,7.99,17.07,East,1263,Rabi,Rainfed,184.86,24.84,8.44
cotton,177,67,148,7.06,10.49,2454.46,34.72,51.01,Loamy,1.34,9.92,4.92,West,1729,Kharif,Canal,307.42,21.49,10.22
potato,54,31,144,6.27,32.46,629.05,42.27,17.56,Silt,0.79,10.74,9.01,North,1602,Zaid,Sprinkler,237.01,21.16,23.84
rice,159,20,55,7.88,11.27,2317.93,37.88,57.95,Clay,1.47,4.41,1.38,East,59,Kharif,Canal,321.41,9.6,13.64
maize,150,45,74,7.37,28.33,2489.1,52.67,41.52,Clay,1.18,5.79,10.14,West,2054,Kharif,Canal,165.3,13.77,10.1
rice,55,83,129,5.06,22.6,2305.08,54.61,37.64,Clay,0.53,10.3,15.23,West,1685,Rabi,Rainfed,307.36,1.63,11.0
rice,96,54,35,5.32,28.98,1326.07,57.16,52.89,Loamy,1.13,10.1,8.79,North,2146,Zaid,Drip,61.2,4.6,6.92
rice,30,44,108,5.08,32.86,2027.67,59.47,53.74,Sandy,0.33,4.11,16.5,Central,1514,Rabi,Canal,113.54,24.55,8.34
cotton,80,83,37,5.88,11.0,2343.66,33.5,54.82,Loamy,1.35,8.04,4.64,South,106,Rabi,Sprinkler,288.18,10.59,8.99
wheat,34,90,57,6.28,25.64,2666.67,69.78,53.03,Sandy,1.57,6.24,4.45,South,1013,Kharif,Drip,285.21,12.04,11.04
rice,42,21,39,6.51,38.27,1135.16,74.02,47.06,Loamy,1.18,7.71,11.18,East,2011,Kharif,Sprinkler,190.19,13.94,7.87
potato,176,27,38,7.69,16.53,818.27,38.23,48.78,Loamy,1.5,5.54,14.77,South,57,Zaid,Sprinkler,110.45,22.25,23.26
wheat,169,18,32,4.86,12.32,2191.56,43.62,57.93,Clay,0.68,8.94,1.08,Central,425,Rabi,Rainfed,74.85,22.27,7.8
potato,77,64,36,6.26,33.13,543.37,46.83,49.53,Loamy,0.85,6.32,5.31,Central,800,Rabi,Canal,155.69,18.96,22.21
wheat,86,17,49,6.2,32.24,1706.91,54.97,20.07,Clay,0.85,8.49,5.23,East,564,Zaid,Drip,244.95,14.23,10.79
potato,144,26,62,8.02,21.7,2451.09,54.09,47.28,Loamy,0.45,4.53,9.7,North,1090,Kharif,Sprinkler,173.82,13.63,25.29
rice,64,79,67,5.62,34.91,857.19,42.34,23.5,Silt,1.34,10.74,11.49,North,1364,Kharif,Sprinkler,309.8,13.92,8.45
maize,105,41,62,5.22,26.32,1270.08,34.41,15.71,Clay,0.94,5.77,10.23,East,1371,Zaid,Rainfed,92.05,20.23,8.07
rice,123,64,112,5.28,24.26,2360.52,47.43,25.71,Silt,0.94,6.85,5.15,South,1472,Kharif,Sprinkler,124.6,24.83,9.84
sugarcane,34,91,133,6.57,34.66,1555.5,76.75,22.72,Loamy,1.17,6.67,15.8,South,1139,Kharif,Sprinkler,272.84,4.59,75.43
rice,51,31,85,6.13,12.94,744.54,33.5,20.1,Loamy,0.52,8.17,14.16,East,607,Zaid,Rainfed,253.34,21.97,9.88
wheat,132,86,138,7.36,16.72,509.83,51.97,25.75,Silt,1.35,4.74,11.81,West,1603,Kharif,Rainfed,190.8,18.03,8.71
maize,160,46,72,5.9,23.32,1693.09,41.57,43.18,Sandy,0.78,6.34,7.32,East,151,Kharif,Rainfed,329.31,9.47,11.14
wheat,153,98,91,5.24,12.56,354.37,72.75,22.57,Sandy,0.4,10.16,6.58,North,1130,Zaid,Rainfed,73.29,6.84,7.09
potato,82,65,97,6.12,39.88,1149.81,49.89,28.97,Sandy,0.55,6.78,13.61,South,1505,Zaid,Drip,87.67,2.59,21.64
maize,98,31,93,7.8,19.41,1830.14,53.84,57.48,Loamy,0.63,5.66,3.09,West,1047,Rabi,Sprinkler,67.63,3.97,9.12
rice,133,48,91,6.18,38.43,313.66,85.03,59.4,Sandy,0.53,10.32,1.58,West,1950,Rabi,Canal,237.62,14.2,10.55
potato,45,49,32,7.63,24.23,2470.25,66.67,31.65,Sandy,0.61,8.09,17.45,South,72,Rabi,Drip,93.43,2.73,23.38
wheat,145,38,78,6.06,37.74,2692.4,79.43,59.95,Loamy,1.59,6.91,17.14,West,313,Rabi,Drip,305.34,16.87,12.24
potato,105,68,51,5.76,23.2,1326.78,71.09,44.29,Loamy,1.0,10.57,17.03,West,841,Zaid,Drip,221.27,13.86,24.02
cotton,138,32,102,7.43,34.44,401.69,87.6,26.32,Sandy,1.08,8.89,10.31,East,204,Kharif,Drip,109.86,12.88,4.89
wheat,68,64,139,5.51,32.53,999.96,64.29,52.71,Sandy,0.52,8.69,2.64,East,1473,Kharif,Sprinkler,252.8,8.21,7.95
rice,118,60,73,5.59,38.41,1957.59,45.0,61.1,Silt,0.36,6.29,9.5,Central,845,Zaid,Sprinkler,265.49,15.45,10.55
rice,141,62,21,4.97,29.12,406.82,71.66,47.96,Loamy,0.7,7.92,7.12,South,1192,Kharif,Rainfed,331.88,2.54,7.56
cotton,76,47,137,5.44,16.81,2435.4,79.22,25.07,Loamy,1.3,7.29,10.85,Central,335,Zaid,Drip,104.62,17.54,5.9
cotton,166,41,56,6.09,26.26,2308.28,88.05,19.29,Silt,1.03,6.79,16.29,East,579,Kharif,Canal,138.51,22.39,8.06
wheat,157,15,116,6.16,14.38,1456.78,67.07,26.47,Clay,0.31,4.05,8.94,North,1237,Kharif,Sprinkler,82.92,17.0,7.4
wheat,106,99,122,6.23,20.05,2226.09,79.32,31.93,Clay,1.33,6.06,14.89,East,1492,Zaid,Canal,268.37,20.48,10.56
wheat,44,73,133,6.43,33.68,725.14,72.64,31.69,Loamy,0.44,10.86,9.34,Central,519,Rabi,Drip,343.91,5.17,10.01
sugarcane,65,24,20,6.74,10.42,2691.57,76.5,39.93,Loamy,0.87,9.46,17.18,West,2147,Rabi,Drip,117.37,9.1,73.03
maize,92,39,147,5.44,28.63,1544.55,65.87,40.26,Sandy,1.6,8.3,9.02,South,14,Rabi,Drip,320.16,21.75,10.78
wheat,98,98,122,6.89,30.79,2762.85,47.46,38.57,Clay,0.46,6.92,13.09,North,1103,Rabi,Drip,287.7,6.73,10.87
potato,103,71,76,5.94,36.99,1616.14,35.26,32.19,Sandy,1.36,4.54,8.78,East,1646,Kharif,Canal,104.44,15.18,22.17
wheat,53,80,89,7.3,32.69,2073.9,73.19,20.34,Clay,1.34,8.27,7.85,North,1870,Rabi,Rainfed,252.69,14.59,8.49
cotton,78,29,63,6.69,22.08,2299.26,79.77,35.92,Silt,0.88,5.91,13.73,West,614,Kharif,Rainfed,95.3,13.22,5.82
wheat,175,42,95,6.68,32.97,2277.8,76.27,64.29,Sandy,1.58,8.03,13.67,North,2027,Rabi,Drip,171.03,17.78,10.25
maize,36,27,104,7.13,28.76,2141.83,32.38,47.69,Silt,0.7,10.63,4.69,North,1792,Zaid,Canal,282.03,17.0,12.02
sugarcane,33,28,85,5.93,27.6,641.76,33.3,36.99,Silt,0.71,9.5,7.96,North,2100,Kharif,Sprinkler,331.65,12.16,75.17
cotton,119,80,72,6.26,12.21,1322.06,36.19,19.17,Clay,0.5,10.72,1.15,Central,2044,Kharif,Rainfed,268.78,17.81,9.18
potato,89,48,37,6.78,26.19,1654.44,79.47,25.66,Loamy,0.78,9.86,1.31,East,2173,Kharif,Canal,125.8,14.6,23.25
rice,84,39,47,6.23,36.01,2070.81,66.64,43.73,Loamy,0.69,4.61,3.46,South,1904,Kharif,Drip,287.16,22.73,12.08
cotton,45,68,61,6.31,23.11,1289.76,65.38,39.89,Silt,1.09,4.68,13.97,Central,2166,Kharif,Sprinkler,227.57,17.4,7.7
potato,58,93,145,5.73,31.12,1692.82,42.8,15.96,Loamy,0.35,8.74,2.28,Central,1738,Zaid,Drip,186.72,13.19,24.62
maize,43,26,136,5.78,37.11,1359.54,34.59,19.31,Sandy,0.7,8.59,16.99,East,402,Kharif,Rainfed,123.14,8.19,8.13
potato,108,23,121,7.18,26.03,2083.81,77.77,32.8,Clay,0.31,6.66,4.29,South,147,Rabi,Rainfed,273.68,14.66,26.67
sugarcane,62,45,57,4.81,12.64,498.09,79.7,22.04,Sandy,0.31,4.38,16.07,North,2042,Rabi,Drip,185.23,23.53,70.8
wheat,50,92,69,5.12,11.63,2085.5,45.08,62.89,Loamy,1.37,9.0,17.16,South,1013,Zaid,Rainfed,142.15,24.46,6.91
rice,174,67,79,8.03,33.93,2396.73,79.56,16.71,Silt,1.27,4.73,8.27,East,2192,Zaid,Sprinkler,101.93,6.26,7.61
sugarcane,52,57,138,5.44,10.98,331.68,48.78,63.7,Clay,1.27,8.45,9.89,North,1782,Kharif,Rainfed,242.78,4.76,74.73
sugarcane,86,52,118,6.22,39.97,1636.38,78.72,47.83,Silt,0.76,4.34,6.45,Central,1433,Zaid,Sprinkler,234.09,18.49,76.07
potato,171,56,113,7.69,13.83,926.46,34.12,35.36,Clay,1.21,5.27,16.29,West,203,Rabi,Canal,343.31,22.09,26.21
rice,122,86,87,4.8,33.25,1381.17,50.68,41.97,Sandy,0.63,7.9,9.67,Central,198,Zaid,Sprinkler,267.58,22.79,8.21
maize,49,62,83,7.95,36.03,2163.98,76.22,35.51,Loamy,0.7,8.18,17.69,South,907,Zaid,Canal,212.34,13.01,8.79
cotton,48,81,98,4.98,19.19,2238.46,47.33,43.66,Sandy,1.03,8.7,17.47,South,490,Rabi,Rainfed,160.54,11.15,7.45
wheat,132,80,72,5.38,26.25,1304.05,32.42,22.6,Silt,1.21,4.78,17.19,Central,1482,Kharif,Drip,267.09,15.07,7.3
sugarcane,106,30,45,4.9,38.57,528.86,39.02,21.0,Sandy,0.65,7.11,7.06,West,1047,Rabi,Canal,152.39,10.9,70.32
cotton,62,97,40,6.57,38.65,1823.72,87.7,41.43,Loamy,1.18,4.94,2.4,South,2006,Zaid,Drip,138.34,15.86,8.62
sugarcane,47,30,90,8.01,37.9,997.77,66.01,18.57,Loamy,1.55,10.55,12.37,Central,1227,Rabi,Rainfed,293.44,12.95,74.74
potato,102,45,101,7.65,18.25,590.52,40.62,29.62,Sandy,0.94,9.84,15.85,South,2092,Kharif,Sprinkler,142.4,10.99,22.49
sugarcane,46,72,79,6.98,11.79,1087.1,68.86,61.34,Clay,0.83,7.95,7.03,Central,667,Kharif,Canal,101.86,3.41,75.28
wheat,48,42,118,5.43,13.08,1750.88,67.4,58.81,Loamy,0.6,7.02,17.37,South,737,Kharif,Drip,113.04,18.69,8.7
cotton,99,18,66,7.76,14.26,2571.18,54.47,56.57,Loamy,0.76,6.27,16.48,West,36,Rabi,Drip,218.64,11.42,7.55
cotton,149,24,43,7.37,30.15,838.77,70.01,40.36,Loamy,0.99,9.5,11.7,South,1728,Zaid,Sprinkler,292.14,13.08,10.84
maize,130,65,29,5.71,34.07,2209.84,36.71,16.39,Loamy,1.53,7.57,2.98,East,1407,Rabi,Rainfed,127.11,0.65,9.34
cotton,63,32,139,7.54,11.51,2455.7,49.28,21.07,Clay,0.64,4.08,16.17,West,899,Rabi,Canal,234.08,20.2,7.26
maize,113,61,107,7.78,36.71,669.92,32.25,60.97,Clay,0.6,7.99,3.09,South,103,Kharif,Drip,69.27,6.92,9.34
potato,103,46,123,7.17,32.42,313.9,84.87,56.82,Silt,1.55,10.0,9.89,South,1364,Kharif,Drip,190.93,16.55,21.42
sugarcane,117,44,143,5.14,25.91,2663.38,83.58,33.83,Silt,1.09,8.25,1.33,East,737,Kharif,Drip,94.97,8.06,76.41
rice,114,50,53,8.15,39.7,545.7,42.24,51.45,Silt,1.26,4.49,3.63,West,470,Rabi,Drip,344.72,17.08,9.13
cotton,40,23,60,5.06,17.96,703.39,72.46,57.73,Sandy,1.38,8.13,10.58,East,1733,Rabi,Rainfed,182.95,24.45,4.41
rice,120,50,30,7.03,16.54,1319.52,78.78,46.02,Sandy,0.41,9.25,1.03,Central,1857,Kharif,Canal,112.36,23.11,8.57
cotton,173,43,20,5.18,20.04,1037.59,54.43,57.68,Silt,0.93,9.17,3.57,East,1917,Zaid,Rainfed,280.0,8.89,6.62
wheat,156,30,101,7.88,25.8,2753.48,79.02,27.23,Loamy,0.48,7.79,4.75,Central,1537,Kharif,Drip,118.36,0.51,10.53
cotton,142,35,45,5.99,21.61,2364.13,59.54,38.11,Silt,1.11,9.27,1.73,West,2012,Rabi,Sprinkler,64.28,5.67,6.27
potato,109,78,72,6.54,34.89,1922.47,77.83,43.95,Sandy,1.54,4.83,10.85,North,1155,Rabi,Sprinkler,170.68,7.66,25.99
wheat,36,80,144,5.41,36.83,366.11,75.44,46.56,Clay,0.37,5.83,13.99,Central,1279,Rabi,Sprinkler,238.77,4.91,7.79
rice,45,73,28,6.66,39.0,905.23,63.71,64.35,Loamy,0.66,5.59,1.64,South,1518,Rabi,Rainfed,144.58,22.16,8.73
cotton,45,42,28,7.99,34.55,782.99,60.44,57.3,Loamy,1.6,6.44,8.08,South,1067,Zaid,Sprinkler,183.43,7.71,5.56
potato,41,69,148,7.87,28.24,952.12,47.57,17.76,Loamy,0.31,8.46,10.23,East,1317,Kharif,Rainfed,145.15,9.38,22.36
maize,64,45,78,5.02,28.41,2673.34,54.69,23.46,Sandy,0.48,7.6,9.88,East,728,Kharif,Drip,316.58,6.57,10.25
cotton,50,47,125,6.09,15.59,1316.61,53.5,47.86,Loamy,0.41,7.27,9.24,South,1169,Zaid,Rainfed,131.17,12.96,8.66
wheat,46,74,144,5.71,17.9,2484.96,36.2,27.03,Loamy,1.29,7.95,2.62,North,650,Zaid,Drip,96.66,14.7,7.78
rice,61,55,35,6.44,39.92,1482.63,61.44,22.95,Clay,1.28,6.81,5.23,West,2052,Rabi,Drip,168.06,22.2,9.81
rice,70,95,57,7.63,17.84,1959.12,64.82,48.33,Loamy,1.31,10.75,16.77,East,956,Zaid,Drip,154.47,17.37,7.7
sugarcane,163,60,78,7.31,24.01,2653.59,88.14,41.82,Sandy,1.31,4.09,4.11,West,442,Rabi,Drip,231.18,11.85,77.63
cotton,56,63,48,5.97,21.56,1755.69,46.97,55.26,Loamy,1.39,6.16,14.33,Central,1972,Kharif,Drip,274.32,8.37,9.25
cotton,177,79,27,6.1,30.65,1191.6,53.97,30.97,Sandy,1.3,10.9,3.5,North,292,Kharif,Sprinkler,304.45,0.0,7.96
wheat,95,56,117,7.02,20.06,1481.96,63.11,31.49,Clay,0.93,10.47,13.6,East,2026,Rabi,Sprinkler,247.1,14.92,9.64
potato,166,37,128,5.46,30.49,1471.84,81.18,22.52,Clay,1.27,9.83,12.54,South,1954,Kharif,Canal,347.25,3.09,25.67
maize,121,41,127,5.15,38.82,2300.06,45.48,47.61,Loamy,1.08,5.09,17.87,North,500,Rabi,Canal,233.02,16.76,9.12
rice,90,46,76,5.62,17.57,1139.32,44.06,50.44,Silt,0.78,9.65,3.61,West,1224,Kharif,Drip,64.66,22.35,6.64
rice,32,97,95,5.22,21.12,407.38,61.91,21.92,Clay,1.39,4.65,5.69,Central,1936,Zaid,Rainfed,105.39,10.24,7.21
potato,132,17,132,6.0,20.27,1982.81,37.71,27.71,Loamy,1.32,4.55,15.33,South,238,Rabi,Rainfed,162.69,7.69,23.55
maize,84,74,25,7.99,19.01,2437.72,71.79,22.71,Clay,0.53,4.57,10.47,South,1966,Rabi,Canal,154.77,13.14,9.15
maize,30,90,143,5.21,18.11,1553.21,81.59,52.38,Clay,0.33,8.08,6.6,Central,999,Kharif,Canal,148.3,7.1,9.91
wheat,130,93,72,7.58,28.9,649.92,31.77,25.45,Sandy,0.71,8.83,3.56,West,2192,Rabi,Drip,251.08,2.79,8.45
sugarcane,74,31,28,6.62,26.44,662.43,41.7,22.61,Silt,0.82,5.79,10.48,East,1126,Kharif,Drip,142.59,19.62,72.86
wheat,55,46,88,6.95,25.26,2530.25,64.75,18.49,Sandy,0.53,8.57,9.2,North,2002,Rabi,Drip,158.18,6.56,8.89
maize,150,21,93,5.38,34.02,482.92,79.67,56.56,Loamy,1.41,7.21,5.19,West,173,Rabi,Drip,324.22,2.16,12.22
wheat,171,97,130,5.31,14.4,1557.25,59.4,21.2,Loamy,0.34,10.81,11.69,East,673,Kharif,Sprinkler,333.49,5.21,11.32
maize,75,85,106,5.35,15.09,1126.69,77.06,16.48,Sandy,0.93,6.41,12.6,Central,866,Rabi,Rainfed,60.78,8.35,6.31
maize,151,83,23,7.07,25.39,988.01,55.34,18.22,Silt,0.37,8.78,10.42,West,550,Kharif,Canal,197.1,18.69,8.13
potato,60,72,56,7.34,20.61,730.5,53.25,33.34,Silt,1.0,4.9,12.32,North,1525,Kharif,Rainfed,174.57,24.06,23.05
sugarcane,88,54,90,7.93,15.21,1049.33,40.9,44.83,Silt,0.9,4.41,5.34,South,1291,Kharif,Drip,202.54,7.19,73.21
sugarcane,58,99,25,6.15,30.72,2089.36,39.1,34.91,Clay,1.31,8.38,16.38,North,166,Kharif,Sprinkler,337.9,19.38,75.76
rice,135,62,70,6.37,24.88,1794.03,74.72,37.77,Loamy,1.2,5.77,1.9,West,216,Zaid,Sprinkler,268.23,3.66,10.3
cotton,46,65,118,6.4,16.07,506.61,40.16,60.97,Clay,1.4,10.4,3.9,West,602,Kharif,Rainfed,337.5,24.45,10.5
rice,171,71,115,5.72,17.93,2184.62,54.46,52.95,Sandy,1.01,4.11,4.78,East,1335,Zaid,Canal,161.6,4.89,10.69
maize,53,85,30,5.92,31.69,1186.25,62.7,32.05,Silt,1.37,10.59,17.21,North,1914,Rabi,Drip,103.53,16.46,8.74
sugarcane,138,51,29,7.68,19.82,843.07,45.86,22.72,Clay,1.23,4.14,5.87,West,411,Rabi,Canal,250.29,0.12,74.66
wheat,120,89,32,5.97,16.14,2343.63,79.94,52.46,Silt,1.31,8.53,16.84,North,490,Rabi,Drip,223.01,20.17,9.14
sugarcane,54,88,140,7.75,38.97,1889.79,54.29,43.68,Clay,1.08,9.91,9.11,West,2109,Zaid,Drip,307.06,18.72,75.3
potato,61,99,79,5.84,12.64,2105.98,52.6,63.11,Loamy,1.24,7.01,13.21,East,557,Rabi,Rainfed,313.58,7.1,27.59
potato,145,69,24,5.96,14.41,1064.25,40.69,60.42,Silt,0.82,8.62,5.72,South,1434,Kharif,Drip,175.72,2.01,26.78
wheat,111,55,31,6.7,31.52,2172.24,43.19,43.18,Clay,0.41,6.06,12.96,West,860,Zaid,Canal,305.81,10.92,11.34
sugarcane,139,34,104,5.15,22.77,988.53,47.48,18.5,Sandy,0.84,7.25,15.8,East,1525,Kharif,Sprinkler,152.87,1.16,71.73
potato,175,47,136,7.94,32.59,2000.13,50.96,16.55,Clay,0.53,5.21,10.81,West,870,Rabi,Canal,119.44,1.25,24.4
maize,66,54,141,7.59,26.58,845.23,72.08,56.88,Sandy,1.12,5.6,16.52,North,1015,Rabi,Rainfed,193.99,20.8,9.39
maize,55,48,60,7.08,11.21,1884.66,89.78,49.9,Sandy,0.64,10.26,7.61,South,1254,Zaid,Rainfed,302.39,13.52,12.31
cotton,166,76,67,8.16,30.52,1441.23,60.39,43.01,Silt,1.55,8.97,11.54,South,2198,Rabi,Rainfed,196.71,2.44,6.57
cotton,93,33,70,4.85,34.17,691.07,72.32,49.45,Loamy,0.65,9.89,5.73,Central,2023,Rabi,Rainfed,194.87,23.63,7.1
maize,101,57,137,6.2,26.58,1784.55,44.62,41.99,Sandy,0.43,6.85,3.52,Central,667,Zaid,Sprinkler,76.37,15.38,9.13
wheat,177,83,115,7.72,19.23,328.68,86.83,43.92,Sandy,1.44,4.89,3.76,Central,224,Zaid,Drip,91.66,20.62,7.76
rice,135,77,95,6.27,10.47,2025.19,78.62,26.29,Loamy,0.84,10.39,8.55,North,1198,Kharif,Drip,192.28,16.31,10.79
sugarcane,115,24,65,4.82,37.2,2662.69,71.1,37.78,Loamy,0.76,10.76,16.93,North,252,Rabi,Sprinkler,200.49,21.2,74.66
sugarcane,82,27,119,5.34,31.21,2540.21,48.8,15.55,Loamy,1.45,9.96,6.05,North,1652,Zaid,Drip,88.12,6.57,74.42
wheat,121,19,57,6.28,11.34,2738.22,34.9,48.44,Sandy,1.15,7.94,2.59,Central,886,Rabi,Canal,85.36,7.72,10.05
potato,128,72,111,7.07,35.22,1395.56,88.09,31.62,Loamy,0.99,7.51,8.59,West,510,Kharif,Drip,236.09,10.95,24.87
potato,40,73,149,5.35,11.59,2373.75,73.51,47.82,Sandy,0.73,10.26,3.42,West,1961,Zaid,Drip,216.89,14.35,25.71
sugarcane,60,90,112,6.32,31.34,654.15,38.19,61.32,Sandy,0.68,6.88,4.57,South,736,Zaid,Canal,272.24,4.16,74.66
cotton,129,73,96,4.84,30.82,342.55,63.11,44.58,Sandy,1.05,8.11,16.5,North,161,Rabi,Rainfed,266.26,16.09,6.29
cotton,116,91,32,6.42,37.48,696.66,66.66,31.4,Loamy,0.95,6.9,11.93,North,1415,Rabi,Rainfed,142.33,23.86,4.28
sugarcane,176,29,76,7.85,14.96,1408.65,56.61,25.36,Sandy,0.66,4.55,9.85,West,712,Zaid,Canal,252.73,21.79,75.61
rice,169,91,135,6.83,27.02,706.8,58.31,27.59,Silt,0.54,10.2,4.82,East,900,Zaid,Sprinkler,225.81,6.79,9.91
sugarcane,44,15,114,6.3,26.34,1435.46,62.76,64.36,Sandy,1.36,9.06,2.59,Central,564,Kharif,Sprinkler,62.71,11.97,73.98
maize,130,52,149,5.35,11.05,889.36,78.09,45.77,Loamy,1.19,7.25,17.02,East,1465,Zaid,Rainfed,182.55,13.75,10.59
cotton,58,67,98,5.49,29.15,840.41,78.7,37.03,Loamy,1.59,5.14,10.11,South,1890,Zaid,Rainfed,261.56,15.8,7.36
rice,143,66,76,5.06,17.62,2598.73,87.64,26.55,Sandy,0.97,5.24,3.21,West,1924,Rabi,Canal,324.04,17.32,10.94
maize,136,15,114,7.32,19.97,1600.44,40.31,53.65,Sandy,1.59,8.65,8.85,West,1688,Zaid,Drip,96.76,18.68,10.25
potato,137,25,76,5.06,17.24,1986.43,36.61,34.37,Sandy,0.9,10.56,11.45,South,618,Rabi,Canal,122.29,20.36,24.28
potato,159,72,126,6.11,11.68,1296.93,66.63,30.06,Silt,1.0,7.0,12.69,South,535,Zaid,Sprinkler,280.27,2.38,27.29
cotton,113,54,98,7.35,15.0,712.78,72.23,26.12,Loamy,0.57,7.11,2.55,North,502,Zaid,Drip,86.58,21.37,4.96
maize,44,74,33,7.22,16.22,2085.53,50.4,24.28,Silt,0.49,8.8,13.01,East,522,Zaid,Rainfed,67.45,6.74,8.93
potato,161,58,46,6.76,27.32,1408.89,89.09,28.67,Loamy,1.52,9.99,14.2,South,1309,Kharif,Sprinkler,154.68,8.14,25.39
sugarcane,79,20,57,6.74,14.05,2403.51,80.47,46.36,Clay,1.58,9.63,7.25,North,1165,Kharif,Sprinkler,151.28,6.11,77.6
cotton,52,42,146,5.11,37.62,504.23,59.59,26.99,Loamy,1.01,9.0,12.38,South,64,Kharif,Rainfed,199.84,12.02,6.14
cotton,88,45,23,5.39,16.95,1258.91,73.45,18.03,Sandy,0.65,5.81,2.68,West,1118,Kharif,Canal,132.42,6.54,5.37
maize,119,22,77,6.62,29.55,703.15,57.18,32.95,Loamy,1.54,5.2,17.9,East,1642,Zaid,Drip,62.5,16.42,6.74
rice,144,19,132,5.98,14.73,2035.28,41.98,44.24,Loamy,1.34,4.05,2.23,North,152,Kharif,Rainfed,325.12,8.58,11.34
potato,104,68,23,4.86,33.85,1143.46,39.56,18.01,Clay,0.53,10.79,4.45,West,245,Rabi,Canal,343.45,17.69,23.68
sugarcane,152,31,71,7.51,12.15,1340.69,47.4,37.63,Clay,0.69,7.03,13.9,East,17,Kharif,Canal,347.94,20.27,76.01
maize,165,52,118,7.02,32.13,1173.76,83.74,17.61,Silt,0.31,5.39,17.32,East,653,Zaid,Drip,341.17,12.36,9.93
maize,168,23,112,5.91,21.79,2401.85,52.54,53.41,Silt,1.06,4.86,5.33,Central,2156,Rabi,Rainfed,297.07,16.92,13.19
maize,47,88,136,5.13,23.97,1708.99,84.4,58.59,Sandy,0.98,5.05,2.67,North,1067,Zaid,Rainfed,228.57,22.89,11.67
cotton,79,98,23,6.81,20.99,2071.33,77.89,63.19,Silt,0.51,6.35,3.4,South,154,Zaid,Drip,212.1,21.73,9.8
wheat,171,92,104,5.99,22.06,2152.4,66.41,49.56,Silt,0.74,10.01,12.62,North,2111,Zaid,Canal,78.11,9.4,9.25
cotton,147,28,26,5.67,10.16,2068.15,83.85,46.6,Clay,1.52,10.79,9.67,East,222,Zaid,Sprinkler,315.45,20.22,9.82
sugarcane,166,40,144,7.25,10.78,2661.37,41.37,49.7,Sandy,1.14,7.55,16.01,South,810,Zaid,Canal,126.54,12.92,75.51
wheat,168,76,104,5.92,33.82,1930.81,34.57,57.73,Sandy,1.42,6.23,2.71,West,1409,Zaid,Rainfed,275.12,6.97,10.87
potato,137,39,82,5.26,16.4,1922.25,75.02,55.35,Silt,1.39,5.23,9.52,East,799,Rabi,Drip,262.26,9.61,26.26
sugarcane,96,94,142,6.44,28.22,2323.56,84.32,36.92,Sandy,1.5,6.01,11.41,West,609,Rabi,Rainfed,277.94,14.42,76.71
wheat,107,50,108,7.62,29.6,340.92,52.99,47.55,Sandy,0.35,8.33,15.66,Central,504,Rabi,Sprinkler,96.34,15.47,6.45
maize,104,94,114,7.69,30.94,445.68,30.28,23.1,Clay,0.64,10.62,10.41,North,1657,Zaid,Drip,188.34,22.35,7.33
cotton,68,47,138,7.69,27.92,920.94,75.98,49.75,Silt,0.84,7.44,4.1,South,2081,Kharif,Rainfed,265.33,1.8,8.49
rice,54,17,63,6.23,28.86,753.9,51.9,51.54,Sandy,1.13,4.98,16.11,East,477,Rabi,Canal,63.96,8.68,7.56
wheat,50,25,121,7.49,27.45,683.04,65.14,55.07,Silt,1.09,10.62,15.72,Central,1696,Kharif,Canal,180.19,5.88,7.55
sugarcane,167,72,64,7.69,37.85,1681.42,42.56,55.88,Silt,0.62,10.74,15.84,East,2199,Kharif,Sprinkler,152.94,2.56,74.64
cotton,44,78,136,6.36,29.94,790.06,70.88,37.0,Sandy,0.55,10.27,10.98,North,355,Zaid,Canal,293.98,4.22,6.26
wheat,77,32,70,5.88,20.59,2716.31,61.91,60.18,Loamy,0.87,10.01,17.38,East,1064,Zaid,Rainfed,210.79,8.34,11.99
maize,115,61,84,7.19,20.7,759.66,31.69,64.05,Sandy,0.63,9.44,10.45,North,1848,Rabi,Sprinkler,224.88,15.32,11.14
potato,178,58,73,7.88,12.39,716.31,30.37,63.9,Loamy,1.55,4.88,3.53,South,1579,Rabi,Canal,83.88,18.3,25.67
rice,145,73,91,8.11,39.75,1732.65,56.26,44.29,Clay,1.56,6.29,7.79,Central,1476,Rabi,Canal,109.01,12.42,9.77
wheat,79,64,139,5.79,36.72,752.94,39.84,42.97,Silt,0.45,9.28,15.02,Central,1367,Rabi,Drip,277.3,2.24,10.05
sugarcane,170,83,38,8.05,11.29,1963.15,84.34,37.87,Loamy,1.22,10.06,17.63,South,306,Zaid,Sprinkler,203.5,19.31,73.41
rice,98,43,29,6.5,35.85,2446.09,36.26,29.99,Silt,0.6,5.59,15.13,South,1589,Zaid,Rainfed,106.94,12.9,9.54
wheat,33,81,35,5.84,14.15,1389.45,72.97,31.69,Clay,1.23,8.35,7.17,Central,1947,Kharif,Drip,61.34,19.32,7.51
maize,107,16,127,8.16,17.17,1174.68,51.0,25.79,Clay,1.3,4.41,1.17,North,217,Kharif,Rainfed,163.59,6.32,9.62
maize,38,39,35,7.78,30.42,2023.95,86.1,62.79,Loamy,0.36,9.99,4.03,West,1134,Zaid,Sprinkler,155.61,6.81,10.58
wheat,150,33,99,7.15,31.91,2314.15,37.98,45.99,Clay,1.2,6.43,1.63,Central,671,Rabi,Canal,170.83,5.22,10.08
potato,144,54,47,7.84,25.17,1057.14,76.66,61.72,Silt,1.47,5.38,14.97,East,148,Zaid,Sprinkler,66.3,5.01,23.74
rice,130,16,28,7.12,39.03,2328.74,87.55,34.36,Clay,0.58,9.86,6.21,South,2108,Zaid,Drip,326.38,12.25,11.56
rice,178,97,123,6.3,24.69,2216.79,87.42,29.91,Clay,0.45,5.19,12.82,East,1227,Rabi,Sprinkler,177.72,13.47,10.29
wheat,175,79,64,8.02,17.75,1507.22,45.37,21.64,Loamy,1.04,7.22,7.95,South,1442,Zaid,Rainfed,274.13,3.98,9.87
cotton,126,76,128,8.08,10.27,1445.03,47.79,30.01,Clay,0.97,4.67,5.64,East,1525,Zaid,Sprinkler,117.68,24.88,7.37
rice,110,68,49,5.87,36.02,561.63,38.97,59.51,Sandy,1.45,7.11,9.92,South,1140,Kharif,Sprinkler,65.93,12.06,6.72
potato,72,59,67,6.0,21.86,519.19,52.36,44.11,Silt,0.89,10.47,9.32,East,1372,Kharif,Rainfed,272.23,8.84,24.05
potato,124,63,110,6.1,33.48,2169.71,70.93,37.62,Loamy,0.84,8.86,14.99,East,1426,Kharif,Drip,321.48,21.25,26.02
potato,35,83,110,7.6,33.22,1762.59,30.65,43.41,Sandy,1.23,10.89,12.84,East,273,Kharif,Drip,224.54,20.36,23.21
cotton,96,52,93,7.49,11.31,1522.87,69.02,59.63,Loamy,0.4,7.14,6.28,Central,1335,Rabi,Canal,108.98,5.85,8.28
sugarcane,169,18,63,8.14,34.65,415.04,31.07,24.64,Sandy,0.37,10.22,14.7,North,785,Zaid,Sprinkler,262.18,21.07,76.2
wheat,129,31,136,6.38,18.67,439.7,70.04,63.28,Clay,0.96,10.38,11.17,West,1471,Zaid,Sprinkler,333.53,7.09,11.14
maize,41,67,43,7.31,35.24,2602.04,80.43,48.31,Sandy,0.42,4.63,6.77,East,828,Kharif,Canal,340.23,1.69,12.12
potato,95,99,26,7.71,24.77,1952.15,51.61,57.77,Sandy,1.52,10.85,14.78,East,688,Zaid,Rainfed,210.9,0.84,24.53
maize,31,67,25,5.55,27.75,1264.92,54.4,41.27,Sandy,1.15,10.25,7.29,East,1618,Zaid,Canal,306.15,13.02,9.25
wheat,172,45,137,6.91,13.04,2050.12,73.66,26.83,Silt,1.28,8.38,1.9,North,499,Kharif,Drip,279.38,8.49,12.11
rice,110,36,104,6.66,21.38,944.88,78.56,43.37,Loamy,0.6,7.75,15.94,East,1416,Rabi,Canal,166.47,19.1,7.63
maize,164,25,129,7.33,39.13,1323.17,89.98,18.4,Clay,0.94,6.7,8.56,Central,2080,Zaid,Rainfed,178.14,13.4,9.98
cotton,171,48,50,7.16,37.78,1454.42,62.44,57.61,Clay,0.47,8.1,6.48,Central,1975,Rabi,Canal,179.48,19.47,7.97
sugarcane,99,29,83,7.56,39.83,376.96,81.28,47.48,Silt,0.56,9.16,16.53,East,1868,Zaid,Rainfed,73.49,17.17,72.47
cotton,144,24,95,5.86,25.31,2781.88,33.37,29.14,Silt,1.04,8.96,5.28,North,1226,Zaid,Rainfed,248.99,24.64,9.98
cotton,117,67,75,5.54,34.55,1254.15,36.43,28.72,Silt,0.66,6.1,17.49,North,252,Kharif,Drip,222.6,12.04,6.51
cotton,35,62,82,7.54,23.65,2717.93,82.22,60.14,Sandy,1.49,8.7,1.49,Central,904,Zaid,Rainfed,279.84,8.46,8.79
potato,56,45,124,6.03,38.24,1919.64,52.71,57.05,Silt,1.59,4.03,12.39,South,1302,Kharif,Drip,156.53,4.56,26.84
maize,111,51,57,5.78,39.58,2622.93,43.56,53.16,Silt,0.31,5.19,2.01,East,1623,Kharif,Rainfed,74.48,16.45,11.68
sugarcane,117,42,73,5.95,36.33,435.76,54.31,35.74,Sandy,1.29,5.06,2.54,South,112,Rabi,Sprinkler,219.62,13.48,73.93
wheat,149,45,149,5.03,28.63,2701.97,61.54,58.63,Loamy,0.45,9.19,17.33,North,485,Rabi,Rainfed,298.23,17.69,10.74
wheat,53,84,21,7.43,39.67,1317.63,49.45,27.34,Silt,1.05,10.28,16.65,North,3,Kharif,Drip,302.75,19.57,8.5
potato,131,28,59,7.23,39.51,641.83,41.86,16.21,Silt,0.6,4.6,15.34,South,43,Zaid,Drip,291.93,16.29,25.12
rice,63,30,21,6.68,24.25,1977.92,32.22,36.64,Sandy,1.55,10.38,12.54,South,168,Zaid,Canal,222.05,20.46,11.59
sugarcane,76,39,124,7.23,19.11,2206.54,76.06,60.98,Sandy,1.44,6.15,8.93,West,1325,Zaid,Rainfed,272.41,5.3,76.48
maize,53,53,144,6.07,15.62,1924.09,84.24,43.56,Sandy,1.07,8.36,12.53,North,1306,Kharif,Drip,94.99,22.52,7.13
potato,94,80,99,5.8,30.31,1650.18,31.03,26.47,Loamy,0.53,5.15,10.47,East,596,Zaid,Canal,116.15,5.98,23.7
sugarcane,47,52,66,7.73,11.04,2340.98,50.97,47.54,Silt,1.32,6.82,15.49,Central,1741,Zaid,Sprinkler,341.88,8.31,76.52
potato,73,55,110,6.24,32.91,2015.26,83.56,52.25,Silt,0.98,7.23,13.64,South,1873,Zaid,Sprinkler,179.92,3.14,27.46
rice,105,54,120,5.47,11.54,1846.35,31.24,42.52,Sandy,1.1,6.62,12.58,North,1018,Rabi,Rainfed,176.6,4.42,9.87
potato,86,78,149,7.35,17.96,1092.12,73.89,57.13,Sandy,1.23,9.75,4.29,West,380,Zaid,Rainfed,82.41,17.62,23.45
potato,136,30,34,5.94,24.94,2493.47,44.6,44.62,Silt,0.84,8.09,12.2,East,87,Rabi,Rainfed,190.01,3.67,26.99
sugarcane,153,96,68,5.52,12.92,2029.6,76.38,19.8,Silt,0.31,7.47,9.27,South,147,Rabi,Canal,251.07,24.69,74.89
rice,168,91,131,4.89,11.09,2548.72,70.76,55.48,Silt,0.77,9.49,14.23,North,1128,Kharif,Rainfed,274.72,23.58,11.42
maize,145,73,54,8.1,24.39,1815.33,86.47,22.32,Sandy,0.84,8.97,8.73,Central,1241,Zaid,Drip,168.05,1.71,9.45
maize,122,25,135,6.39,36.6,2299.64,48.4,59.14,Loamy,0.78,4.73,9.46,North,2078,Zaid,Canal,337.04,19.73,13.76
wheat,71,15,113,5.35,22.25,2511.09,39.09,41.09,Loamy,1.38,7.62,8.06,Central,719,Zaid,Rainfed,193.78,9.45,10.82
cotton,57,27,43,7.38,16.01,1654.09,59.7,51.59,Silt,0.73,9.59,17.73,Central,1832,Zaid,Rainfed,201.15,20.18,6.82
potato,152,44,79,7.82,22.25,2087.64,89.09,63.6,Clay,0.84,8.47,11.09,West,1810,Zaid,Drip,251.14,1.66,26.71
sugarcane,53,83,96,6.6,31.68,1741.24,32.43,36.6,Loamy,0.38,8.99,16.49,North,1478,Zaid,Canal,95.5,15.61,72.13
cotton,165,32,67,4.9,11.24,2101.54,40.7,37.99,Clay,1.23,8.01,15.82,North,1459,Zaid,Rainfed,253.7,17.93,6.62
cotton,135,92,60,6.04,10.92,1607.15,81.44,56.29,Clay,0.58,10.5,13.8,West,143,Zaid,Sprinkler,165.49,21.17,7.27
maize,147,27,147,5.63,23.88,2300.09,71.18,20.51,Silt,0.61,7.6,9.58,South,197,Zaid,Rainfed,68.17,22.22,8.03
maize,82,46,50,6.96,30.3,2318.3,55.49,16.38,Sandy,1.06,7.95,10.15,West,487,Zaid,Canal,285.98,0.28,10.3
rice,161,85,43,6.56,28.41,416.28,59.62,45.22,Clay,1.58,10.15,16.88,East,847,Rabi,Drip,332.4,18.68,10.28
potato,129,86,28,6.01,29.13,809.1,45.35,23.38,Silt,0.83,8.3,4.92,East,1123,Rabi,Rainfed,226.65,3.66,22.44
potato,34,64,96,7.0,14.97,783.78,87.75,27.79,Sandy,0.73,7.06,14.32,West,1537,Rabi,Sprinkler,165.28,13.37,22.77
sugarcane,78,85,139,6.79,26.16,1106.04,50.58,63.81,Loamy,0.35,5.78,6.06,West,1147,Rabi,Rainfed,261.97,9.28,76.8
sugarcane,127,94,109,7.88,21.34,1490.91,52.79,47.66,Silt,1.32,10.76,1.99,Central,1429,Kharif,Rainfed,322.46,5.6,77.05
wheat,59,45,136,6.83,13.31,2137.58,58.14,57.79,Loamy,0.64,9.4,7.71,South,531,Kharif,Drip,151.34,7.58,10.78
wheat,101,65,129,6.53,13.84,1051.37,42.82,59.89,Silt,1.3,4.58,9.88,South,2051,Zaid,Rainfed,222.69,6.52,11.14
maize,132,41,140,7.6,29.36,1928.05,41.79,21.07,Clay,0.67,4.88,3.24,East,1267,Zaid,Canal,129.78,5.67,8.51
cotton,92,74,117,5.49,38.72,2453.02,66.04,61.39,Sandy,0.34,5.44,13.7,West,182,Zaid,Drip,246.28,16.28,10.17
sugarcane,55,47,34,5.63,13.19,1418.76,76.48,58.33,Clay,0.95,5.66,13.62,East,1363,Zaid,Rainfed,289.24,8.65,74.84
cotton,66,67,71,7.46,24.85,1943.28,75.13,17.27,Silt,1.48,8.52,13.42,West,565,Kharif,Rainfed,121.96,22.35,7.86
sugarcane,36,86,74,6.3,17.44,2419.17,63.94,63.86,Silt,0.57,7.73,6.46,North,1874,Kharif,Drip,220.86,13.51,76.2
wheat,156,47,56,6.19,18.45,2112.26,68.34,37.92,Clay,0.5,5.65,9.46,Central,399,Zaid,Canal,111.81,12.96,10.94
potato,121,55,74,7.82,16.73,558.56,63.82,63.72,Silt,0.54,5.05,3.96,East,245,Kharif,Drip,197.4,23.11,23.89
cotton,132,33,31,6.87,26.37,679.27,82.5,56.19,Loamy,1.2,8.84,8.45,West,1057,Zaid,Canal,255.89,21.95,8.92
potato,82,99,56,7.53,11.7,505.48,53.25,37.01,Clay,0.78,4.37,17.24,North,283,Rabi,Drip,69.49,0.71,21.39
cotton,161,55,26,7.55,32.27,1005.64,37.4,40.58,Sandy,0.63,5.53,6.14,Central,712,Kharif,Rainfed,275.43,15.22,8.07
wheat,137,99,74,5.21,28.2,309.94,56.13,28.75,Loamy,0.74,6.07,1.83,Central,990,Rabi,Canal,163.37,15.18,7.01
potato,141,56,47,7.02,21.54,1824.16,82.25,39.35,Loamy,0.7,5.27,6.31,Central,837,Zaid,Rainfed,222.95,23.11,26.83
sugarcane,36,37,56,8.04,16.54,366.33,84.05,20.37,Silt,1.01,8.02,15.2,East,1733,Kharif,Rainfed,194.72,17.83,70.43
potato,96,89,94,6.43,26.09,1421.94,65.37,60.43,Clay,0.47,9.02,16.42,Central,1763,Rabi,Sprinkler,285.95,11.19,24.63
sugarcane,137,47,133,7.29,38.65,1534.18,33.73,50.66,Silt,0.96,6.85,1.16,North,1299,Rabi,Sprinkler,275.39,1.35,75.66
maize,140,34,125,6.73,31.24,1913.65,73.34,55.26,Clay,0.71,5.17,9.17,North,423,Kharif,Drip,60.73,2.14,11.06
rice,177,39,129,5.5,18.38,898.38,69.18,41.56,Clay,1.51,6.81,17.12,East,2015,Zaid,Sprinkler,102.45,11.65,8.54
potato,112,66,103,5.46,32.29,2469.46,57.1,21.28,Sandy,0.85,7.26,3.14,East,1725,Kharif,Drip,129.35,24.59,26.74
potato,153,26,30,6.28,25.12,1560.57,39.78,41.86,Silt,0.43,10.16,2.06,East,735,Kharif,Rainfed,208.93,24.78,26.64
cotton,168,46,85,6.44,11.44,2025.36,66.39,31.46,Clay,1.51,7.72,13.89,North,900,Kharif,Rainfed,147.39,11.94,6.57
maize,133,47,32,6.51,28.53,1165.3,58.94,15.51,Sandy,1.52,4.4,11.88,South,521,Kharif,Drip,94.35,22.1,8.83
sugarcane,96,88,34,8.05,17.02,967.47,33.63,45.75,Clay,0.53,10.85,13.26,Central,1380,Rabi,Canal,84.21,5.31,71.98
wheat,36,82,75,5.14,22.29,1760.06,53.87,57.68,Silt,1.36,5.32,5.62,East,1729,Zaid,Canal,172.22,7.84,8.49
cotton,139,29,72,6.09,24.35,2538.11,86.32,50.53,Clay,1.42,7.7,7.86,Central,1990,Zaid,Sprinkler,174.03,9.55,9.03
rice,63,65,80,6.55,33.98,2093.12,54.69,26.18,Loamy,0.76,6.39,10.75,South,1229,Rabi,Sprinkler,255.5,17.48,13.36
wheat,135,20,147,8.07,27.4,2047.01,55.76,55.96,Silt,0.51,8.89,13.94,West,517,Kharif,Drip,100.97,20.61,8.01
cotton,176,83,61,6.51,20.2,1534.77,63.45,30.47,Loamy,1.34,5.34,6.42,East,1753,Kharif,Drip,172.35,9.8,7.39
cotton,87,83,48,7.44,29.72,317.31,47.83,25.92,Sandy,0.34,7.59,7.89,North,1158,Rabi,Sprinkler,151.44,11.65,4.9
rice,38,96,63,7.35,15.76,2496.68,34.41,63.06,Clay,1.11,7.6,10.12,Central,1327,Zaid,Drip,199.19,1.86,10.04
wheat,77,49,132,6.73,34.68,902.83,66.08,15.83,Silt,0.74,8.56,1.11,West,78,Rabi,Sprinkler,297.05,6.96,10.87
sugarcane,144,48,125,5.24,16.04,1485.22,59.7,23.38,Sandy,1.07,8.07,15.4,South,1630,Rabi,Canal,157.54,20.12,73.98
wheat,70,77,57,5.54,26.76,782.2,70.99,38.35,Loamy,1.33,4.88,11.61,South,1187,Rabi,Drip,348.14,1.04,9.2
cotton,77,82,134,5.62,16.15,2334.9,58.58,23.35,Loamy,1.38,8.86,2.4,North,1605,Kharif,Rainfed,334.45,18.88,11.31
maize,54,32,149,4.93,19.77,384.18,44.84,23.34,Loamy,1.6,7.24,7.01,North,1298,Kharif,Rainfed,124.45,12.68,7.52
rice,145,40,128,6.09,22.67,1940.92,53.06,46.72,Loamy,1.13,5.31,4.04,Central,1279,Kharif,Canal,209.36,6.77,10.22
cotton,107,75,103,6.88,21.02,421.5,30.81,55.95,Sandy,0.59,6.8,1.68,North,797,Zaid,Sprinkler,324.67,11.69,9.7
maize,137,92,65,5.29,38.02,2595.57,39.31,48.08,Clay,0.66,6.59,6.29,North,701,Kharif,Drip,267.13,11.27,12.99
maize,54,88,111,5.4,16.7,437.38,77.16,20.07,Sandy,0.87,7.1,15.84,South,9,Kharif,Canal,313.31,24.39,8.87
maize,176,99,124,7.2,15.4,2524.47,85.9,59.77,Clay,1.4,10.26,2.15,North,99,Kharif,Sprinkler,291.87,17.58,13.26
potato,68,62,91,5.38,25.53,930.22,51.91,61.14,Silt,0.78,10.1,15.91,South,1900,Zaid,Drip,239.9,10.32,26.36
wheat,148,86,48,5.26,38.47,1932.94,85.65,29.05,Loamy,1.19,4.17,4.71,East,145,Kharif,Drip,250.76,23.35,8.73
potato,108,45,66,8.12,25.1,1892.33,68.13,42.66,Sandy,0.36,7.59,17.24,South,643,Rabi,Canal,134.81,22.98,23.09
wheat,109,48,130,4.85,38.78,2429.27,46.83,39.26,Silt,0.86,4.51,4.73,North,251,Rabi,Drip,113.96,12.78,8.32
rice,56,21,26,5.91,15.71,1307.09,65.99,48.41,Clay,0.52,4.25,15.55,South,279,Rabi,Drip,225.69,23.46,8.79
rice,133,97,136,4.92,10.31,1622.99,78.49,63.9,Silt,1.52,5.48,16.6,South,831,Kharif,Sprinkler,84.82,15.36,8.01
sugarcane,103,21,83,7.65,19.09,1263.35,77.15,64.32,Silt,1.33,10.76,16.68,South,1121,Kharif,Drip,133.43,18.21,72.96
wheat,97,61,101,6.78,29.15,1938.64,83.11,40.46,Clay,0.48,10.52,3.1,West,343,Kharif,Drip,236.4,11.66,11.99
potato,176,22,83,4.96,27.76,1076.64,77.23,19.6,Silt,0.82,8.99,12.41,East,1003,Zaid,Sprinkler,87.37,15.61,21.77
maize,57,92,111,6.89,17.25,1900.47,71.73,31.72,Loamy,0.4,6.16,15.0,West,666,Kharif,Sprinkler,242.39,9.83,9.67
sugarcane,152,15,31,5.22,29.85,2183.28,53.02,35.68,Clay,1.27,5.48,13.51,East,1075,Rabi,Sprinkler,214.62,3.9,73.49
maize,167,91,31,6.49,34.91,624.83,40.78,41.73,Clay,0.55,5.2,9.05,West,208,Rabi,Sprinkler,99.89,8.89,9.29
cotton,112,17,55,7.08,30.62,1249.29,36.76,63.02,Sandy,1.35,4.15,17.0,North,15,Kharif,Rainfed,204.73,9.82,5.99
wheat,59,67,48,5.3,31.84,387.58,78.76,28.12,Silt,0.4,7.08,4.06,South,98,Rabi,Canal,266.85,19.37,6.56
wheat,51,52,104,6.49,19.23,527.32,76.0,41.83,Loamy,1.04,8.24,15.92,West,2073,Kharif,Canal,224.89,10.04,7.74
potato,32,65,93,6.36,25.88,419.64,83.67,29.55,Loamy,1.09,8.16,5.1,South,2031,Rabi,Canal,316.68,11.83,27.1
rice,130,29,66,7.91,11.28,2063.68,34.24,60.97,Clay,0.73,8.91,8.66,Central,1461,Zaid,Drip,335.13,19.01,10.86
potato,134,81,100,8.19,20.77,2749.7,68.12,64.5,Silt,0.51,7.57,8.86,North,1900,Rabi,Sprinkler,165.49,13.39,27.89
sugarcane,31,78,140,7.03,34.47,1828.89,73.23,58.54,Clay,0.72,7.74,5.92,South,483,Kharif,Sprinkler,135.4,8.61,75.29
rice,83,82,62,7.71,33.7,1148.49,54.75,31.94,Loamy,0.94,10.72,5.83,South,1554,Rabi,Rainfed,177.64,0.18,6.18
cotton,35,19,93,7.0,38.22,2230.9,61.89,28.89,Loamy,1.56,7.95,7.35,East,1157,Zaid,Canal,193.59,18.66,9.67
rice,136,24,72,7.78,39.06,1570.21,59.79,36.56,Loamy,0.88,10.12,1.22,North,617,Rabi,Rainfed,113.99,23.03,8.01
potato,152,22,58,6.27,39.18,646.27,56.1,52.38,Clay,0.55,4.87,5.11,Central,98,Kharif,Sprinkler,275.24,0.14,24.51
maize,31,26,126,6.87,14.72,2540.68,47.44,15.47,Silt,0.33,9.78,17.17,West,27,Zaid,Drip,325.18,16.67,9.96
cotton,140,78,56,7.67,13.62,614.99,89.34,64.76,Silt,0.31,8.82,13.23,North,2138,Rabi,Sprinkler,197.98,12.82,6.56
cotton,31,73,116,7.92,36.25,2741.33,83.0,59.17,Clay,0.84,4.04,8.56,East,2087,Rabi,Sprinkler,75.82,20.75,7.45
cotton,122,81,68,4.88,21.49,1204.9,77.19,16.19,Loamy,0.69,5.47,1.02,South,2065,Kharif,Sprinkler,345.46,4.18,7.34
maize,130,64,147,5.15,20.72,2117.5,80.51,34.11,Silt,0.45,5.51,13.04,South,1936,Rabi,Canal,159.93,8.82,10.23
maize,126,37,29,7.97,26.01,2698.41,80.24,49.39,Loamy,0.52,6.78,9.38,South,374,Rabi,Drip,123.63,2.35,8.44
wheat,140,54,59,6.73,23.54,1783.66,34.49,27.07,Clay,0.75,6.74,12.16,South,2036,Kharif,Drip,169.68,6.78,8.98
wheat,35,92,125,8.17,16.69,2739.56,64.49,22.14,Silt,1.19,6.44,7.7,East,1353,Rabi,Drip,193.27,12.0,7.12
maize,156,91,60,7.49,35.34,748.15,58.24,46.47,Silt,1.09,7.04,1.01,East,1751,Zaid,Rainfed,146.76,22.96,10.28
rice,133,90,21,7.58,37.28,442.58,41.92,60.18,Clay,0.4,9.79,10.92,West,1665,Kharif,Canal,186.81,5.21,7.93
rice,176,32,72,6.11,32.43,1911.33,45.67,62.78,Clay,0.49,4.35,14.4,West,1418,Zaid,Drip,329.3,17.25,12.59
maize,30,35,45,5.68,11.44,560.74,38.48,15.51,Silt,1.48,9.93,4.68,Central,838,Zaid,Drip,242.29,17.68,9.19
potato,62,15,73,6.83,13.54,1563.66,58.4,58.72,Sandy,0.39,10.43,12.27,North,278,Zaid,Canal,153.51,3.0,26.27
wheat,69,52,70,7.79,20.38,2242.9,45.38,43.04,Loamy,0.56,5.17,6.98,North,1570,Kharif,Sprinkler,62.13,24.38,7.91
sugarcane,61,55,133,7.27,26.7,2364.29,42.75,26.89,Sandy,0.71,6.56,15.16,Central,458,Rabi,Sprinkler,237.28,4.28,74.02
wheat,46,56,36,6.41,28.29,1708.33,62.92,45.85,Silt,0.6,8.56,8.44,East,1054,Rabi,Canal,176.12,1.41,9.26
cotton,155,23,139,7.36,13.0,1462.76,42.76,64.79,Sandy,0.68,10.85,2.07,North,1153,Kharif,Drip,195.37,24.19,8.38
potato,37,37,65,7.15,38.81,529.47,65.38,28.81,Clay,1.25,10.06,10.0,North,1967,Kharif,Drip,312.98,9.41,24.44
rice,86,92,74,7.9,25.89,1999.93,39.33,28.84,Loamy,0.42,9.19,11.33,West,1611,Zaid,Rainfed,189.81,7.18,8.7
rice,71,25,69,5.7,22.95,2163.79,72.34,49.95,Clay,0.76,10.58,6.43,Central,1051,Rabi,Rainfed,100.47,7.29,8.2
potato,127,85,94,5.21,15.73,1275.6,48.19,17.16,Clay,1.1,10.88,2.32,Central,135,Rabi,Drip,216.98,0.36,25.4
rice,166,45,30,6.4,38.53,1645.3,75.8,56.03,Clay,0.36,10.29,13.8,West,720,Zaid,Rainfed,264.55,16.79,11.91
rice,149,40,67,6.03,23.42,934.1,77.79,47.63,Clay,0.36,5.3,10.2,South,2140,Rabi,Rainfed,147.08,19.03,8.5
rice,116,44,140,8.11,13.53,1270.04,89.15,57.06,Loamy,0.95,9.0,4.57,North,1319,Kharif,Rainfed,132.23,11.11,9.33
sugarcane,83,48,75,4.83,28.43,1786.0,30.99,26.54,Silt,1.47,6.79,4.19,East,1160,Zaid,Canal,168.29,5.36,74.1
sugarcane,113,60,27,7.97,20.5,2196.62,78.59,57.36,Silt,0.88,9.72,10.28,Central,1381,Zaid,Drip,174.52,11.28,74.58
sugarcane,54,83,33,8.05,34.24,449.41,58.91,37.43,Loamy,0.83,4.39,6.26,East,264,Kharif,Drip,113.3,23.55,71.04
potato,96,19,133,4.97,26.36,1534.45,37.36,21.64,Clay,0.31,9.8,12.75,South,1267,Kharif,Sprinkler,244.17,4.04,25.21
potato,75,75,73,7.82,13.17,478.01,75.46,60.07,Sandy,1.25,6.06,6.93,North,179,Kharif,Drip,283.92,1.68,26.62
potato,51,97,36,6.4,32.52,2552.55,33.95,50.25,Silt,0.51,9.39,9.0,South,552,Kharif,Drip,239.49,8.93,28.12
rice,168,52,28,7.4,19.14,1902.16,82.06,23.41,Clay,1.21,5.18,2.02,East,1290,Zaid,Rainfed,205.95,22.66,9.28
cotton,37,42,141,5.07,22.25,1500.03,67.94,27.33,Sandy,0.75,4.34,8.84,Central,1512,Kharif,Sprinkler,226.21,9.27,5.51
sugarcane,68,40,133,8.05,33.27,404.7,41.32,28.44,Sandy,0.36,8.55,1.17,South,1836,Rabi,Rainfed,208.92,18.08,73.11
potato,78,75,39,6.87,13.19,1620.44,70.85,63.17,Clay,0.73,7.11,7.13,West,26,Kharif,Rainfed,194.51,0.94,25.41
cotton,75,37,102,7.86,39.33,1872.79,40.04,59.31,Loamy,1.16,9.93,6.27,South,477,Kharif,Sprinkler,68.16,8.47,7.42
wheat,67,60,40,7.09,31.06,1352.47,63.92,32.32,Clay,1.3,10.39,13.86,West,2181,Kharif,Drip,216.85,14.64,7.67
sugarcane,165,44,52,6.63,15.78,1025.01,30.3,38.33,Loamy,1.13,6.84,14.07,East,352,Zaid,Canal,81.7,12.94,72.66
maize,83,81,45,5.39,11.74,2695.74,86.23,29.26,Sandy,1.22,8.32,8.12,West,764,Zaid,Rainfed,218.51,13.82,12.13
sugarcane,121,47,127,5.41,26.34,816.75,33.84,52.13,Silt,0.61,5.96,17.59,South,1817,Kharif,Sprinkler,203.95,10.58,74.99
rice,69,17,108,6.41,21.38,2725.57,74.99,23.06,Loamy,1.55,5.81,5.25,West,197,Zaid,Drip,307.82,15.36,11.91
wheat,63,83,111,7.76,10.89,331.92,72.3,31.93,Loamy,0.59,10.01,3.82,West,1376,Rabi,Drip,179.29,20.66,6.69
wheat,125,97,52,5.19,28.28,1599.32,69.09,45.31,Loamy,0.52,5.02,14.84,East,841,Rabi,Drip,336.37,2.03,10.29
rice,108,56,37,8.19,19.26,1172.23,32.35,58.87,Silt,0.62,7.12,9.67,North,100,Rabi,Sprinkler,192.92,9.71,9.7
cotton,156,76,37,7.78,19.66,995.11,69.33,46.78,Clay,1.56,7.18,4.32,North,1856,Rabi,Rainfed,334.99,18.04,7.12
maize,46,72,52,6.13,14.87,1181.76,66.77,61.99,Sandy,0.38,8.09,6.66,East,1003,Zaid,Drip,105.57,19.77,8.41
potato,139,71,46,5.66,14.21,1839.4,67.96,61.54,Sandy,1.31,8.42,2.61,East,86,Rabi,Sprinkler,313.6,15.58,25.91
maize,81,15,68,7.93,14.33,1329.08,62.3,50.91,Loamy,0.44,7.03,12.84,South,75,Zaid,Canal,285.93,9.82,9.56
potato,147,87,127,5.22,36.58,747.92,49.83,28.94,Sandy,1.31,7.09,9.45,West,2160,Zaid,Drip,130.3,6.61,23.03
sugarcane,38,74,87,5.98,25.99,1865.14,44.05,49.15,Loamy,0.66,8.35,10.59,Central,783,Kharif,Rainfed,348.9,12.33,78.98
wheat,62,83,118,5.09,24.08,2672.35,57.38,24.64,Silt,1.24,8.92,2.26,South,1882,Kharif,Sprinkler,135.76,8.62,7.46
rice,142,73,38,8.04,31.13,2748.52,53.09,31.66,Loamy,0.36,9.55,12.89,East,1207,Rabi,Canal,204.08,16.87,9.72
potato,178,60,44,6.9,19.59,2353.7,71.26,52.89,Silt,0.73,8.79,6.0,East,1534,Kharif,Rainfed,270.12,17.85,27.54
wheat,114,48,123,5.94,34.67,750.72,46.24,57.53,Loamy,0.9,4.05,3.72,East,1627,Rabi,Drip,61.14,13.25,7.9
sugarcane,39,39,95,5.74,15.92,802.67,77.5,35.84,Loamy,0.33,5.62,8.22,Central,1032,Rabi,Rainfed,161.02,20.18,73.28
maize,35,56,95,6.31,34.08,327.21,88.79,41.17,Silt,0.54,4.94,15.53,Central,540,Kharif,Canal,225.37,3.08,8.91
rice,144,43,125,5.11,11.68,2302.93,71.91,34.31,Clay,0.52,9.68,7.32,North,1488,Kharif,Sprinkler,232.43,22.16,12.52
potato,150,39,52,7.82,14.71,724.18,60.74,38.97,Silt,0.93,7.37,2.85,South,1151,Rabi,Rainfed,281.4,3.16,23.83
maize,170,68,56,6.54,36.78,2679.53,40.28,40.62,Loamy,0.47,6.68,17.02,East,2192,Zaid,Sprinkler,217.34,17.1,10.51
sugarcane,94,87,111,7.27,13.27,1428.97,88.93,49.59,Sandy,1.57,9.25,11.87,Central,991,Kharif,Sprinkler,347.08,10.02,76.18
potato,49,81,143,5.59,17.37,414.52,46.36,52.53,Clay,1.45,4.54,6.13,West,1802,Zaid,Canal,249.02,11.16,25.4
maize,86,29,62,6.51,11.28,1908.16,64.1,63.75,Sandy,0.59,8.93,10.91,West,1592,Zaid,Sprinkler,248.1,23.12,13.49
rice,75,18,145,5.52,27.96,576.06,56.55,36.88,Clay,0.6,7.66,2.54,East,1939,Kharif,Drip,188.34,13.31,9.4
wheat,165,52,28,7.57,19.83,1942.31,41.96,19.16,Loamy,1.53,6.96,10.59,North,1955,Rabi,Canal,194.11,3.92,8.22
cotton,39,34,33,7.44,29.0,2005.28,76.85,49.41,Clay,0.69,8.62,14.93,Central,1662,Zaid,Rainfed,202.81,17.71,6.71
rice,142,37,88,5.3,12.57,424.86,37.07,39.91,Sandy,0.85,4.15,3.35,Central,751,Rabi,Rainfed,338.38,21.98,10.15
wheat,168,51,45,5.05,21.85,2494.62,55.79,57.05,Silt,1.21,4.72,15.19,West,1504,Kharif,Sprinkler,228.41,23.13,8.69
potato,41,76,146,7.6,21.15,1266.48,42.68,22.33,Clay,0.75,6.78,10.4,North,2116,Kharif,Canal,75.74,10.06,21.47
potato,167,22,72,5.17,26.1,1105.4,62.97,47.25,Clay,1.47,4.65,4.27,South,1293,Kharif,Canal,251.37,20.33,25.6
maize,40,51,60,6.66,18.85,1940.24,81.65,37.96,Loamy,1.07,7.38,4.59,East,1933,Zaid,Rainfed,109.25,18.25,9.02
maize,147,59,101,6.62,39.54,2639.43,83.45,35.97,Loamy,1.04,8.17,16.01,East,934,Zaid,Rainfed,181.3,22.45,10.77
rice,68,47,121,5.49,19.48,2725.85,61.83,43.24,Clay,1.02,8.51,9.09,Central,1904,Rabi,Drip,86.78,18.56,11.38
potato,82,21,40,6.81,30.89,2379.13,44.5,49.21,Loamy,0.45,5.66,5.81,South,1283,Kharif,Drip,105.16,21.18,27.23
wheat,85,36,140,6.51,20.99,2223.15,53.01,57.55,Loamy,1.33,9.35,5.29,West,946,Kharif,Canal,279.16,10.41,11.68
maize,133,19,58,6.53,26.01,1661.75,71.33,26.76,Silt,1.04,4.64,7.8,North,1437,Kharif,Rainfed,166.32,12.12,9.16
sugarcane,158,29,88,6.02,16.8,1648.77,47.27,29.65,Clay,0.37,10.5,14.22,West,252,Rabi,Canal,73.88,5.17,75.43
wheat,85,35,94,7.65,15.18,1826.61,39.21,42.43,Sandy,1.41,4.95,1.45,South,957,Rabi,Drip,269.87,16.18,9.47
wheat,147,31,81,5.09,39.17,2758.04,46.7,32.33,Silt,1.25,7.04,2.83,South,1415,Kharif,Sprinkler,61.85,2.89,9.43
cotton,161,70,64,6.29,26.23,384.27,37.29,43.42,Loamy,0.68,4.27,8.56,Central,708,Zaid,Canal,293.9,6.94,8.07
wheat,59,64,46,5.68,23.82,1478.26,46.6,25.01,Silt,0.67,7.39,16.43,South,1742,Zaid,Rainfed,221.81,17.93,8.92
sugarcane,41,21,135,7.68,29.25,828.26,32.61,30.38,Clay,0.96,10.49,16.02,North,1338,Kharif,Canal,307.89,22.62,73.56
maize,64,64,60,5.57,16.7,1817.13,33.74,31.24,Clay,0.31,5.5,14.28,West,723,Zaid,Drip,141.1,20.02,8.69
rice,106,74,125,7.41,34.66,1759.92,81.51,64.62,Clay,1.35,10.34,17.64,South,2184,Kharif,Drip,109.33,14.33,9.09
wheat,131,97,93,6.88,17.45,2638.38,40.7,57.72,Sandy,1.52,7.53,2.83,West,1051,Kharif,Rainfed,79.49,23.3,9.87
cotton,116,21,79,7.77,26.28,1168.93,80.63,56.89,Sandy,0.88,4.76,16.02,Central,230,Kharif,Canal,262.93,15.91,5.55
wheat,81,54,61,6.82,13.82,2243.81,89.75,40.68,Sandy,1.0,9.4,1.34,Central,70,Kharif,Drip,323.85,5.37,11.21
cotton,109,59,141,6.69,27.24,2112.21,53.43,38.34,Loamy,1.35,7.06,8.06,Central,150,Kharif,Canal,263.12,10.81,9.57
rice,164,73,30,7.52,24.49,1398.85,56.87,18.51,Clay,0.66,7.36,4.83,West,55,Rabi,Sprinkler,237.37,21.68,8.69
cotton,51,89,137,6.71,18.42,1617.56,47.16,24.87,Clay,0.94,8.29,7.17,North,1045,Rabi,Drip,61.7,23.12,5.05
rice,104,69,84,7.67,19.23,1453.87,37.15,59.77,Sandy,0.44,9.81,17.56,East,1658,Zaid,Drip,165.04,22.79,9.56
potato,87,78,66,4.97,10.29,2637.99,68.21,41.28,Silt,1.21,6.87,6.59,Central,1810,Kharif,Drip,333.39,1.05,25.37
wheat,122,79,33,6.48,10.82,580.45,80.88,64.37,Silt,1.33,9.26,11.7,East,203,Kharif,Canal,218.34,16.11,10.51
wheat,132,68,86,7.56,28.03,1779.23,70.16,44.59,Loamy,0.39,5.13,12.7,North,1369,Zaid,Rainfed,136.43,12.46,6.87
rice,169,54,128,7.68,31.55,1259.05,36.56,33.87,Silt,1.45,4.34,10.34,East,1312,Zaid,Drip,95.22,11.11,6.91
cotton,36,67,29,7.64,26.41,537.61,66.4,28.71,Loamy,0.79,4.33,2.55,South,1594,Zaid,Canal,173.8,1.89,6.26
wheat,157,58,143,6.85,12.46,910.37,68.36,60.92,Silt,1.5,4.29,15.55,East,1320,Rabi,Drip,100.99,9.55,8.33
wheat,84,77,36,8.18,38.23,1833.95,71.38,33.54,Silt,1.47,7.68,14.38,West,38,Zaid,Canal,337.85,11.63,9.14
rice,135,16,116,5.42,31.4,2171.23,34.17,22.31,Silt,1.33,6.73,13.74,West,1153,Rabi,Drip,303.7,7.56,9.51
sugarcane,91,93,76,5.39,17.12,1578.64,71.89,28.91,Clay,1.38,9.5,16.48,West,184,Rabi,Drip,197.64,19.47,75.42
potato,119,35,90,4.91,30.14,1569.41,66.28,47.28,Sandy,0.68,4.02,6.91,West,1661,Rabi,Sprinkler,347.21,5.14,27.47
cotton,127,64,116,8.16,13.34,1911.06,82.09,21.65,Clay,0.78,8.7,10.79,Central,1960,Rabi,Drip,103.78,9.35,7.12
maize,106,95,36,5.98,33.38,671.75,39.91,19.58,Sandy,0.61,6.62,14.32,South,1607,Rabi,Rainfed,107.1,12.87,7.61
cotton,148,66,95,7.39,24.43,747.89,33.73,37.88,Silt,0.76,7.29,8.56,North,890,Rabi,Drip,106.35,13.4,7.08
rice,65,23,36,5.0,22.28,2698.13,78.77,19.18,Sandy,1.03,4.94,17.37,South,730,Kharif,Rainfed,100.4,3.81,6.5
cotton,118,34,130,5.82,10.27,2706.65,36.18,34.65,Clay,1.42,9.36,15.43,East,1336,Rabi,Sprinkler,202.93,1.72,9.06
cotton,174,97,139,6.92,29.57,2240.19,52.81,31.14,Sandy,1.01,10.09,10.02,East,666,Zaid,Sprinkler,284.23,21.95,9.72
wheat,159,32,138,6.58,34.87,2276.27,82.14,34.57,Sandy,1.21,4.25,3.5,West,2102,Rabi,Sprinkler,246.25,3.1,11.08
potato,170,98,97,5.51,18.65,532.86,46.7,39.39,Sandy,0.48,6.37,9.56,West,29,Zaid,Sprinkler,181.95,16.14,24.68
maize,122,44,22,6.37,10.35,1226.65,56.5,24.27,Silt,1.52,6.91,4.52,West,2093,Kharif,Drip,68.44,17.93,8.88
cotton,143,79,127,5.17,33.26,1435.9,66.85,37.12,Sandy,1.06,9.99,7.91,West,712,Zaid,Rainfed,159.6,19.74,7.54
rice,57,38,70,6.65,29.07,658.23,68.35,33.08,Silt,1.31,9.57,5.51,West,397,Kharif,Rainfed,139.31,2.33,6.75
wheat,172,61,133,5.13,33.31,360.9,65.65,54.77,Silt,1.6,7.84,14.82,North,1832,Rabi,Drip,127.25,7.46,6.72
maize,62,97,113,6.96,26.15,853.56,33.64,49.73,Loamy,1.42,5.26,5.41,Central,696,Rabi,Drip,173.83,4.92,10.03
rice,49,58,135,5.33,23.83,2716.32,76.7,58.63,Sandy,0.96,7.88,11.05,West,107,Kharif,Drip,259.66,1.19,10.61
maize,169,43,124,6.66,16.58,2616.83,77.7,48.45,Silt,1.43,7.09,1.89,Central,1247,Zaid,Rainfed,275.77,15.61,13.13
sugarcane,130,91,118,5.24,12.37,882.56,36.26,21.05,Sandy,1.16,10.32,13.82,East,1123,Zaid,Drip,114.77,3.76,71.07
maize,52,82,95,6.16,24.14,2649.8,74.38,40.35,Sandy,1.25,5.88,8.63,West,676,Kharif,Sprinkler,238.51,4.71,11.23
maize,141,31,100,6.0,36.05,1151.04,60.23,52.12,Clay,1.13,9.57,8.07,West,1298,Kharif,Canal,153.64,10.79,8.57
sugarcane,43,19,91,7.37,11.78,2192.59,30.76,57.08,Loamy,0.67,7.96,8.4,East,1197,Rabi,Rainfed,128.58,2.95,76.68
sugarcane,120,95,130,6.98,39.67,1243.98,71.65,24.06,Sandy,0.73,4.23,13.12,North,2023,Kharif,Rainfed,349.24,15.75,76.38
potato,106,64,77,7.99,38.41,418.79,57.65,26.18,Sandy,1.03,5.75,8.33,North,979,Rabi,Sprinkler,78.25,19.5,22.56
potato,114,54,97,7.93,29.22,2713.56,37.6,58.11,Silt,1.44,4.91,13.54,West,918,Zaid,Drip,307.35,15.17,27.89
rice,138,60,67,7.26,37.43,978.23,40.55,39.27,Silt,0.89,7.28,5.81,Central,1696,Zaid,Rainfed,175.63,10.57,8.23
sugarcane,60,65,75,7.42,26.61,433.38,75.47,37.62,Clay,1.0,9.55,17.33,South,194,Rabi,Sprinkler,333.13,20.77,73.08
wheat,151,25,61,6.92,22.14,2783.65,86.72,39.71,Loamy,0.78,8.11,9.68,Central,811,Zaid,Canal,117.14,20.31,8.35
rice,136,26,43,7.15,27.15,1901.2,39.84,23.67,Loamy,0.32,6.29,10.92,West,867,Rabi,Canal,348.81,22.74,10.22
maize,83,27,129,6.9,36.3,1414.12,54.14,46.38,Loamy,1.14,9.09,12.82,North,853,Rabi,Canal,278.41,22.63,11.46
rice,162,78,71,5.86,38.73,2361.7,49.18,55.4,Sandy,1.04,8.34,10.94,Central,1710,Kharif,Sprinkler,223.23,20.23,11.42
sugarcane,170,22,53,5.99,35.14,2098.95,65.21,56.85,Loamy,1.57,4.49,10.59,North,1605,Kharif,Sprinkler,280.07,14.13,76.77
potato,72,79,22,6.75,15.39,1368.11,41.72,16.52,Clay,0.96,4.76,1.04,North,625,Kharif,Sprinkler,273.25,0.39,24.65
cotton,118,23,87,7.25,27.75,670.67,64.74,50.76,Clay,1.0,4.71,8.81,North,2113,Rabi,Sprinkler,158.92,18.15,6.74
rice,144,16,69,6.18,23.34,1957.34,79.87,19.56,Sandy,0.67,6.23,15.74,Central,1614,Rabi,Rainfed,330.53,12.07,10.84
rice,128,92,101,5.29,24.44,2520.16,68.47,63.34,Sandy,0.43,8.05,16.71,Central,965,Kharif,Drip,331.9,2.14,10.55
cotton,76,27,38,6.36,22.85,1589.86,41.66,39.11,Sandy,1.22,10.52,5.9,Central,1128,Kharif,Rainfed,139.13,18.24,8.42
potato,100,16,63,8.07,12.03,1697.44,74.94,53.77,Silt,1.35,8.68,13.04,West,705,Rabi,Drip,134.56,10.25,24.04
wheat,96,82,22,5.53,35.38,2413.55,57.61,46.09,Sandy,1.43,8.96,15.59,West,1014,Kharif,Canal,309.05,9.01,9.6
wheat,91,90,132,7.01,39.35,2662.66,36.78,62.6,Clay,0.83,4.68,8.49,South,830,Rabi,Canal,148.66,20.2,10.36
cotton,138,62,84,8.14,16.29,1655.63,49.63,63.68,Sandy,1.21,4.74,11.16,East,770,Zaid,Drip,326.08,7.31,6.89
cotton,66,88,58,6.08,28.66,413.59,44.49,28.94,Silt,0.64,4.97,11.88,West,1028,Rabi,Drip,251.7,6.74,6.48
rice,148,17,83,7.82,26.1,680.94,80.61,39.14,Sandy,0.63,8.08,17.13,East,1753,Zaid,Rainfed,339.85,5.92,8.44
potato,115,82,123,7.74,36.89,2674.0,43.62,40.21,Silt,1.59,9.2,9.19,North,1877,Zaid,Canal,296.85,6.32,27.83
sugarcane,155,20,32,5.95,31.12,2382.43,60.71,23.88,Silt,1.4,9.54,14.23,South,1879,Rabi,Drip,303.98,14.08,74.82
sugarcane,165,19,87,5.13,32.49,1886.77,69.14,60.2,Silt,0.63,5.47,4.18,West,1893,Zaid,Drip,82.66,20.3,74.22
wheat,81,17,89,5.41,38.56,1472.24,33.38,32.48,Sandy,0.86,9.06,10.96,North,1012,Kharif,Canal,204.63,24.0,6.85
potato,120,24,94,6.04,29.9,1327.14,38.46,19.37,Sandy,1.03,6.26,8.75,East,1358,Kharif,Drip,177.82,0.21,21.28
maize,62,57,20,8.06,23.61,410.29,77.23,22.73,Clay,0.32,7.9,4.91,East,1932,Kharif,Drip,286.77,5.6,9.97
potato,110,33,117,5.73,11.56,2472.45,50.63,40.67,Loamy,1.55,7.57,1.23,Central,351,Zaid,Canal,153.54,11.65,26.05
wheat,71,28,123,7.95,37.19,1234.22,72.12,59.08,Sandy,0.44,4.51,11.05,West,900,Rabi,Sprinkler,256.33,24.72,8.74
sugarcane,141,35,135,5.42,27.69,1597.31,75.56,46.41,Clay,1.36,9.89,14.76,East,844,Rabi,Rainfed,260.75,21.6,73.7
potato,155,57,132,8.1,30.47,1645.15,68.56,25.74,Loamy,1.57,9.14,14.72,West,1057,Rabi,Drip,148.86,7.92,23.03
rice,165,42,122,5.8,25.16,2396.63,64.9,29.84,Clay,1.22,8.74,7.62,North,26,Kharif,Canal,224.71,8.52,10.89
rice,135,35,56,6.95,21.81,792.65,59.7,63.8,Loamy,1.56,6.38,4.07,South,489,Rabi,Canal,263.94,0.68,10.79
wheat,154,50,125,5.04,25.12,1487.53,53.58,17.64,Clay,0.33,10.94,17.04,West,1186,Kharif,Canal,245.02,18.19,8.29
maize,142,38,127,5.82,11.46,2690.06,38.97,64.72,Sandy,0.76,4.44,7.49,South,1003,Kharif,Sprinkler,155.35,19.22,12.2
cotton,93,68,40,5.52,33.94,2074.78,88.37,60.29,Loamy,0.92,6.12,6.91,South,760,Kharif,Rainfed,139.35,5.86,6.65
potato,152,52,148,4.81,14.74,1297.12,68.52,48.92,Silt,1.32,4.92,11.45,North,2087,Kharif,Drip,149.39,20.62,25.52
wheat,143,31,47,5.33,19.98,1880.46,41.66,62.16,Clay,1.15,5.65,8.48,West,1308,Rabi,Drip,75.6,12.83,8.8
rice,49,36,127,6.82,12.61,1770.08,80.19,22.62,Sandy,1.26,7.12,6.85,South,19,Kharif,Canal,245.26,11.65,9.44
rice,45,97,28,6.13,34.6,1662.89,79.35,62.13,Sandy,0.49,8.29,6.52,North,1623,Kharif,Drip,269.4,10.45,10.43
sugarcane,174,59,51,7.26,15.05,1636.46,75.18,25.63,Loamy,1.4,4.69,7.67,North,332,Zaid,Drip,73.29,14.86,72.42
sugarcane,48,88,85,7.08,21.97,2095.38,36.94,42.31,Clay,1.37,8.07,12.65,East,1243,Rabi,Rainfed,342.18,13.96,76.33
cotton,149,75,119,7.52,22.46,2504.84,31.07,39.44,Sandy,1.3,9.45,1.2,North,1,Rabi,Canal,288.29,18.1,10.39
wheat,165,25,40,7.75,19.49,1327.48,72.49,40.62,Silt,1.36,10.44,4.45,North,1906,Kharif,Drip,266.53,11.91,10.32
maize,67,75,101,7.59,35.8,2737.93,42.27,28.37,Clay,0.58,5.46,5.35,Central,460,Kharif,Rainfed,302.24,5.9,11.81
wheat,122,52,43,6.32,33.15,1307.38,80.44,54.03,Sandy,0.48,10.25,17.99,North,1293,Zaid,Drip,317.27,3.56,11.42
sugarcane,134,80,130,5.85,32.31,1992.06,70.36,52.13,Sandy,1.46,10.1,16.03,West,174,Kharif,Sprinkler,145.01,4.92,76.83
maize,129,47,111,6.51,16.75,975.62,52.46,62.7,Silt,1.54,5.97,8.16,South,225,Kharif,Canal,199.95,8.61,10.17
rice,119,57,31,6.62,15.69,2168.89,59.25,40.35,Sandy,0.85,8.81,12.92,South,320,Zaid,Drip,245.69,23.48,10.39
wheat,73,45,42,5.86,17.4,1270.77,60.16,42.4,Loamy,0.88,8.85,5.01,West,747,Rabi,Rainfed,316.08,17.42,9.73
wheat,105,49,111,6.64,21.58,1255.29,52.74,60.17,Clay,1.26,10.63,16.96,South,207,Rabi,Sprinkler,268.65,10.54,10.8
rice,174,51,142,5.16,24.36,804.11,40.76,60.97,Loamy,0.94,5.62,16.78,Central,584,Kharif,Rainfed,247.9,3.93,9.06
sugarcane,108,61,53,5.59,17.51,474.56,89.66,47.48,Loamy,0.71,4.65,3.75,East,1971,Zaid,Canal,216.68,18.34,75.18
maize,102,37,144,7.34,23.73,1172.75,74.95,56.02,Silt,0.55,7.92,16.78,South,1707,Kharif,Rainfed,152.32,10.63,8.69
maize,169,50,76,5.42,15.53,1799.58,39.38,40.26,Loamy,0.33,5.8,7.98,South,496,Rabi,Sprinkler,267.31,19.24,10.74
sugarcane,125,54,22,5.27,18.07,414.8,32.07,34.41,Loamy,1.06,5.65,9.37,East,497,Rabi,Canal,191.18,20.51,72.81
cotton,118,95,25,5.78,17.82,776.61,50.66,58.2,Loamy,0.48,10.46,12.77,East,1050,Zaid,Sprinkler,90.54,14.66,3.6
cotton,132,29,67,6.06,31.81,912.64,63.27,53.86,Sandy,1.42,9.06,9.14,North,1588,Zaid,Sprinkler,293.75,20.35,8.3
potato,175,51,121,5.92,23.75,768.74,86.28,27.12,Silt,1.58,8.69,10.74,West,1882,Kharif,Drip,255.63,14.48,24.8
wheat,35,18,139,6.07,28.46,557.55,37.94,17.38,Sandy,0.9,10.67,8.61,East,841,Zaid,Rainfed,203.25,12.65,7.02
sugarcane,151,36,32,5.28,30.08,756.87,56.41,43.28,Sandy,0.45,4.48,2.14,Central,619,Rabi,Canal,316.64,19.17,76.2
cotton,145,95,55,5.36,12.06,2638.87,40.72,57.08,Loamy,1.06,8.11,10.36,East,1633,Rabi,Sprinkler,270.7,10.41,9.06
rice,91,36,89,5.6,33.85,2258.05,34.18,27.36,Sandy,1.05,7.41,1.84,North,1753,Rabi,Rainfed,229.85,15.52,10.13
rice,173,95,52,6.17,18.52,2603.02,66.08,53.37,Sandy,0.47,6.12,2.71,East,1264,Rabi,Rainfed,281.26,9.61,11.51
maize,165,92,124,5.94,25.29,2524.99,36.23,35.7,Sandy,1.14,8.11,12.68,North,715,Zaid,Canal,310.31,23.43,11.8
potato,118,92,76,7.49,20.15,1300.88,73.21,31.79,Loamy,0.71,9.6,8.98,North,2020,Zaid,Sprinkler,231.06,17.66,24.83
rice,125,31,74,6.59,33.21,1223.19,63.21,23.64,Clay,1.4,7.93,10.18,North,416,Rabi,Sprinkler,314.09,21.78,10.84
sugarcane,155,86,126,6.76,16.85,2243.47,43.95,61.71,Clay,1.06,5.22,3.86,West,239,Kharif,Sprinkler,254.46,13.17,80.99
cotton,119,94,70,6.71,38.91,2552.85,77.67,26.28,Sandy,0.86,7.95,12.65,South,825,Rabi,Rainfed,223.54,22.17,9.68
cotton,115,94,111,6.16,22.0,2178.22,71.98,28.96,Loamy,1.55,5.38,2.22,North,1557,Kharif,Rainfed,189.96,13.81,9.3
cotton,167,52,72,8.13,31.35,1753.6,67.58,31.57,Silt,0.94,5.06,5.31,West,1481,Rabi,Rainfed,102.58,18.87,6.18
potato,150,38,55,4.93,29.24,1692.72,42.83,29.23,Clay,1.45,7.83,16.35,East,1135,Kharif,Drip,64.76,18.64,23.61
wheat,105,20,138,5.53,32.28,1459.01,72.39,23.15,Sandy,0.64,4.74,1.44,South,1345,Rabi,Drip,123.52,2.2,9.68
maize,121,82,44,5.77,26.53,1436.62,62.44,32.72,Loamy,0.87,6.63,13.68,North,2003,Zaid,Drip,115.92,9.2,9.64
rice,99,96,100,7.8,21.51,441.19,62.06,38.59,Clay,0.41,8.55,3.7,North,1158,Zaid,Sprinkler,125.44,24.74,7.15
rice,177,20,56,7.92,15.39,838.55,37.17,42.59,Clay,0.85,8.08,15.16,North,1343,Rabi,Rainfed,162.57,5.35,7.67
sugarcane,162,40,38,7.68,25.58,659.45,38.11,22.82,Loamy,1.46,7.39,11.33,South,439,Rabi,Sprinkler,193.99,8.95,73.82
wheat,52,55,54,6.22,11.83,1473.31,31.94,53.97,Clay,1.38,5.7,1.57,North,1155,Rabi,Canal,301.12,24.44,11.08
sugarcane,166,89,126,7.91,11.76,1022.38,44.73,30.58,Sandy,1.57,6.1,1.14,East,509,Rabi,Sprinkler,167.2,8.28,72.73
maize,87,52,73,5.13,28.4,1245.8,59.6,60.9,Sandy,1.27,5.54,10.78,South,1533,Rabi,Canal,127.67,20.61,8.2
maize,75,94,25,7.02,24.41,2728.71,51.54,31.48,Loamy,0.65,7.68,14.5,Central,1644,Kharif,Canal,346.73,10.86,11.04
cotton,51,97,148,7.99,25.18,2210.96,72.77,58.14,Loamy,0.51,10.21,13.14,West,655,Zaid,Canal,349.39,23.36,7.93
rice,37,57,53,7.37,19.56,649.02,54.45,32.63,Silt,0.53,9.9,6.02,East,791,Rabi,Drip,281.36,14.98,8.53
rice,152,67,75,5.74,33.72,2322.63,35.59,40.29,Silt,1.16,9.6,13.31,East,87,Zaid,Canal,166.31,24.3,10.28
sugarcane,49,29,116,7.24,16.04,1405.53,73.48,33.62,Sandy,0.8,5.99,5.72,North,1987,Rabi,Sprinkler,177.32,2.77,73.98
cotton,107,70,45,5.8,27.58,2436.0,41.05,34.35,Loamy,0.84,7.3,9.42,West,1614,Zaid,Canal,112.26,6.77,6.95
cotton,68,70,110,5.18,35.81,2199.3,48.9,45.93,Silt,1.42,6.74,4.76,Central,889,Zaid,Rainfed,136.27,14.96,5.58
rice,66,45,57,7.24,35.02,1596.56,60.04,49.65,Silt,1.24,7.69,2.97,West,608,Rabi,Canal,255.68,2.83,9.21
maize,104,97,78,5.41,10.86,2099.14,63.25,58.52,Clay,0.57,7.12,17.32,Central,794,Zaid,Rainfed,229.64,18.54,10.57
sugarcane,147,71,146,5.18,18.37,2642.92,47.7,43.45,Clay,0.52,7.2,12.02,East,438,Kharif,Rainfed,193.52,23.31,75.85
rice,133,65,43,6.68,31.44,1645.93,57.64,25.84,Silt,1.37,4.48,4.81,East,1800,Rabi,Canal,239.8,15.94,11.19
rice,60,38,130,6.91,32.22,672.58,34.0,64.48,Clay,1.54,5.41,3.09,West,448,Rabi,Drip,200.29,17.52,9.37
maize,152,72,40,4.97,24.48,1720.7,39.6,49.19,Silt,0.54,6.63,5.38,South,884,Rabi,Canal,337.28,3.92,12.55
sugarcane,83,87,79,4.82,16.07,417.32,65.94,33.74,Clay,1.54,5.64,7.31,North,1145,Zaid,Sprinkler,308.17,15.97,74.4
wheat,63,18,109,7.8,18.37,1434.45,30.27,63.41,Loamy,0.86,10.13,15.71,West,490,Rabi,Rainfed,280.43,10.87,9.4
rice,151,24,25,5.19,34.03,857.66,41.04,62.92,Clay,1.48,10.31,12.6,South,2121,Rabi,Drip,89.27,18.85,5.79
cotton,142,77,29,6.79,15.76,1913.74,67.7,18.98,Loamy,1.28,8.84,7.12,West,1294,Kharif,Rainfed,197.22,7.65,7.43
wheat,91,87,116,8.04,38.27,1298.29,43.94,15.99,Sandy,1.48,10.67,6.54,West,1836,Rabi,Drip,237.78,16.61,8.83
wheat,52,97,99,6.54,25.03,1586.68,79.08,17.22,Clay,1.14,4.77,5.04,South,838,Kharif,Sprinkler,85.63,1.93,5.93
cotton,75,29,36,5.28,18.5,2529.36,53.55,49.27,Loamy,0.5,6.43,2.92,Central,1647,Kharif,Canal,324.29,7.76,10.36
rice,85,77,102,6.14,21.69,1448.55,72.85,50.54,Silt,0.38,10.89,15.64,North,1970,Rabi,Drip,122.55,14.98,11.32
maize,164,33,59,6.92,17.7,2793.33,83.1,51.2,Sandy,1.12,8.56,9.02,Central,550,Kharif,Rainfed,61.49,14.28,8.97
cotton,147,77,93,7.39,21.53,641.29,56.89,46.51,Clay,0.38,10.69,17.09,South,740,Kharif,Drip,180.07,14.56,4.94
maize,160,70,93,6.86,13.92,2443.31,70.5,29.27,Silt,0.61,5.48,14.26,South,1899,Kharif,Rainfed,96.07,11.64,10.68
sugarcane,142,35,69,4.92,34.69,1208.47,80.6,23.36,Silt,0.57,7.17,12.78,Central,1795,Zaid,Sprinkler,270.97,15.12,74.14
maize,73,48,29,5.29,38.91,2288.31,44.78,61.39,Clay,0.86,5.81,6.88,South,1744,Rabi,Rainfed,305.03,7.01,10.53
maize,157,31,122,6.06,29.77,1546.9,83.11,60.66,Clay,1.08,10.34,9.0,North,2105,Kharif,Sprinkler,186.06,11.17,12.43
sugarcane,137,32,113,7.2,34.26,1607.79,81.62,27.12,Loamy,1.48,8.48,5.03,West,1600,Rabi,Rainfed,342.19,3.95,75.72
cotton,46,95,148,6.79,16.84,1632.39,33.63,23.4,Loamy,1.52,8.76,14.59,North,1801,Kharif,Rainfed,209.18,8.86,5.88
potato,88,80,62,4.95,11.88,904.14,58.26,33.77,Sandy,1.58,8.23,8.93,South,492,Zaid,Rainfed,212.75,16.48,23.16
cotton,167,65,102,7.51,28.81,433.43,36.67,17.42,Clay,1.29,9.55,14.42,South,750,Zaid,Drip,286.6,14.14,7.84
potato,128,79,123,6.86,34.53,1933.31,83.17,23.11,Sandy,1.5,7.57,2.4,South,1556,Rabi,Rainfed,110.14,0.9,24.31
maize,113,57,53,7.82,35.03,364.18,44.38,34.01,Loamy,1.33,10.07,6.35,East,1247,Zaid,Canal,116.41,17.67,7.85
rice,175,71,43,6.22,25.98,2116.22,52.26,26.94,Clay,1.48,4.29,2.49,South,221,Zaid,Rainfed,300.19,14.92,10.11
sugarcane,74,24,60,6.47,28.66,1109.18,86.28,51.84,Silt,0.44,9.59,11.03,East,112,Rabi,Canal,74.09,9.76,75.04
potato,137,51,32,6.18,21.05,1290.13,63.72,60.25,Sandy,1.55,4.12,13.3,West,147,Rabi,Canal,136.39,14.97,23.32
wheat,91,62,47,7.26,34.92,2182.21,85.62,60.46,Clay,0.6,6.31,14.34,East,423,Kharif,Rainfed,234.06,1.49,9.49
rice,88,83,102,7.36,30.93,677.25,57.7,45.21,Silt,1.04,7.17,7.3,South,2167,Rabi,Drip,240.85,18.82,10.9
rice,167,70,148,7.26,15.58,1923.83,88.97,50.17,Loamy,0.97,7.87,3.33,South,1904,Kharif,Canal,251.4,15.19,10.15
potato,40,90,126,5.79,18.38,1731.64,87.32,39.7,Silt,1.03,10.33,17.46,North,1837,Rabi,Sprinkler,327.76,6.04,25.71
rice,131,50,32,6.96,14.56,1342.53,31.21,22.33,Sandy,1.21,10.3,4.23,Central,2100,Kharif,Sprinkler,98.12,0.58,7.37
cotton,99,45,133,5.95,25.17,1864.01,54.37,46.75,Clay,1.0,9.75,6.49,North,1914,Zaid,Sprinkler,174.23,15.94,8.93
sugarcane,152,69,125,7.64,16.07,1200.4,87.0,32.5,Silt,1.2,10.89,6.18,North,1077,Zaid,Drip,123.82,21.74,73.27
sugarcane,63,52,24,4.99,14.76,961.09,78.86,15.29,Clay,0.99,6.09,14.09,Central,1299,Kharif,Canal,296.93,2.86,73.95
sugarcane,130,87,116,4.93,14.81,523.4,42.72,43.75,Silt,0.32,9.17,15.22,South,1060,Kharif,Sprinkler,118.23,22.41,72.0
maize,174,29,33,5.15,17.98,1776.52,83.09,24.92,Clay,1.12,4.44,5.85,South,454,Rabi,Rainfed,261.61,20.93,9.98
maize,133,30,99,5.49,34.27,2700.32,42.09,59.33,Sandy,1.02,6.24,5.82,North,931,Zaid,Rainfed,349.05,11.88,15.16
sugarcane,69,91,139,4.93,38.15,2314.17,86.17,61.7,Loamy,1.06,6.27,12.73,North,2054,Rabi,Canal,175.85,9.67,75.33
potato,48,67,54,5.04,39.88,535.28,34.98,23.11,Loamy,0.3,5.83,15.6,West,576,Kharif,Rainfed,195.79,5.88,23.64
wheat,96,70,22,5.84,11.21,848.61,86.78,16.47,Silt,0.91,10.83,3.57,South,2118,Kharif,Drip,181.33,1.52,7.7
potato,111,21,23,5.14,27.07,1923.45,34.94,15.2,Sandy,1.44,10.61,17.72,South,342,Kharif,Rainfed,217.69,6.86,24.3
rice,93,71,100,7.53,17.99,305.12,43.67,60.65,Clay,0.73,6.75,12.61,North,1252,Zaid,Rainfed,189.73,20.49,8.53
potato,112,69,130,4.98,39.67,1707.76,63.97,22.6,Sandy,0.88,6.6,6.13,South,376,Rabi,Canal,271.7,12.04,23.83
cotton,76,66,78,7.89,39.53,2734.96,41.28,36.77,Sandy,0.46,7.41,14.01,West,1498,Zaid,Rainfed,62.79,1.1,3.6
potato,35,18,93,7.76,38.02,1180.31,53.35,17.86,Silt,0.89,6.99,1.8,North,263,Rabi,Sprinkler,196.33,13.0,22.14
potato,45,57,148,5.51,10.43,2533.83,40.14,33.67,Loamy,0.81,6.11,16.47,West,1591,Kharif,Sprinkler,226.77,18.31,26.04
maize,175,54,78,5.04,14.64,569.55,63.47,54.27,Sandy,1.45,5.84,9.11,West,1079,Kharif,Rainfed,68.91,18.85,7.29
cotton,68,44,137,5.16,26.57,416.19,66.66,35.33,Silt,0.35,10.51,4.61,West,1572,Rabi,Canal,91.39,21.28,3.04
sugarcane,142,24,122,6.7,15.62,1168.34,43.23,53.78,Clay,1.54,5.4,12.49,East,510,Zaid,Drip,169.15,18.0,73.32
sugarcane,169,21,28,6.84,35.65,1746.99,47.49,49.44,Loamy,1.05,6.78,2.58,East,110,Kharif,Canal,159.07,0.2,77.71
rice,167,50,118,5.87,30.99,2386.42,74.29,40.87,Loamy,0.99,8.84,9.07,West,1783,Zaid,Drip,326.94,10.43,12.44
maize,100,49,133,5.81,15.52,763.43,35.2,51.89,Clay,1.45,10.81,16.96,Central,1600,Zaid,Canal,63.48,8.39,9.35
rice,139,53,81,6.61,34.55,953.88,57.17,58.96,Sandy,0.55,8.97,11.86,South,2025,Rabi,Sprinkler,296.91,11.38,10.35
wheat,84,50,81,5.84,24.95,1497.06,47.4,54.65,Loamy,0.57,7.81,2.61,Central,649,Rabi,Sprinkler,75.68,19.82,9.24
cotton,158,34,29,7.98,31.29,1164.68,54.74,49.59,Sandy,1.44,7.25,15.9,North,2183,Rabi,Rainfed,303.44,0.96,8.28
potato,78,63,106,6.1,14.19,310.8,80.13,50.09,Silt,1.51,8.51,15.1,South,1457,Zaid,Rainfed,186.58,16.79,25.72
maize,50,73,30,5.55,25.54,1126.44,88.75,23.05,Clay,1.39,8.8,13.57,Central,1412,Kharif,Sprinkler,246.1,10.16,9.22
cotton,66,63,81,5.3,33.29,951.93,40.82,62.53,Loamy,0.35,10.95,3.78,Central,2175,Rabi,Canal,111.87,24.96,7.31
maize,145,40,96,6.95,20.37,1562.75,33.67,25.28,Clay,1.15,6.45,11.5,North,875,Zaid,Rainfed,291.51,7.29,10.96
maize,53,50,123,5.91,15.6,590.12,41.82,32.45,Loamy,0.89,5.49,14.35,West,745,Rabi,Drip,201.19,12.24,8.23
potato,84,57,75,5.44,29.18,2012.66,82.35,40.9,Clay,1.35,6.98,13.13,North,1131,Rabi,Rainfed,73.63,23.68,24.89
rice,54,57,129,5.74,29.32,1035.14,82.77,21.31,Silt,0.51,5.72,6.67,West,2174,Zaid,Canal,291.64,4.14,10.24
sugarcane,164,90,68,5.85,16.13,874.73,47.2,44.68,Silt,1.5,4.32,17.15,South,1369,Zaid,Drip,274.81,14.39,75.64
wheat,156,47,35,6.93,12.08,1061.48,49.79,24.13,Sandy,0.74,10.77,4.39,North,2000,Rabi,Sprinkler,282.14,15.61,9.22
sugarcane,122,92,92,5.39,14.99,1448.36,69.84,61.17,Silt,0.72,4.43,8.45,South,2083,Rabi,Rainfed,197.12,15.48,75.02
cotton,123,59,135,7.29,18.27,2519.03,50.51,59.43,Clay,0.53,7.37,7.97,East,1271,Rabi,Sprinkler,65.15,19.07,7.96
maize,100,59,112,5.84,11.09,2018.49,84.24,42.22,Clay,0.31,7.35,16.24,East,2184,Rabi,Rainfed,313.82,3.39,11.59
wheat,151,29,52,6.46,37.68,743.44,78.06,37.47,Silt,0.71,5.3,4.55,Central,2167,Rabi,Canal,244.01,17.84,8.93
sugarcane,53,31,107,7.03,16.92,1981.64,51.47,20.13,Clay,0.49,8.04,14.11,East,694,Kharif,Sprinkler,317.83,4.05,75.53
maize,40,26,58,6.65,32.17,682.84,88.34,56.17,Clay,1.26,9.77,10.05,East,874,Rabi,Drip,122.63,10.83,8.08
cotton,102,36,133,7.05,22.44,1096.57,74.7,33.97,Clay,1.28,10.13,11.33,North,1391,Kharif,Rainfed,261.69,22.81,6.66
potato,41,37,96,5.9,25.06,1457.85,75.44,27.32,Sandy,1.38,6.56,1.32,Central,1515,Kharif,Rainfed,334.53,3.99,27.36
wheat,64,92,106,8.08,26.11,1890.39,87.62,64.76,Sandy,0.31,5.36,12.48,North,2148,Kharif,Rainfed,348.93,17.58,10.74
rice,170,26,133,6.36,33.18,1475.2,55.84,48.41,Loamy,0.76,7.55,4.82,North,231,Kharif,Sprinkler,153.39,16.06,9.67
maize,52,82,75,5.89,33.64,1758.84,32.48,18.69,Clay,0.31,4.85,8.71,North,999,Rabi,Drip,250.33,18.19,11.33
potato,112,65,60,5.81,14.24,2006.9,89.46,55.06,Sandy,0.96,9.95,9.09,East,2031,Zaid,Canal,179.49,22.68,27.7
sugarcane,117,27,123,4.95,19.1,2704.29,86.12,52.52,Silt,1.48,7.22,17.35,Central,899,Rabi,Canal,340.67,20.18,76.96
cotton,109,71,118,7.13,27.19,2564.51,87.97,35.06,Clay,0.83,10.23,8.91,West,1541,Rabi,Rainfed,166.23,13.61,11.83
rice,126,69,78,5.69,19.91,1566.37,58.43,21.18,Clay,1.44,4.26,8.1,North,1693,Kharif,Canal,159.53,5.16,7.37
sugarcane,169,96,141,8.06,13.98,2156.99,39.87,39.87,Loamy,1.53,9.92,13.93,Central,853,Kharif,Canal,66.75,3.74,75.32
wheat,63,42,139,5.52,22.25,1396.84,41.75,53.17,Silt,0.61,5.82,8.15,Central,1591,Zaid,Sprinkler,162.61,1.59,6.18
rice,104,58,60,6.6,16.55,2715.1,58.4,18.8,Silt,0.31,10.69,15.88,East,76,Kharif,Rainfed,149.14,12.17,8.97
cotton,157,33,85,7.3,14.3,494.24,70.52,23.17,Clay,1.26,4.54,10.0,East,1774,Rabi,Drip,97.37,21.72,3.55
maize,170,60,81,7.76,19.12,812.99,57.91,45.95,Sandy,1.05,9.87,15.82,West,811,Rabi,Canal,69.97,5.43,6.34
cotton,60,17,59,5.33,18.99,946.35,53.68,42.98,Loamy,0.75,7.74,12.32,South,164,Rabi,Drip,64.54,22.58,3.99
maize,159,97,59,8.15,12.92,1004.87,87.81,60.25,Loamy,0.78,5.36,12.07,Central,1947,Kharif,Drip,169.83,3.86,9.3
sugarcane,132,34,121,7.88,27.52,986.65,68.86,55.74,Loamy,0.41,7.02,10.61,West,69,Zaid,Canal,169.15,22.24,72.46
cotton,44,39,34,8.07,19.43,1811.51,54.44,60.94,Clay,1.43,6.12,9.44,West,2049,Rabi,Canal,144.71,17.43,6.22
cotton,86,89,143,7.7,15.2,2534.41,71.39,38.3,Loamy,0.61,5.67,7.18,North,930,Zaid,Canal,194.6,6.64,9.01
cotton,104,70,43,7.78,34.56,468.21,77.51,54.39,Sandy,0.43,8.35,14.62,South,20,Zaid,Canal,327.73,24.49,8.15
sugarcane,63,95,67,6.84,10.08,2380.12,52.04,17.44,Silt,1.31,8.73,11.88,South,250,Rabi,Drip,146.11,11.09,75.42
cotton,132,75,67,7.67,23.63,1050.47,58.51,29.72,Sandy,0.93,4.75,2.62,Central,852,Rabi,Canal,285.7,4.54,7.74
maize,104,69,66,6.62,23.05,1773.28,68.51,47.21,Loamy,1.29,9.08,12.51,South,1198,Zaid,Rainfed,71.8,17.13,8.33
sugarcane,58,49,124,6.63,30.13,1946.88,68.26,53.18,Silt,1.47,7.38,1.82,North,1054,Rabi,Sprinkler,329.9,4.11,78.41
cotton,45,92,132,6.71,21.68,1704.75,40.53,43.52,Loamy,0.8,7.71,17.59,West,219,Zaid,Canal,152.61,22.27,6.58
rice,106,73,27,8.19,25.38,535.77,59.82,39.04,Loamy,0.37,9.21,6.46,Central,1065,Zaid,Drip,162.34,23.08,5.82
potato,66,53,37,5.15,37.25,1509.8,45.55,26.66,Clay,0.63,7.02,3.0,West,1183,Kharif,Sprinkler,189.04,1.78,23.04
maize,110,71,127,7.54,15.05,456.98,84.82,23.71,Silt,0.37,8.15,4.94,West,15,Zaid,Rainfed,140.7,12.02,8.28
wheat,178,97,103,5.73,13.17,306.45,59.79,58.77,Loamy,0.49,7.59,17.16,Central,1034,Rabi,Sprinkler,320.67,1.6,9.65
maize,153,81,84,6.03,32.4,804.27,76.0,22.11,Loamy,1.4,4.83,9.4,North,2157,Rabi,Sprinkler,73.94,9.27,8.06
potato,48,48,128,5.07,32.29,1043.64,32.65,36.76,Clay,1.52,6.99,17.61,North,1344,Rabi,Canal,80.33,17.7,23.37
rice,131,55,65,6.0,37.59,2016.31,52.9,59.42,Silt,1.18,9.85,6.54,South,2100,Zaid,Rainfed,172.25,9.18,11.45
rice,165,36,85,8.17,39.49,1260.77,39.53,22.39,Loamy,1.25,4.21,1.73,Central,358,Rabi,Rainfed,107.73,23.3,8.35
cotton,106,41,99,6.15,21.53,1523.4,53.58,21.38,Loamy,1.25,4.24,16.62,Central,1717,Kharif,Sprinkler,278.35,5.85,6.68
sugarcane,70,35,125,7.08,21.32,1795.96,77.7,49.63,Sandy,0.46,10.5,16.61,West,794,Rabi,Canal,128.17,4.51,73.83
wheat,90,55,145,5.21,37.14,385.4,85.61,31.58,Sandy,0.36,9.74,7.0,West,144,Rabi,Drip,142.42,16.33,6.0
maize,55,45,32,7.94,35.82,1169.72,84.97,36.79,Sandy,1.21,4.02,12.22,South,78,Zaid,Sprinkler,134.8,22.88,9.07
potato,100,41,47,7.61,21.26,1367.13,37.13,46.28,Clay,0.35,10.54,5.37,South,910,Rabi,Rainfed,320.82,0.25,24.28
maize,132,51,142,6.11,12.29,954.18,48.09,33.95,Sandy,1.36,6.08,11.63,West,1025,Kharif,Sprinkler,298.7,20.24,10.88
cotton,99,80,86,5.98,27.44,1239.63,69.62,54.99,Sandy,1.07,7.15,2.09,North,525,Zaid,Sprinkler,216.48,13.24,8.5
rice,136,68,24,6.27,18.06,1532.98,42.21,63.45,Loamy,0.45,5.65,6.89,North,1660,Zaid,Drip,60.62,1.73,10.09
cotton,136,23,119,6.16,37.26,1771.02,33.09,61.65,Clay,1.16,5.24,7.59,Central,1061,Zaid,Sprinkler,155.22,16.54,10.15
potato,132,97,100,5.68,34.18,1026.31,87.22,42.27,Silt,1.09,4.86,6.29,North,631,Rabi,Rainfed,198.35,10.5,25.1
maize,48,56,63,8.17,37.03,2044.79,49.77,32.74,Loamy,0.79,8.88,9.34,Central,1700,Rabi,Rainfed,211.0,10.52,9.73
potato,97,50,138,7.56,12.43,2451.19,55.19,36.69,Loamy,1.36,4.1,12.19,East,1725,Zaid,Rainfed,131.56,2.2,24.96
sugarcane,99,24,65,5.71,35.94,633.33,46.35,31.51,Clay,0.7,6.72,9.5,West,1163,Kharif,Canal,243.69,17.07,74.4
cotton,142,73,87,8.14,27.79,1025.53,49.51,37.09,Clay,0.79,7.18,8.6,South,714,Kharif,Rainfed,115.4,2.72,4.96
maize,86,54,147,4.85,16.46,1165.58,87.84,15.65,Loamy,1.21,6.05,12.26,East,1116,Kharif,Canal,197.63,12.12,10.03
maize,90,68,68,6.29,19.04,563.3,41.51,17.76,Loamy,1.28,5.75,15.38,West,642,Rabi,Rainfed,171.41,20.77,8.39
rice,121,53,121,6.74,23.7,1828.35,59.7,53.57,Loamy,0.66,8.3,8.55,South,1865,Zaid,Rainfed,161.93,18.62,10.03
potato,59,21,96,4.93,28.83,826.72,68.29,31.74,Clay,0.32,9.8,9.04,East,9,Zaid,Rainfed,169.01,5.24,21.27
sugarcane,156,18,39,5.35,16.98,2567.39,43.46,54.72,Loamy,0.53,7.54,15.78,Central,1417,Rabi,Canal,189.51,20.51,75.76
sugarcane,144,29,130,5.68,16.21,644.9,72.94,39.0,Loamy,0.64,8.98,1.14,South,910,Rabi,Canal,131.21,22.03,75.26
cotton,35,90,134,7.25,36.76,2116.54,70.95,55.3,Silt,1.48,9.12,8.01,Central,1548,Kharif,Sprinkler,131.83,18.5,7.49
maize,47,62,31,8.0,35.36,1943.46,87.28,48.18,Sandy,1.46,10.35,1.38,North,14,Rabi,Rainfed,119.66,24.88,9.72
rice,39,20,98,6.92,33.0,1471.38,57.62,25.05,Sandy,1.16,9.13,7.4,Central,1999,Rabi,Sprinkler,252.96,1.93,9.64
wheat,121,87,138,6.71,32.83,1591.02,53.08,37.39,Sandy,1.22,5.9,5.41,West,1509,Zaid,Drip,134.11,1.85,9.6
maize,168,49,55,6.62,32.98,698.98,51.67,50.22,Sandy,1.11,5.33,10.47,West,152,Kharif,Canal,67.47,15.68,7.43
rice,106,86,27,5.99,37.72,372.09,51.86,31.53,Sandy,1.31,10.36,8.91,West,374,Zaid,Rainfed,186.5,8.23,7.92
maize,130,85,47,7.61,35.31,2657.97,32.26,24.67,Loamy,0.76,9.37,2.74,South,320,Zaid,Canal,203.49,10.98,11.0
sugarcane,113,82,135,6.64,21.66,389.59,44.17,41.99,Loamy,1.01,8.38,10.05,West,2107,Zaid,Drip,337.62,18.39,75.86
wheat,81,72,105,5.58,24.14,1739.66,37.2,28.68,Silt,1.17,10.64,12.79,West,61,Zaid,Canal,243.01,22.61,7.81
sugarcane,60,91,68,5.27,28.14,2333.7,82.84,44.72,Clay,0.91,8.71,1.95,South,2088,Zaid,Canal,90.68,5.95,74.38
potato,174,33,99,8.15,24.27,312.86,33.37,28.59,Silt,1.3,8.45,1.55,West,1180,Kharif,Rainfed,190.65,4.4,24.16
maize,139,76,24,4.86,18.91,1255.71,51.91,60.33,Clay,1.51,10.08,16.04,East,1282,Zaid,Sprinkler,277.21,18.78,9.93
cotton,122,85,65,7.97,35.83,1061.77,43.17,32.2,Clay,1.16,9.52,10.64,West,155,Rabi,Canal,300.03,21.23,7.14
rice,82,24,117,5.54,34.1,821.13,68.74,60.37,Silt,0.4,6.07,2.85,East,1366,Kharif,Drip,241.15,19.35,9.9
sugarcane,174,39,121,7.04,21.7,713.42,49.58,28.97,Loamy,1.09,7.5,13.21,West,2097,Zaid,Drip,319.94,3.2,75.37
maize,115,58,21,5.83,13.44,1242.29,31.0,45.22,Silt,1.21,8.6,15.56,North,1951,Rabi,Rainfed,214.63,18.98,10.36
potato,31,72,44,7.72,10.15,660.05,83.63,21.51,Sandy,0.67,5.65,17.44,East,1939,Zaid,Drip,170.4,10.97,21.11
maize,115,39,20,6.65,12.77,787.96,68.19,53.92,Silt,0.72,8.47,15.11,South,1688,Rabi,Canal,200.98,15.23,9.21
sugarcane,162,90,87,5.28,14.64,1667.76,30.08,25.01,Loamy,1.07,9.16,13.75,Central,9,Zaid,Rainfed,73.69,10.06,72.18
maize,33,54,88,5.72,29.73,899.14,70.78,58.2,Loamy,1.22,5.85,15.93,North,207,Kharif,Sprinkler,62.83,0.34,6.53
sugarcane,35,90,35,5.89,16.59,493.02,42.98,37.62,Clay,1.43,5.89,9.29,South,962,Rabi,Canal,235.02,24.91,74.23
cotton,178,84,37,7.81,29.04,2462.24,87.82,19.73,Clay,1.29,10.95,9.27,North,1690,Kharif,Canal,126.33,4.4,7.63
sugarcane,147,24,126,7.41,19.85,1383.43,56.69,33.18,Silt,0.47,6.56,12.49,West,414,Kharif,Rainfed,179.87,16.83,74.01
wheat,118,80,36,7.62,36.85,2375.11,43.39,53.99,Clay,0.75,4.2,15.88,South,1681,Zaid,Canal,259.25,5.54,9.35
cotton,43,39,144,4.98,24.07,429.4,31.81,18.81,Silt,0.49,5.19,4.55,Central,1492,Zaid,Rainfed,170.44,0.93,4.61
rice,85,85,101,6.77,30.19,1892.4,33.52,46.29,Clay,1.28,9.28,8.33,North,782,Kharif,Canal,252.6,24.72,9.26
cotton,110,25,23,8.2,23.83,2346.29,33.39,40.36,Loamy,0.65,8.72,13.83,Central,318,Zaid,Canal,183.52,0.16,6.49
potato,178,50,134,7.47,37.38,2040.9,31.89,30.49,Clay,0.46,9.84,5.81,North,1826,Kharif,Drip,68.6,15.44,23.01
rice,75,63,114,5.21,30.62,2407.81,62.91,52.78,Sandy,0.43,8.61,1.95,Central,1061,Zaid,Drip,304.53,18.5,10.25
sugarcane,173,62,114,7.11,29.26,580.57,80.8,17.62,Loamy,0.45,8.25,8.0,Central,650,Zaid,Sprinkler,287.82,14.14,74.78
cotton,45,21,50,7.33,27.77,728.34,50.76,39.88,Sandy,0.62,9.01,17.53,South,512,Zaid,Rainfed,237.23,19.21,6.86
wheat,149,91,35,6.55,39.66,698.11,50.92,40.34,Loamy,1.32,10.31,11.98,West,1079,Zaid,Sprinkler,203.57,4.27,8.16
rice,113,65,61,5.07,30.54,1886.46,36.24,19.32,Silt,0.61,9.05,14.22,West,989,Zaid,Drip,88.17,0.6,9.02
cotton,37,31,49,4.92,32.62,2793.27,30.07,21.8,Loamy,0.67,4.75,2.72,Central,668,Zaid,Sprinkler,255.15,13.37,8.36
sugarcane,117,46,45,7.99,12.45,1337.82,87.11,35.48,Clay,1.44,9.57,9.99,West,1126,Rabi,Sprinkler,60.0,10.85,72.18
cotton,160,40,50,5.68,34.43,2583.93,57.46,41.83,Sandy,0.88,10.88,15.9,East,1249,Zaid,Sprinkler,161.87,19.17,9.67
rice,48,36,69,6.09,27.9,2531.11,74.24,17.66,Loamy,0.96,4.02,15.96,East,1391,Zaid,Rainfed,212.88,1.52,7.48
maize,126,27,71,7.5,20.1,2329.86,82.09,15.59,Silt,0.3,7.44,17.65,Central,1228,Kharif,Sprinkler,269.62,1.34,10.87
cotton,95,26,57,7.14,27.45,1499.48,36.72,24.63,Sandy,0.41,4.25,15.02,Central,689,Zaid,Drip,166.01,8.4,7.16
rice,108,85,39,8.09,28.77,1095.49,45.76,39.39,Loamy,1.26,10.69,15.86,East,1766,Rabi,Rainfed,235.38,19.77,7.68
rice,115,15,118,5.12,17.81,440.03,60.12,17.01,Silt,0.73,10.71,4.49,East,1439,Rabi,Drip,78.51,11.72,7.55
cotton,153,47,63,7.2,23.11,1497.45,47.84,51.66,Loamy,0.49,8.41,1.44,East,1455,Zaid,Drip,266.49,19.67,8.12
potato,179,28,130,5.08,31.64,2484.05,33.2,22.6,Loamy,0.86,7.54,12.14,South,379,Kharif,Sprinkler,117.64,15.98,24.12
sugarcane,75,78,108,4.8,16.78,1502.59,83.57,53.63,Sandy,0.36,4.24,12.73,North,52,Rabi,Rainfed,61.49,10.72,73.37
sugarcane,142,57,82,5.21,35.08,304.07,44.99,25.24,Loamy,1.22,10.76,16.6,South,836,Rabi,Sprinkler,247.61,20.87,72.68
maize,120,72,137,6.9,12.33,2288.52,34.37,32.33,Sandy,0.4,10.8,10.47,East,1407,Rabi,Canal,78.0,16.65,9.48
maize,170,55,91,7.1,27.44,622.54,55.34,38.95,Sandy,0.37,9.2,8.21,North,1821,Zaid,Drip,190.87,10.5,8.97
maize,62,95,73,6.29,21.39,711.35,78.26,32.36,Clay,0.85,4.2,16.88,West,71,Rabi,Canal,308.85,2.79,9.77
wheat,162,82,67,4.96,11.6,884.44,40.11,16.18,Sandy,1.06,9.57,4.38,East,1271,Rabi,Canal,165.83,9.16,7.99
maize,106,53,120,6.96,33.23,785.78,56.21,60.43,Loamy,1.29,7.93,8.97,East,1933,Rabi,Drip,250.03,1.47,12.56
sugarcane,150,15,79,5.09,26.4,2091.64,41.13,29.32,Loamy,0.39,10.8,1.74,West,1098,Rabi,Drip,318.25,12.08,73.87
cotton,157,55,117,5.28,31.46,2651.71,79.09,21.8,Loamy,0.74,8.77,14.51,North,734,Rabi,Rainfed,272.56,1.37,9.19
potato,107,59,119,6.54,21.4,592.69,61.37,21.63,Loamy,0.65,10.69,11.6,East,1512,Kharif,Canal,211.67,19.26,23.41
cotton,96,93,118,5.96,35.79,1275.02,64.7,63.73,Sandy,1.27,4.73,5.93,North,1906,Zaid,Sprinkler,172.14,8.9,9.31
wheat,144,95,92,6.38,12.51,1803.56,74.85,21.15,Clay,0.78,9.29,10.17,South,346,Kharif,Drip,321.35,15.24,11.37
rice,92,27,138,6.96,17.0,1481.58,86.38,32.33,Sandy,1.12,10.18,12.68,Central,761,Zaid,Sprinkler,133.07,7.62,7.71
sugarcane,142,85,147,5.34,33.84,1172.81,36.35,18.38,Loamy,0.94,8.45,14.45,South,516,Zaid,Canal,224.06,22.06,73.65
maize,123,23,107,7.84,38.64,858.91,80.73,51.77,Sandy,1.04,7.79,2.75,Central,880,Rabi,Canal,303.71,12.29,10.39
potato,77,77,124,6.7,35.39,1682.14,58.45,44.84,Clay,0.78,9.43,4.27,East,861,Zaid,Canal,125.72,18.69,26.11
cotton,41,37,38,4.88,16.93,1570.68,68.43,41.68,Silt,0.61,9.98,9.89,South,893,Kharif,Canal,190.8,16.51,6.06
potato,174,68,99,6.94,20.46,2778.56,81.17,57.79,Clay,0.38,8.36,13.07,South,1676,Kharif,Sprinkler,290.79,17.53,27.3
wheat,69,61,45,6.37,32.96,1459.34,49.6,43.67,Clay,0.53,9.15,15.96,West,1452,Kharif,Sprinkler,200.21,12.92,8.05
sugarcane,114,53,140,7.19,38.39,2511.3,82.17,62.78,Silt,0.52,6.8,10.26,Central,1357,Rabi,Sprinkler,208.34,24.97,77.73
sugarcane,86,40,52,7.47,18.68,2660.66,67.89,46.14,Clay,1.52,6.44,6.18,Central,853,Kharif,Canal,196.15,2.53,76.76
potato,116,15,125,7.99,21.59,1120.85,46.74,32.72,Clay,1.52,5.43,15.58,East,400,Rabi,Rainfed,193.34,12.7,21.82
potato,113,28,49,8.19,10.69,1047.56,85.19,16.84,Sandy,0.63,8.38,17.33,West,210,Kharif,Drip,335.69,9.15,23.87
maize,150,88,145,6.67,25.13,2655.29,33.47,51.26,Clay,0.44,9.72,5.23,West,1780,Zaid,Rainfed,289.61,8.99,12.53
sugarcane,103,79,55,6.71,12.64,1744.53,65.43,33.68,Clay,0.67,8.64,11.24,Central,1269,Zaid,Drip,249.56,18.86,76.16
rice,136,83,144,4.88,12.57,779.88,31.01,44.96,Loamy,1.34,6.75,6.47,West,1507,Rabi,Sprinkler,232.79,0.18,9.11
wheat,153,81,143,7.74,32.84,939.11,34.9,58.82,Clay,1.43,10.91,15.61,North,2038,Zaid,Rainfed,69.9,9.63,7.77
potato,129,63,137,4.9,20.32,350.84,36.01,15.38,Sandy,0.95,4.04,7.95,East,758,Kharif,Drip,284.9,10.26,22.48
sugarcane,72,64,142,6.95,38.07,1105.11,83.66,52.98,Silt,1.0,6.17,16.54,South,2198,Rabi,Sprinkler,205.38,12.66,76.63
maize,148,72,56,5.14,31.48,1852.57,63.52,36.76,Loamy,0.9,10.78,9.07,Central,253,Rabi,Rainfed,349.12,9.87,12.32
maize,52,67,80,5.77,18.84,1079.35,45.6,21.2,Sandy,0.54,6.7,13.45,West,1957,Kharif,Canal,210.48,7.34,8.79
potato,66,71,115,5.28,30.46,871.28,53.44,44.12,Loamy,0.36,8.34,6.86,West,2151,Rabi,Drip,256.86,13.76,26.09
maize,163,32,139,5.27,35.97,446.82,80.28,41.63,Clay,1.11,5.68,9.96,West,118,Kharif,Drip,300.94,22.69,11.95
sugarcane,94,30,31,5.05,23.08,2416.58,64.21,57.12,Sandy,1.34,8.83,12.74,East,1995,Zaid,Drip,113.86,8.18,73.8
rice,163,16,141,5.88,26.85,1918.29,31.9,41.08,Loamy,1.27,8.54,4.24,South,1578,Zaid,Canal,220.03,2.64,10.52
wheat,51,27,54,6.24,16.52,2571.51,82.27,56.37,Sandy,1.47,8.32,3.96,West,1573,Kharif,Sprinkler,343.74,12.5,12.55
sugarcane,134,59,86,6.38,22.07,354.81,62.31,42.22,Loamy,1.36,6.63,2.48,South,2169,Kharif,Sprinkler,133.04,21.08,72.31
wheat,117,94,57,6.3,27.37,2604.84,41.77,37.35,Clay,0.67,10.69,6.99,South,1613,Rabi,Drip,341.21,3.44,11.22
cotton,154,86,43,6.58,28.46,1608.47,72.91,33.56,Silt,0.45,8.51,11.02,East,205,Kharif,Drip,306.76,21.22,8.25
sugarcane,108,57,100,7.72,31.6,638.18,62.03,23.68,Silt,0.86,4.65,2.84,West,1902,Rabi,Drip,292.06,17.82,74.73
potato,119,86,91,6.95,38.72,929.83,41.36,44.2,Sandy,0.75,9.15,3.55,West,1856,Zaid,Rainfed,102.88,13.97,23.09
wheat,80,68,98,4.86,35.16,662.42,69.01,42.21,Silt,1.25,6.24,14.38,South,1788,Kharif,Canal,99.08,11.19,4.98
wheat,131,88,133,5.39,35.55,865.91,68.48,63.79,Sandy,0.39,6.31,8.43,West,1247,Zaid,Rainfed,302.14,10.49,11.8
potato,135,45,64,5.99,26.73,956.7,87.28,35.62,Sandy,1.53,5.58,2.52,East,106,Rabi,Rainfed,243.09,18.15,26.99
cotton,89,90,144,8.03,14.33,1757.99,45.86,36.08,Clay,1.54,8.54,6.42,West,1738,Kharif,Drip,217.19,11.86,9.13
rice,75,23,115,5.07,29.06,953.38,62.9,23.19,Clay,0.41,10.69,8.86,West,264,Kharif,Sprinkler,333.67,16.35,7.22
cotton,65,87,32,7.21,22.19,1528.58,49.26,44.88,Loamy,0.86,9.73,5.02,West,451,Zaid,Sprinkler,103.08,0.92,6.32
rice,40,62,129,4.91,10.96,1905.21,47.89,57.39,Sandy,1.47,10.47,12.52,East,80,Kharif,Drip,334.18,23.51,10.54
cotton,41,32,25,6.03,15.85,2246.21,60.34,27.4,Loamy,0.54,10.52,14.72,South,1466,Rabi,Rainfed,219.74,11.29,8.94
sugarcane,68,25,116,7.42,32.77,2507.34,72.89,15.45,Loamy,1.2,4.01,14.17,South,1816,Zaid,Canal,101.91,22.85,74.15
rice,168,76,90,5.97,28.93,697.2,66.29,49.57,Clay,1.22,8.37,10.65,West,1120,Kharif,Rainfed,186.64,15.76,7.76
sugarcane,65,98,66,6.26,39.35,1910.49,37.04,16.57,Sandy,0.6,10.51,8.75,East,643,Kharif,Sprinkler,280.51,16.53,76.29
cotton,81,33,112,7.88,37.7,582.59,85.34,35.46,Clay,0.31,7.86,16.75,West,1002,Rabi,Canal,86.7,4.9,3.36
wheat,60,88,120,5.02,27.83,886.58,72.52,45.64,Sandy,1.16,8.76,2.95,East,1996,Zaid,Drip,327.07,1.77,9.22
potato,62,38,63,6.59,14.65,1725.1,64.76,34.3,Silt,1.1,7.06,9.69,East,1915,Rabi,Drip,127.58,5.43,23.79
potato,170,27,51,6.05,20.09,2668.33,38.65,28.03,Silt,1.14,9.96,6.46,South,1187,Rabi,Rainfed,60.72,13.38,24.94
rice,175,60,22,8.08,16.99,1821.65,38.09,54.96,Loamy,0.5,5.14,8.57,North,192,Zaid,Sprinkler,261.39,0.89,10.75
cotton,87,67,103,7.5,24.12,2489.74,47.61,30.05,Clay,1.08,4.64,11.88,North,582,Zaid,Canal,188.04,21.95,7.96
wheat,157,43,23,5.22,34.02,1979.43,85.39,24.0,Clay,1.0,6.61,10.83,Central,943,Rabi,Canal,141.98,10.6,6.89
sugarcane,60,50,107,7.95,34.66,2173.24,38.82,34.42,Sandy,0.89,4.55,13.13,Central,549,Zaid,Canal,218.74,12.12,74.72
sugarcane,84,85,125,5.52,15.34,853.68,69.28,21.58,Loamy,1.31,4.99,1.31,North,168,Kharif,Canal,132.19,3.6,72.36
cotton,39,31,124,5.09,26.47,1515.48,68.69,49.52,Clay,0.8,5.1,9.17,South,1981,Kharif,Sprinkler,61.87,21.47,5.26
maize,159,62,55,6.64,30.3,2311.02,35.52,50.5,Loamy,0.76,4.03,12.76,Central,884,Zaid,Canal,192.13,16.49,10.94
potato,44,91,77,7.3,21.9,1951.3,72.44,15.74,Clay,1.0,9.7,14.51,North,1806,Zaid,Rainfed,196.58,2.22,21.65
rice,32,38,27,7.23,37.16,377.86,58.57,49.74,Silt,1.53,10.25,2.94,South,561,Rabi,Rainfed,124.05,4.63,7.55
wheat,72,68,105,6.62,20.77,1970.25,60.05,29.95,Clay,0.75,4.28,6.39,Central,1651,Kharif,Rainfed,177.19,1.24,8.45
cotton,96,99,116,6.48,24.7,780.22,30.33,47.81,Clay,0.88,5.63,10.95,Central,30,Rabi,Canal,279.06,15.38,7.31
maize,85,15,78,8.1,27.61,2627.4,83.81,50.32,Silt,0.65,6.39,7.55,North,1290,Kharif,Canal,331.24,3.1,13.15
wheat,92,93,49,7.59,22.82,2622.82,66.62,28.89,Loamy,1.18,9.59,7.63,Central,2167,Kharif,Drip,272.77,12.11,9.0
cotton,44,81,120,7.18,38.91,2412.09,66.27,24.27,Loamy,0.77,5.63,3.75,South,124,Zaid,Sprinkler,172.74,17.69,9.21
maize,138,20,86,5.46,32.81,788.27,53.35,56.32,Loamy,1.2,6.79,4.72,North,1634,Rabi,Sprinkler,172.2,13.17,8.84
maize,145,92,112,7.59,34.87,585.35,72.11,51.96,Silt,0.49,10.82,5.78,South,1693,Kharif,Sprinkler,88.01,11.75,7.15
wheat,121,69,82,7.35,32.58,2527.05,79.98,56.86,Silt,0.64,9.79,13.2,Central,60,Zaid,Canal,94.44,2.44,8.9
rice,167,52,51,8.17,27.64,1506.56,59.7,36.79,Silt,0.57,4.7,8.06,South,1955,Zaid,Canal,325.21,12.89,10.29
potato,76,47,106,5.25,10.84,2493.09,62.7,37.82,Loamy,1.31,6.24,4.58,West,1686,Rabi,Sprinkler,332.23,1.8,27.52
cotton,86,22,70,7.23,32.94,2439.3,42.5,32.21,Loamy,0.42,8.04,2.07,East,1550,Zaid,Rainfed,227.07,0.35,7.66
sugarcane,79,93,82,8.13,28.38,2448.57,51.19,39.95,Loamy,0.63,8.78,10.54,Central,764,Zaid,Rainfed,123.74,21.25,73.51
potato,100,92,99,6.37,12.42,878.37,58.09,47.33,Loamy,0.96,8.51,4.49,West,805,Rabi,Drip,242.91,23.25,26.34
maize,172,34,106,7.29,13.56,1947.17,69.68,55.73,Sandy,0.41,4.59,11.03,East,1511,Zaid,Sprinkler,231.66,0.06,11.86
cotton,175,69,129,8.12,24.44,2647.16,85.9,24.16,Silt,0.31,10.95,10.27,North,1317,Zaid,Canal,311.12,16.09,10.28
maize,111,62,120,6.66,35.59,1138.06,38.22,35.27,Silt,1.2,5.28,6.72,East,2070,Rabi,Canal,191.56,5.79,9.31
potato,145,97,148,7.18,26.61,1948.4,61.74,38.06,Silt,1.1,5.23,4.98,North,58,Kharif,Sprinkler,113.21,11.61,24.06
wheat,134,70,38,4.87,37.59,1215.59,66.66,39.4,Loamy,0.31,5.69,8.42,West,1688,Kharif,Sprinkler,174.63,12.75,6.84
potato,117,24,120,6.57,34.47,960.68,79.53,42.1,Loamy,0.36,6.88,6.71,East,265,Rabi,Rainfed,153.7,12.59,25.71
cotton,31,66,113,5.67,28.92,2336.02,80.61,55.09,Sandy,0.59,6.25,6.67,Central,879,Rabi,Sprinkler,102.38,16.02,6.61
potato,133,64,100,5.25,19.4,772.82,69.64,59.31,Sandy,1.48,7.58,17.02,West,1227,Kharif,Rainfed,75.99,5.09,22.09
sugarcane,113,48,122,7.21,35.58,571.27,41.68,22.96,Loamy,1.15,10.38,11.04,East,1301,Zaid,Sprinkler,139.34,18.78,72.63
wheat,72,50,132,4.93,29.78,986.53,76.79,50.63,Loamy,1.35,4.28,12.23,South,1593,Rabi,Rainfed,165.48,5.54,7.81
wheat,100,75,32,7.88,26.58,1417.97,64.71,38.96,Loamy,1.29,6.71,4.29,South,1694,Rabi,Rainfed,329.57,22.37,10.36
sugarcane,123,30,137,6.56,25.02,2299.48,87.68,35.89,Silt,1.58,10.9,7.8,North,417,Zaid,Canal,145.39,1.89,75.23
maize,71,93,105,7.0,16.38,883.07,87.19,20.67,Sandy,1.54,5.74,5.39,West,157,Zaid,Drip,291.24,1.86,11.9
cotton,162,32,42,5.66,10.47,2567.94,63.1,18.21,Silt,0.39,9.73,16.74,South,1269,Rabi,Rainfed,273.64,2.2,7.09
sugarcane,168,85,126,5.42,31.5,1674.62,86.6,63.89,Clay,0.33,6.74,8.8,East,593,Kharif,Sprinkler,187.99,16.64,76.3
potato,94,61,31,5.63,37.59,2083.28,31.54,47.12,Clay,0.95,10.37,16.55,Central,219,Zaid,Drip,213.71,2.62,24.48
wheat,63,46,97,5.59,15.51,927.86,84.93,37.62,Clay,0.65,8.46,9.54,North,465,Rabi,Drip,197.64,4.77,8.26
rice,149,57,86,7.74,38.04,2407.45,87.87,53.09,Clay,0.96,10.25,17.57,East,448,Zaid,Sprinkler,218.27,8.17,12.19
wheat,30,97,127,7.48,12.16,378.16,88.74,19.56,Silt,0.42,8.44,12.73,North,1721,Kharif,Sprinkler,207.19,16.52,5.79
maize,159,54,63,7.7,26.57,828.2,76.68,45.37,Clay,1.48,10.23,10.88,South,705,Kharif,Drip,190.99,15.53,8.93
sugarcane,177,79,26,7.3,13.47,2249.87,40.84,48.03,Loamy,1.31,10.33,12.05,West,388,Kharif,Sprinkler,293.87,21.98,77.27
cotton,90,49,147,6.99,36.67,462.14,88.48,37.6,Clay,1.02,6.1,2.7,Central,134,Rabi,Drip,246.08,3.54,6.98
potato,178,83,116,6.59,13.1,1782.66,55.68,27.63,Loamy,0.9,9.87,11.64,South,1500,Zaid,Canal,171.43,4.15,25.79
potato,117,64,30,5.7,17.53,2107.49,58.27,62.73,Silt,0.91,9.88,6.14,West,1243,Zaid,Canal,224.2,5.89,27.19
potato,97,26,125,7.2,34.18,1732.31,30.91,30.06,Sandy,1.1,8.94,14.17,Central,486,Rabi,Rainfed,138.4,7.6,24.19
maize,156,90,102,5.26,30.65,553.45,50.6,21.24,Sandy,1.01,5.69,7.83,West,845,Zaid,Rainfed,60.69,17.76,5.74
maize,169,99,55,6.54,21.64,1795.98,45.43,46.52,Clay,0.93,4.75,15.83,South,1011,Zaid,Drip,308.43,12.93,11.66
wheat,51,72,137,5.46,35.1,1828.21,56.99,43.72,Sandy,1.18,8.33,7.19,Central,664,Kharif,Drip,278.22,13.37,8.7
potato,177,97,60,6.52,29.07,1513.01,46.15,52.74,Loamy,1.29,8.58,5.82,East,1823,Kharif,Drip,68.6,7.22,23.67
maize,111,77,111,5.8,17.79,1211.19,56.84,52.69,Clay,1.14,10.79,9.59,South,93,Rabi,Canal,88.54,18.54,10.57
rice,158,87,68,4.98,32.21,908.91,38.85,46.01,Clay,0.81,6.79,8.79,North,1386,Rabi,Sprinkler,291.71,11.56,9.38
sugarcane,59,63,72,6.51,19.99,491.83,87.12,25.38,Loamy,0.84,9.06,1.96,Central,50,Rabi,Drip,270.81,11.73,73.56
wheat,155,50,126,5.42,34.47,388.03,69.85,59.36,Loamy,0.43,10.15,14.06,West,2093,Rabi,Drip,140.72,6.0,8.68
potato,126,68,52,5.35,33.45,2278.7,89.31,27.41,Silt,0.84,9.59,7.65,South,933,Kharif,Sprinkler,100.31,7.22,24.68
cotton,53,61,138,6.11,19.26,1613.81,30.29,19.7,Loamy,1.32,6.83,8.8,West,227,Kharif,Sprinkler,103.1,13.32,4.55
wheat,43,46,51,6.03,13.11,669.3,80.15,30.07,Silt,0.39,5.68,13.08,East,899,Zaid,Canal,293.53,1.54,8.36
wheat,65,67,137,7.75,34.62,535.9,35.06,39.16,Clay,0.53,4.22,1.82,West,87,Kharif,Rainfed,329.96,23.5,9.74
potato,53,46,81,6.72,20.93,527.66,76.43,25.36,Sandy,1.4,9.31,5.28,South,328,Rabi,Drip,233.41,13.6,23.19
wheat,124,76,101,7.71,19.76,660.67,85.35,31.68,Sandy,1.04,6.69,4.75,Central,1760,Kharif,Canal,145.98,15.91,6.47
cotton,84,51,149,5.3,10.55,371.31,38.44,40.68,Silt,1.17,7.51,9.96,South,572,Rabi,Sprinkler,343.73,0.69,7.82
cotton,53,52,96,6.01,31.78,2212.6,87.37,31.15,Sandy,0.72,10.88,15.54,North,1756,Zaid,Canal,151.17,1.05,7.75
rice,55,44,35,6.69,18.22,1217.0,56.18,19.47,Sandy,0.94,4.03,9.11,North,56,Zaid,Sprinkler,261.81,24.05,9.21
cotton,109,72,142,5.32,23.08,1019.26,50.65,24.86,Clay,1.29,5.93,6.22,West,2094,Zaid,Drip,327.1,3.94,5.4
potato,94,46,27,5.24,36.99,1452.51,77.75,54.71,Silt,1.44,10.87,2.74,West,373,Rabi,Rainfed,271.9,4.03,24.22
sugarcane,104,80,86,7.05,13.76,1076.9,81.18,62.72,Loamy,1.57,7.42,1.05,South,732,Kharif,Sprinkler,325.83,22.08,77.15
maize,72,65,134,7.02,11.14,2043.11,80.19,22.42,Sandy,1.41,10.56,5.81,West,1661,Rabi,Rainfed,131.46,19.91,7.93
cotton,58,25,132,5.6,26.82,1043.85,67.44,49.05,Clay,0.39,9.96,8.89,West,447,Kharif,Canal,159.59,16.37,6.8
wheat,110,73,51,5.57,31.0,1851.89,47.77,60.28,Clay,0.75,8.98,7.06,West,1059,Kharif,Rainfed,256.35,17.51,9.13
sugarcane,83,34,124,7.33,25.85,1235.73,46.59,29.96,Sandy,1.27,9.0,8.81,Central,461,Kharif,Sprinkler,201.84,0.55,74.79
sugarcane,68,51,44,5.2,20.19,1322.93,43.72,56.47,Loamy,0.84,4.03,8.48,North,1537,Zaid,Sprinkler,113.14,17.08,74.34
wheat,71,87,72,7.94,20.84,2257.62,38.79,60.25,Loamy,0.87,6.08,8.65,Central,1606,Rabi,Drip,278.24,5.71,11.07
rice,58,63,100,8.01,14.49,1596.57,53.55,29.97,Silt,1.33,7.09,12.4,South,1502,Rabi,Drip,159.33,5.67,5.6
potato,160,33,44,7.76,19.35,1313.8,81.36,17.84,Silt,1.38,7.64,7.32,East,1672,Rabi,Drip,320.72,10.87,24.18
cotton,167,69,52,5.52,32.77,1120.0,89.77,60.84,Silt,1.33,7.11,14.94,North,1941,Rabi,Canal,273.03,10.54,8.64
potato,171,54,50,4.86,24.97,1938.94,71.62,31.52,Clay,0.76,7.06,14.62,South,1277,Rabi,Sprinkler,157.2,13.25,23.28
cotton,71,21,55,7.98,36.72,1866.74,39.37,15.69,Loamy,0.6,10.04,4.94,West,106,Rabi,Drip,201.12,18.21,8.08
rice,123,19,106,5.97,15.04,508.3,70.41,38.75,Silt,0.77,10.79,2.92,East,1788,Kharif,Canal,332.49,22.48,11.15
rice,61,56,142,5.86,23.27,1986.66,46.52,20.79,Clay,1.21,9.93,16.38,East,91,Kharif,Sprinkler,229.71,11.29,9.9
wheat,55,62,63,5.69,31.05,1430.26,73.06,60.09,Loamy,0.77,8.84,3.91,East,892,Zaid,Drip,279.01,14.88,8.38
cotton,144,21,67,5.63,18.17,2734.94,44.18,22.75,Sandy,0.37,9.15,12.02,Central,1551,Zaid,Sprinkler,337.67,12.36,9.18
maize,158,25,32,7.3,18.01,1471.08,39.84,30.22,Silt,1.34,9.16,15.72,South,400,Kharif,Drip,285.13,0.06,8.68
cotton,85,87,110,7.89,13.17,2658.37,68.07,54.52,Silt,0.38,9.6,1.09,Central,1483,Rabi,Drip,72.03,20.66,8.02
sugarcane,151,63,85,7.47,36.79,2309.73,71.11,55.32,Loamy,1.59,4.39,5.53,Central,899,Zaid,Sprinkler,134.35,18.4,75.7
cotton,135,44,47,7.09,15.18,2719.4,41.09,60.06,Sandy,1.42,4.52,5.9,North,660,Rabi,Canal,140.93,23.99,9.56
maize,159,55,144,5.78,39.1,814.75,60.72,39.87,Sandy,1.54,4.68,12.73,Central,75,Kharif,Sprinkler,213.06,9.31,10.46
sugarcane,110,17,99,6.66,23.47,1130.8,82.84,64.34,Clay,1.38,10.38,11.97,West,1374,Kharif,Rainfed,164.8,20.5,73.65
potato,149,54,91,5.61,39.45,1770.89,71.09,40.81,Silt,0.43,8.35,10.4,East,1676,Rabi,Canal,238.43,18.19,26.06
maize,81,65,63,5.18,11.21,543.4,70.55,54.54,Sandy,0.84,7.19,16.52,South,1247,Zaid,Canal,327.2,2.92,9.57
potato,120,98,138,5.21,27.01,2078.54,73.41,33.1,Clay,1.48,9.39,17.78,Central,2104,Zaid,Sprinkler,274.43,24.26,24.62
potato,166,46,65,6.85,30.73,972.81,51.0,62.06,Silt,0.42,5.54,2.15,South,1593,Zaid,Drip,61.48,3.83,24.13
wheat,51,62,103,4.93,25.49,673.61,42.36,49.25,Silt,0.7,9.64,15.82,North,93,Rabi,Rainfed,334.76,20.76,8.03
sugarcane,63,85,45,8.11,27.1,447.36,74.01,18.85,Silt,0.91,6.42,4.63,East,94,Rabi,Sprinkler,113.45,11.84,72.43
rice,139,85,115,8.18,26.15,1337.58,78.72,20.43,Silt,0.88,8.44,3.62,North,1691,Kharif,Canal,162.4,15.02,9.2
rice,78,34,32,5.31,14.48,618.22,83.75,59.54,Sandy,1.53,10.91,14.28,Central,1085,Zaid,Canal,79.39,12.9,7.14
maize,158,49,144,6.25,25.96,1547.58,77.71,55.48,Sandy,0.81,4.5,11.76,South,1042,Zaid,Canal,110.57,1.68,11.28
sugarcane,102,38,88,7.41,26.25,1322.62,50.77,31.5,Sandy,0.61,10.7,2.02,North,1711,Rabi,Sprinkler,333.38,23.68,75.92
potato,113,54,70,8.05,20.67,2477.15,58.02,41.08,Loamy,0.88,9.37,4.66,East,1608,Rabi,Canal,232.2,21.83,25.08
wheat,82,91,32,7.83,28.22,482.35,76.79,57.64,Loamy,0.81,7.12,13.1,Central,1590,Kharif,Sprinkler,127.79,14.66,7.97
sugarcane,129,66,79,5.67,22.36,2449.33,62.26,20.17,Silt,1.11,4.72,1.18,Central,56,Rabi,Drip,114.31,12.26,76.11
cotton,153,53,51,5.09,32.65,2087.47,63.43,21.91,Sandy,1.59,4.78,5.84,East,482,Zaid,Rainfed,308.34,8.32,9.19
wheat,74,82,37,5.78,11.15,1915.04,86.55,50.78,Clay,1.02,8.08,8.67,North,1705,Zaid,Drip,96.35,4.37,10.21
wheat,166,75,112,6.29,10.3,2738.17,87.46,19.11,Sandy,0.9,7.68,16.51,South,276,Kharif,Drip,160.96,19.56,9.13
cotton,134,90,63,6.02,25.72,422.98,75.67,32.63,Clay,1.07,7.75,15.46,East,1474,Kharif,Rainfed,174.3,12.92,6.29
cotton,179,95,56,7.43,39.68,1526.32,78.57,27.59,Silt,1.57,5.95,4.69,North,2000,Kharif,Rainfed,81.61,16.96,5.51
wheat,175,79,146,5.68,23.36,2123.17,45.87,53.01,Silt,1.11,4.64,6.2,West,1728,Kharif,Rainfed,179.63,7.38,10.7
sugarcane,135,76,38,7.72,10.36,1636.07,65.63,15.12,Silt,0.46,9.6,9.81,North,1569,Zaid,Rainfed,287.55,22.28,75.57
cotton,72,95,51,5.57,19.51,1101.15,58.68,20.77,Sandy,1.49,5.55,8.42,North,1647,Zaid,Rainfed,286.51,24.45,5.72
potato,163,16,125,6.03,24.02,365.51,32.46,19.95,Sandy,1.07,8.52,14.08,West,1950,Kharif,Rainfed,115.43,16.52,21.53
rice,77,20,41,6.32,37.03,1930.24,83.01,30.9,Clay,0.51,6.55,17.17,East,300,Kharif,Sprinkler,279.9,21.36,9.48
rice,155,89,141,5.79,13.64,2463.81,47.74,26.62,Clay,0.6,8.44,11.57,East,463,Zaid,Sprinkler,139.69,5.86,11.3
cotton,36,57,148,7.41,37.73,2095.84,85.91,26.41,Loamy,0.46,9.39,2.91,North,854,Zaid,Canal,269.84,24.31,9.68
sugarcane,45,96,73,6.19,38.2,427.71,68.19,33.52,Silt,1.55,5.36,8.51,West,1331,Zaid,Rainfed,264.48,5.68,74.68
cotton,158,54,77,7.82,29.23,2052.51,78.78,25.7,Clay,0.39,4.1,10.3,South,1998,Kharif,Canal,303.55,5.71,8.15
wheat,144,53,89,8.08,16.76,2143.79,57.53,20.31,Sandy,1.29,5.95,17.24,North,190,Kharif,Drip,346.5,23.01,9.36
rice,66,42,82,7.72,26.1,1958.32,41.24,44.16,Clay,0.74,10.73,6.87,South,1763,Rabi,Sprinkler,87.95,7.13,8.88
sugarcane,154,94,22,6.58,34.5,1772.44,82.48,62.59,Loamy,0.41,5.28,12.38,Central,1450,Kharif,Canal,134.09,9.1,77.38
potato,110,77,118,6.53,20.74,2053.58,76.96,45.36,Sandy,0.86,7.31,1.19,East,256,Zaid,Canal,239.88,21.33,27.47
wheat,91,78,64,5.53,37.16,1740.38,75.27,52.85,Sandy,0.3,6.61,8.42,North,2013,Zaid,Canal,217.94,21.44,8.0
cotton,101,26,36,6.81,12.61,1497.77,42.77,63.61,Sandy,1.36,6.17,1.69,North,973,Kharif,Rainfed,301.8,2.09,8.51
sugarcane,154,55,24,8.04,19.22,1640.94,61.3,22.66,Clay,1.0,9.12,5.03,West,955,Rabi,Drip,89.43,8.0,73.08
rice,95,43,30,5.07,39.8,480.18,49.36,37.99,Silt,0.89,9.05,8.98,West,1181,Zaid,Drip,201.56,6.03,6.57
potato,59,37,111,7.36,27.52,1613.86,66.77,44.09,Silt,1.38,9.46,10.88,Central,1785,Rabi,Drip,161.3,22.45,24.43
sugarcane,49,99,58,7.76,27.71,2059.02,61.95,31.11,Silt,0.98,6.37,15.9,West,1612,Rabi,Drip,81.2,7.41,73.26
cotton,111,94,61,8.15,17.2,1534.3,40.64,45.66,Silt,1.07,6.51,4.14,South,1455,Rabi,Sprinkler,276.26,5.94,7.42
maize,136,65,113,5.94,35.73,1692.44,67.42,46.19,Silt,1.36,7.83,6.25,West,677,Rabi,Drip,196.26,7.35,10.84
rice,161,59,24,6.01,22.87,2210.09,32.29,57.11,Sandy,1.24,4.03,10.47,West,1487,Kharif,Sprinkler,79.76,21.9,10.69
potato,66,36,71,5.58,33.81,653.38,34.24,56.63,Sandy,1.16,10.68,4.62,North,1848,Rabi,Drip,62.31,4.76,21.81
maize,161,24,63,7.48,34.32,2174.66,40.97,22.13,Clay,1.22,5.64,16.43,West,155,Zaid,Sprinkler,66.86,4.61,6.0
potato,106,21,134,5.28,15.25,1233.93,64.73,23.44,Sandy,0.64,5.21,15.86,North,331,Zaid,Canal,174.2,20.95,24.03
rice,118,87,146,5.71,25.05,2263.91,75.57,26.12,Clay,0.45,8.46,16.08,South,523,Rabi,Drip,322.8,4.3,11.25
sugarcane,175,29,135,5.8,21.52,849.18,76.95,28.06,Clay,1.11,9.94,13.24,Central,1984,Zaid,Rainfed,133.37,12.57,74.44
potato,117,91,87,6.07,14.65,2285.28,46.6,43.22,Loamy,0.59,8.49,17.94,Central,197,Kharif,Rainfed,98.62,12.09,24.61
cotton,62,60,66,6.23,13.7,2278.74,53.05,31.37,Sandy,0.36,8.4,15.05,North,2175,Rabi,Sprinkler,228.43,0.27,9.91
wheat,87,99,146,6.7,11.37,1103.17,44.03,62.65,Clay,0.63,7.42,9.43,Central,47,Zaid,Canal,197.23,15.21,9.14
potato,57,75,54,8.02,31.06,2290.06,32.18,20.92,Silt,1.24,10.23,13.56,West,75,Rabi,Drip,265.43,16.79,24.2
wheat,64,75,26,5.64,33.46,609.73,59.7,27.32,Silt,1.22,10.77,2.63,East,1114,Kharif,Drip,167.67,5.05,7.3
cotton,154,65,135,7.45,24.14,2323.62,62.7,58.42,Loamy,1.47,8.17,16.61,East,109,Kharif,Drip,129.06,14.44,9.01
rice,167,52,71,7.1,26.92,666.17,86.11,44.22,Clay,1.18,4.55,17.73,East,176,Zaid,Rainfed,277.3,3.6,9.77
cotton,94,26,129,5.19,17.86,2763.93,72.71,42.37,Sandy,0.87,4.71,15.57,East,1735,Rabi,Sprinkler,203.16,18.52,7.37
maize,71,91,65,7.56,31.44,1768.37,86.06,44.72,Silt,0.64,6.93,1.61,West,522,Kharif,Canal,300.71,13.39,11.52
sugarcane,114,80,42,5.11,27.52,2254.24,46.77,27.61,Silt,1.29,7.45,3.81,South,1877,Rabi,Sprinkler,70.38,10.27,74.26
maize,166,68,146,7.31,36.47,1708.54,73.48,53.07,Loamy,0.84,8.48,2.79,South,1,Zaid,Rainfed,90.48,24.04,10.83
maize,140,53,28,7.23,32.38,1747.01,65.9,39.83,Silt,1.36,10.95,8.24,Central,492,Rabi,Rainfed,171.7,23.83,11.34
potato,44,90,72,7.14,10.57,1507.16,47.81,17.13,Clay,1.41,8.95,1.65,West,2074,Rabi,Sprinkler,155.3,0.95,23.01
rice,98,53,67,5.74,34.3,645.68,42.67,23.86,Loamy,0.76,10.11,17.04,Central,1432,Kharif,Rainfed,73.87,7.46,6.3
cotton,134,92,142,6.75,10.81,979.86,47.46,55.83,Silt,0.75,10.6,10.95,Central,1325,Rabi,Canal,138.61,6.01,7.03
sugarcane,179,44,101,7.39,34.42,2639.62,88.78,32.25,Sandy,1.49,5.37,10.65,South,1017,Kharif,Rainfed,199.38,23.83,76.51
rice,93,62,128,6.97,39.62,1231.6,31.39,53.67,Clay,0.82,6.34,8.58,East,2137,Zaid,Canal,265.3,4.6,9.34
cotton,70,97,26,7.53,24.43,440.6,84.29,48.17,Silt,1.22,8.82,6.74,North,1246,Zaid,Rainfed,130.8,1.37,4.88
wheat,100,45,118,7.14,16.81,2293.42,76.3,30.07,Sandy,0.79,8.57,9.23,West,1847,Rabi,Canal,293.94,5.05,9.52
wheat,85,39,50,5.73,10.29,2083.24,62.62,21.35,Clay,1.25,6.96,9.8,East,523,Zaid,Drip,306.99,18.81,9.69
rice,54,82,121,5.32,14.51,1068.75,81.49,55.35,Silt,0.53,9.98,12.83,Central,1469,Zaid,Sprinkler,134.96,12.85,6.86
rice,134,65,75,6.95,25.11,1227.85,33.12,47.15,Loamy,1.39,10.87,3.81,North,1929,Zaid,Drip,176.98,24.18,11.35
maize,163,27,118,7.38,34.2,1528.11,62.65,30.04,Sandy,1.58,6.79,10.78,East,921,Kharif,Drip,340.0,20.29,13.34
sugarcane,148,77,24,5.28,36.14,656.63,47.13,41.16,Silt,1.3,6.43,10.85,South,8,Zaid,Rainfed,236.25,4.93,73.94
sugarcane,38,56,49,5.39,30.51,2780.71,30.59,45.6,Loamy,0.77,6.02,7.24,West,280,Kharif,Drip,183.12,9.44,75.51
cotton,89,68,41,4.84,12.6,1244.97,67.14,15.11,Clay,1.02,7.93,17.39,South,977,Kharif,Canal,253.12,20.38,6.53
cotton,154,81,46,6.61,39.74,2444.5,69.47,48.53,Clay,1.17,8.29,13.67,Central,1258,Zaid,Rainfed,174.51,18.4,9.93
cotton,78,94,146,6.64,32.41,2370.91,65.45,47.8,Sandy,0.55,5.27,13.08,Central,1787,Rabi,Sprinkler,347.57,8.26,10.3
wheat,80,70,42,6.5,22.79,962.88,53.43,19.13,Sandy,0.67,5.97,15.84,East,107,Rabi,Rainfed,69.0,14.75,6.2
maize,99,33,94,5.87,34.41,498.04,78.26,54.39,Clay,1.34,4.84,6.76,Central,245,Rabi,Sprinkler,99.9,14.61,8.3
rice,66,60,136,6.25,27.66,1419.39,50.59,56.25,Loamy,1.53,10.33,4.62,North,700,Zaid,Canal,284.2,21.97,11.23
cotton,60,29,27,7.41,28.08,847.13,66.24,29.51,Clay,0.65,8.54,8.45,North,922,Rabi,Drip,295.92,0.53,6.76
cotton,91,46,120,5.42,39.14,1248.09,89.76,23.11,Silt,0.49,7.89,11.16,Central,85,Rabi,Canal,215.08,6.47,6.04
maize,122,63,24,5.49,34.03,2596.92,80.75,49.32,Silt,1.58,10.47,10.48,East,2064,Rabi,Sprinkler,145.45,17.78,9.82
sugarcane,43,35,105,7.07,17.86,1762.55,68.66,21.17,Loamy,0.72,10.88,4.75,North,779,Kharif,Drip,265.71,16.19,74.87
cotton,108,79,149,7.75,15.25,1355.91,70.45,57.9,Silt,1.31,4.17,5.57,West,2057,Rabi,Drip,112.3,8.54,8.21
sugarcane,37,84,31,5.96,15.17,1783.92,80.46,39.01,Silt,0.79,9.53,16.74,East,748,Zaid,Canal,129.21,21.48,74.0
sugarcane,65,41,66,7.97,23.64,561.23,40.55,60.49,Sandy,1.53,7.77,2.38,East,717,Kharif,Sprinkler,289.22,18.38,76.45
cotton,77,37,45,5.0,21.66,2200.95,36.61,47.11,Silt,1.08,4.02,9.57,North,1663,Rabi,Rainfed,261.65,14.98,6.01
sugarcane,114,61,121,5.2,23.58,1715.69,43.25,29.25,Loamy,0.84,7.01,9.07,Central,450,Zaid,Canal,217.37,6.14,73.91
cotton,57,26,139,6.36,11.88,2724.97,74.67,38.4,Clay,0.53,9.42,7.52,South,263,Kharif,Sprinkler,109.83,7.45,8.44
rice,80,99,89,7.26,16.06,1285.72,76.18,41.47,Loamy,0.63,9.2,14.32,West,1637,Kharif,Rainfed,304.29,16.15,10.62
maize,133,80,21,6.06,33.93,767.47,31.69,55.76,Sandy,1.41,10.49,16.68,South,1780,Kharif,Canal,80.81,24.12,9.95
cotton,130,19,45,6.69,32.73,748.57,33.6,58.09,Loamy,0.37,8.35,17.95,East,1988,Zaid,Canal,250.78,21.34,7.25
cotton,58,23,33,4.9,21.8,2443.43,88.89,49.15,Clay,0.5,5.58,3.09,North,289,Rabi,Sprinkler,277.2,5.22,8.79
cotton,156,34,101,6.37,21.71,1451.98,59.53,29.71,Clay,0.55,9.08,1.73,Central,832,Zaid,Canal,144.17,18.7,6.21
sugarcane,111,96,121,5.62,36.51,1029.46,62.15,41.43,Loamy,0.39,10.87,5.68,East,76,Rabi,Drip,283.94,23.42,75.63
potato,39,77,51,6.56,15.46,2271.3,66.73,21.53,Clay,1.19,10.2,12.6,West,665,Rabi,Rainfed,67.68,2.46,25.89
rice,135,86,81,6.59,20.72,2142.87,87.87,26.51,Sandy,1.58,4.01,7.88,East,1577,Kharif,Canal,330.88,17.0,11.89
rice,30,87,134,7.36,32.9,2575.76,39.57,30.15,Loamy,0.48,7.02,8.92,West,161,Zaid,Sprinkler,170.32,2.12,8.99
wheat,68,85,49,6.64,27.24,2465.29,67.98,18.64,Silt,1.34,5.46,17.99,Central,1970,Zaid,Rainfed,303.21,0.12,11.31
rice,50,44,50,6.89,11.81,544.5,34.55,59.25,Loamy,0.53,7.45,9.35,West,805,Zaid,Sprinkler,152.45,24.39,8.42
wheat,94,96,56,6.6,10.35,729.27,60.81,21.13,Silt,1.57,6.74,16.56,West,411,Zaid,Rainfed,265.0,5.23,7.0
maize,44,30,121,8.17,10.57,1451.72,56.42,49.84,Silt,0.96,7.93,8.0,North,585,Kharif,Canal,224.72,19.99,11.15
wheat,161,99,147,7.49,29.68,2536.86,46.09,40.28,Loamy,1.4,9.78,8.48,Central,1363,Rabi,Canal,190.1,13.95,9.0
wheat,90,19,105,7.37,28.67,2165.6,56.43,56.59,Clay,0.52,8.5,14.12,East,484,Kharif,Sprinkler,347.58,15.75,12.36
rice,177,43,78,6.93,11.34,625.55,71.9,52.05,Silt,1.45,6.51,16.32,East,1852,Zaid,Sprinkler,291.32,3.79,8.72
potato,167,61,47,6.6,13.96,774.24,80.46,52.99,Silt,0.41,6.37,14.82,Central,2148,Rabi,Rainfed,97.54,18.93,24.17
wheat,116,36,141,5.97,31.68,1460.31,77.09,35.92,Loamy,0.33,5.47,9.01,South,90,Rabi,Sprinkler,343.05,8.46,11.11
rice,134,92,80,7.47,19.29,2020.98,65.09,56.7,Silt,1.22,7.61,12.87,Central,1387,Zaid,Sprinkler,196.07,15.08,9.79
potato,63,71,35,5.44,39.75,788.51,83.82,19.74,Loamy,0.44,9.68,5.48,Central,464,Kharif,Rainfed,244.71,9.97,23.45
cotton,153,97,88,4.92,19.37,508.45,71.63,37.22,Silt,1.43,4.01,2.31,West,705,Zaid,Rainfed,94.29,4.48,4.65
rice,139,49,63,7.17,20.07,346.31,80.3,64.73,Silt,1.11,8.96,3.69,West,1728,Rabi,Rainfed,346.35,3.39,9.51
cotton,62,74,132,5.29,22.58,626.45,53.89,62.41,Loamy,0.73,7.55,1.41,West,41,Rabi,Canal,198.14,9.82,6.2
potato,127,84,38,7.87,34.83,1324.81,71.9,19.11,Loamy,0.66,10.02,8.56,East,556,Kharif,Sprinkler,193.53,0.18,24.55
wheat,90,74,103,7.42,26.72,2461.41,34.47,43.65,Sandy,0.41,7.58,12.15,North,654,Zaid,Canal,146.85,24.1,10.51
wheat,39,72,112,6.85,35.72,401.66,87.43,30.78,Clay,1.19,10.15,1.57,South,465,Zaid,Canal,172.15,7.17,7.87
wheat,113,17,119,5.87,22.82,1999.38,67.76,51.42,Sandy,1.49,9.18,1.88,West,1623,Rabi,Drip,281.82,16.89,12.49
sugarcane,94,48,58,6.97,28.25,634.93,81.4,51.79,Loamy,1.28,7.4,9.85,South,736,Rabi,Sprinkler,87.03,14.31,74.79
maize,106,59,86,6.42,10.14,1529.03,59.12,15.0,Silt,1.11,6.09,16.97,South,2026,Rabi,Canal,140.73,18.27,10.9
potato,30,64,92,5.79,27.27,1018.57,31.85,57.29,Clay,0.45,10.82,3.4,North,1719,Kharif,Canal,159.43,20.72,25.63
potato,162,16,69,8.01,12.42,2396.27,59.52,26.18,Loamy,1.38,5.46,12.53,North,953,Kharif,Canal,132.82,21.91,25.9
rice,109,29,72,5.35,15.79,1960.54,73.55,63.3,Sandy,1.55,9.45,12.13,East,1007,Zaid,Sprinkler,121.97,16.76,7.95
maize,44,51,65,7.36,39.93,1042.13,33.92,60.27,Silt,0.64,8.79,6.2,Central,2142,Kharif,Rainfed,349.67,9.7,12.49
wheat,57,29,71,7.52,29.12,1558.07,36.02,24.53,Silt,0.85,6.87,2.29,North,83,Rabi,Drip,296.69,12.35,7.93
potato,52,74,143,8.04,36.08,2191.7,33.26,46.82,Loamy,0.32,9.03,11.36,West,844,Kharif,Drip,123.24,9.17,26.3
rice,138,99,24,6.67,11.72,2467.38,37.19,29.82,Silt,1.38,4.91,8.54,Central,386,Rabi,Rainfed,319.81,23.76,10.31
rice,136,78,93,6.62,21.54,1848.97,66.86,20.15,Sandy,0.33,5.69,6.3,South,676,Rabi,Rainfed,174.31,8.01,11.85
wheat,174,95,114,7.93,35.87,1836.44,82.46,58.7,Silt,0.93,9.03,14.26,East,563,Kharif,Canal,83.1,6.62,8.43
maize,142,66,94,7.52,22.32,557.41,58.26,24.04,Sandy,1.05,4.9,7.88,Central,1328,Kharif,Sprinkler,232.59,13.72,10.59
cotton,127,37,135,7.4,17.61,1603.24,78.53,36.05,Silt,0.37,10.34,11.49,North,1094,Zaid,Drip,213.95,2.38,7.53
maize,170,51,149,7.48,24.43,2338.16,53.91,61.21,Clay,0.53,8.18,5.36,South,1412,Kharif,Drip,192.79,22.11,11.66
maize,171,55,87,6.48,24.13,2006.1,81.32,18.77,Loamy,1.33,4.5,2.33,Central,53,Rabi,Canal,112.74,24.65,9.48
cotton,168,71,99,4.94,39.72,418.89,39.45,42.53,Loamy,0.63,9.38,3.64,North,1938,Rabi,Sprinkler,280.63,8.71,8.31
cotton,57,39,124,5.47,20.64,2048.93,64.44,43.61,Silt,1.24,7.06,7.25,South,834,Zaid,Drip,210.44,2.9,8.66
cotton,71,51,88,6.99,38.72,1306.59,61.21,53.15,Loamy,1.27,6.07,13.47,North,1325,Rabi,Rainfed,298.14,6.94,7.82
wheat,128,54,35,6.15,37.36,2009.91,36.17,56.36,Clay,0.83,7.72,10.96,South,132,Rabi,Drip,115.68,10.47,9.93
potato,90,99,106,6.86,23.49,2328.08,44.29,36.21,Sandy,0.38,9.26,7.4,West,1874,Kharif,Rainfed,342.98,20.97,26.06
sugarcane,152,60,143,6.68,38.35,736.12,59.08,52.18,Clay,0.31,10.38,9.06,West,1257,Kharif,Drip,255.33,24.19,76.14
wheat,93,74,60,6.29,31.87,2476.57,76.31,60.52,Clay,0.94,6.24,10.89,East,254,Rabi,Drip,201.88,17.99,12.12
sugarcane,60,33,138,5.6,36.55,786.47,84.29,59.31,Sandy,0.39,8.86,3.88,South,102,Zaid,Drip,279.16,23.31,76.18
maize,110,23,38,7.24,36.75,1018.12,74.14,40.09,Loamy,1.24,6.39,5.62,East,1485,Rabi,Rainfed,233.2,4.52,7.99
maize,39,83,95,7.89,12.56,2001.29,47.58,45.35,Sandy,0.8,4.09,5.7,North,1923,Zaid,Sprinkler,182.83,23.23,8.42
maize,37,19,128,7.42,36.9,2118.28,36.17,48.64,Sandy,1.19,10.74,2.75,East,275,Rabi,Drip,285.42,14.47,9.59
potato,178,40,138,5.21,24.69,1364.52,61.51,55.96,Sandy,0.83,6.09,4.4,Central,512,Rabi,Drip,157.59,11.22,26.33
cotton,88,33,132,6.63,29.11,581.69,50.66,40.39,Loamy,1.12,7.25,10.51,North,545,Rabi,Rainfed,67.42,11.35,4.48
potato,59,44,21,7.64,19.02,2593.66,63.8,20.6,Sandy,1.38,8.54,4.85,East,1948,Rabi,Sprinkler,289.65,23.82,26.7
rice,174,62,39,6.81,29.37,1166.7,53.88,34.27,Clay,1.45,8.76,10.89,Central,358,Rabi,Canal,146.83,9.14,9.32
rice,49,30,138,6.29,10.81,2718.1,52.75,51.01,Sandy,0.32,9.76,1.41,North,1708,Kharif,Drip,236.76,3.89,11.32
cotton,77,85,114,5.77,21.14,2422.97,84.72,46.19,Sandy,1.14,6.67,3.95,South,947,Zaid,Rainfed,319.02,14.8,10.87
potato,159,32,40,5.92,28.86,1038.54,70.05,52.67,Silt,1.03,8.95,11.4,East,2164,Rabi,Sprinkler,135.27,2.77,22.83
cotton,66,70,27,5.62,15.91,2169.94,70.18,40.0,Silt,1.13,8.31,10.94,North,1034,Kharif,Drip,319.22,17.81,8.07
maize,158,35,48,5.47,30.18,983.27,38.02,23.72,Clay,0.38,10.9,5.69,East,1903,Zaid,Sprinkler,112.2,0.02,6.72
sugarcane,161,45,54,6.8,34.87,363.04,53.38,20.76,Loamy,0.39,9.18,11.6,South,1875,Zaid,Canal,132.33,10.21,72.03
rice,129,15,57,6.53,11.12,957.32,75.77,39.06,Silt,0.95,10.61,3.82,South,596,Zaid,Rainfed,222.35,19.99,9.98
wheat,83,17,109,7.3,28.12,700.34,64.02,25.29,Clay,0.37,5.98,14.9,North,803,Zaid,Canal,214.72,10.23,6.59
cotton,151,39,87,5.85,27.42,1069.6,57.62,64.11,Silt,1.31,7.19,5.26,West,1942,Zaid,Rainfed,315.79,19.14,7.97
wheat,54,22,128,6.37,33.46,1494.61,88.37,24.94,Silt,1.3,7.71,8.94,South,645,Rabi,Sprinkler,128.83,17.59,6.73
cotton,160,79,130,7.11,30.93,676.3,38.18,43.34,Loamy,0.45,9.94,17.1,North,1307,Kharif,Drip,338.35,16.74,7.17
rice,38,76,31,8.07,23.64,542.03,39.65,15.09,Loamy,0.89,6.97,10.82,West,215,Zaid,Sprinkler,228.82,10.35,6.75
sugarcane,63,21,51,5.99,20.64,1571.57,63.79,27.68,Silt,1.07,7.9,13.79,South,368,Zaid,Sprinkler,242.42,22.96,73.97
potato,72,21,82,5.81,39.57,1169.16,54.31,27.96,Silt,1.42,4.96,13.67,Central,1688,Kharif,Sprinkler,63.95,9.0,21.52
rice,103,22,62,6.33,25.05,1417.07,58.84,51.9,Loamy,1.58,5.35,7.48,West,1437,Zaid,Canal,348.92,9.54,12.43
maize,123,33,126,7.26,22.24,2775.78,62.87,39.78,Loamy,0.32,6.74,2.7,Central,1637,Kharif,Drip,160.71,17.44,12.74
wheat,51,31,57,8.07,39.79,1179.25,37.65,15.6,Clay,0.92,4.35,6.79,East,419,Kharif,Rainfed,200.51,18.66,8.77
maize,99,25,48,6.62,15.42,1808.54,46.21,33.96,Silt,1.34,4.53,1.57,East,1171,Rabi,Drip,72.66,7.87,9.62
wheat,159,63,74,7.56,15.58,1509.7,62.23,47.24,Loamy,1.33,8.93,5.49,Central,543,Zaid,Canal,197.3,19.91,8.39
potato,123,25,71,6.38,39.29,2143.12,41.61,46.84,Silt,1.0,4.5,1.62,West,1001,Rabi,Rainfed,86.17,20.67,25.23
rice,61,55,134,4.94,29.73,2762.11,80.38,17.69,Clay,0.54,4.01,8.13,North,989,Kharif,Canal,340.21,1.14,11.84
cotton,135,76,38,7.84,25.59,1608.52,77.01,61.45,Sandy,1.03,4.44,1.15,West,1321,Rabi,Rainfed,303.96,11.74,8.96
wheat,173,66,54,5.79,12.03,1176.1,64.09,27.35,Silt,0.81,8.47,13.93,West,90,Rabi,Rainfed,267.48,16.49,8.47
potato,30,80,67,5.27,20.68,706.24,59.7,59.58,Clay,0.83,7.93,17.37,Central,2007,Rabi,Drip,216.28,6.26,22.94
maize,101,82,129,8.19,23.0,2330.91,85.77,25.67,Sandy,0.73,9.7,1.54,Central,1267,Zaid,Canal,289.46,16.55,12.35
wheat,79,89,50,5.98,25.34,483.8,75.14,43.39,Silt,0.49,5.44,10.82,West,1108,Rabi,Drip,110.31,4.43,7.92
wheat,170,81,22,5.26,23.1,1753.51,32.29,35.3,Clay,1.26,8.13,5.6,South,1600,Rabi,Sprinkler,94.03,0.26,7.67
potato,44,54,107,5.86,23.14,2209.82,43.4,44.07,Sandy,1.22,9.65,9.9,West,141,Rabi,Rainfed,65.4,14.52,25.18
potato,82,19,71,6.55,39.85,779.75,34.38,39.89,Clay,1.01,9.03,17.03,Central,603,Rabi,Rainfed,205.19,1.67,23.14
sugarcane,37,99,90,5.1,39.22,1501.86,89.68,15.1,Clay,0.76,6.23,14.01,West,1955,Kharif,Drip,259.34,11.3,72.79
potato,103,36,70,6.0,12.59,1292.33,55.33,32.57,Clay,1.37,8.33,13.69,Central,1355,Kharif,Rainfed,153.76,10.85,24.01
wheat,75,51,75,7.07,15.06,825.98,38.05,15.56,Clay,0.51,9.12,5.99,South,757,Zaid,Canal,66.87,23.8,7.06
wheat,98,25,118,7.91,38.25,2505.03,51.49,49.17,Sandy,0.86,9.73,14.54,Central,1870,Zaid,Sprinkler,79.4,3.02,8.05
wheat,143,58,40,6.15,19.57,1630.78,88.8,57.67,Loamy,1.15,10.92,2.74,Central,402,Kharif,Drip,105.27,12.51,8.03
sugarcane,176,67,148,6.72,28.35,2440.75,38.58,34.24,Clay,1.37,6.8,13.03,Central,359,Kharif,Rainfed,190.17,19.64,75.04
cotton,152,91,127,6.96,33.94,2428.48,51.42,41.24,Sandy,1.14,4.21,7.87,South,1105,Zaid,Drip,184.84,2.64,8.83
potato,168,75,72,5.04,24.13,2750.36,46.55,18.29,Clay,0.45,7.66,8.43,Central,1722,Zaid,Rainfed,99.57,16.03,23.82
potato,146,81,25,5.96,10.5,2598.88,77.41,34.26,Silt,0.43,6.25,9.33,Central,1980,Rabi,Canal,295.74,23.98,28.66
sugarcane,72,27,101,7.13,34.84,2131.33,31.53,21.94,Silt,0.37,6.11,14.06,Central,2132,Zaid,Rainfed,247.66,0.37,75.78
wheat,49,25,98,7.3,32.69,1988.54,86.8,18.24,Loamy,1.03,8.78,6.3,East,603,Rabi,Canal,194.57,11.7,7.11
sugarcane,177,25,66,6.01,11.24,710.1,82.12,23.6,Sandy,0.62,4.3,6.5,South,655,Rabi,Canal,271.02,21.37,75.33
rice,50,99,115,4.82,36.92,1373.54,51.86,58.54,Silt,0.51,7.79,9.85,East,1817,Kharif,Rainfed,340.73,4.57,11.09
rice,111,99,125,4.82,35.71,1708.91,84.08,64.11,Sandy,0.41,8.44,5.55,North,594,Rabi,Sprinkler,76.91,15.36,8.11
sugarcane,86,21,101,6.63,18.25,454.68,55.54,58.96,Silt,1.13,9.08,8.58,East,671,Kharif,Drip,348.42,14.13,75.61
maize,103,31,50,6.68,12.4,686.67,47.52,63.48,Sandy,1.28,10.74,12.23,South,1286,Kharif,Drip,345.2,17.22,10.72
wheat,127,62,77,6.69,22.1,1901.89,54.42,51.54,Clay,1.42,4.06,17.83,North,316,Zaid,Drip,99.32,18.22,9.5
wheat,139,28,42,7.25,36.25,667.62,79.5,22.99,Clay,1.07,7.66,5.45,South,435,Rabi,Drip,321.0,14.94,10.11
wheat,144,77,60,7.93,24.47,1146.02,63.67,43.16,Silt,0.76,10.12,5.46,South,839,Kharif,Sprinkler,271.85,19.24,8.21
potato,71,78,34,8.17,18.45,393.2,43.03,51.58,Loamy,0.91,5.43,7.7,West,2032,Zaid,Canal,120.25,5.73,21.38
rice,97,89,106,7.18,16.95,724.36,34.18,40.67,Silt,1.13,10.83,12.2,Central,2155,Rabi,Rainfed,293.73,21.84,7.17
cotton,99,91,22,6.55,20.65,1686.2,66.39,42.73,Silt,1.23,5.33,16.75,South,1989,Kharif,Rainfed,100.09,22.8,8.03
wheat,107,79,20,5.28,39.82,1905.01,79.1,44.31,Loamy,1.14,8.46,17.13,Central,935,Kharif,Rainfed,102.79,5.7,6.23
rice,119,48,94,6.11,36.35,557.34,81.33,38.34,Clay,1.55,4.52,6.75,East,1600,Rabi,Drip,105.53,24.75,6.07
potato,140,23,95,6.75,26.41,903.52,79.38,29.53,Clay,1.28,7.63,8.09,East,319,Zaid,Canal,263.74,19.64,24.16
potato,141,91,23,8.2,34.25,1289.12,60.81,46.85,Silt,1.28,5.75,8.42,West,1622,Zaid,Sprinkler,65.46,2.5,23.74
wheat,132,51,44,5.23,19.49,2006.02,52.66,17.68,Sandy,1.37,6.18,6.93,West,1158,Rabi,Sprinkler,207.95,9.67,8.07
sugarcane,174,44,113,7.5,28.46,487.54,88.52,23.55,Silt,0.9,6.59,6.36,Central,2198,Rabi,Drip,185.01,0.19,72.83
cotton,48,55,115,8.2,36.18,1422.2,85.34,61.26,Clay,0.64,5.63,2.21,Central,88,Rabi,Rainfed,110.58,11.31,6.65
rice,99,59,127,7.54,21.03,2141.94,75.12,39.44,Sandy,1.36,10.07,10.27,East,1830,Rabi,Rainfed,83.59,17.2,5.77
maize,92,61,118,7.41,34.01,651.26,55.8,56.08,Loamy,0.9,5.06,12.26,East,1120,Rabi,Drip,162.82,9.08,9.22
rice,104,21,114,5.68,28.43,1664.11,88.41,51.33,Clay,1.09,7.01,17.86,West,2035,Kharif,Rainfed,156.02,3.99,8.08
rice,133,28,119,4.81,28.46,1401.99,52.43,31.04,Loamy,0.86,10.87,11.53,South,75,Rabi,Canal,342.29,23.94,11.12
cotton,104,62,110,5.57,11.23,1277.07,71.07,55.18,Clay,0.81,8.11,11.38,South,1553,Kharif,Canal,116.84,3.82,6.77
cotton,157,20,63,7.49,36.98,2634.69,47.66,19.57,Clay,1.17,8.42,7.3,North,1120,Kharif,Drip,203.04,24.32,6.21
potato,85,48,147,5.16,33.28,1288.9,80.14,58.75,Sandy,1.16,9.1,1.98,West,110,Zaid,Rainfed,202.21,16.74,25.44
rice,51,94,42,5.81,11.09,1416.96,81.61,49.03,Clay,0.7,10.07,11.44,Central,3,Zaid,Drip,202.09,3.44,10.41
cotton,118,60,42,6.71,28.32,455.67,60.55,61.35,Silt,0.55,9.74,3.13,West,1883,Rabi,Canal,335.05,21.03,7.56
cotton,48,73,74,6.77,32.38,1212.75,63.73,59.78,Loamy,0.47,6.55,13.65,South,2146,Rabi,Rainfed,166.27,21.94,7.19
sugarcane,55,84,96,6.65,33.85,1609.2,86.91,34.01,Clay,0.45,9.86,13.82,South,99,Kharif,Canal,85.46,3.73,73.95
rice,52,22,82,8.14,12.66,323.63,38.53,57.84,Silt,1.36,5.43,2.79,East,391,Kharif,Drip,83.54,14.56,5.96
rice,76,38,122,4.84,29.2,424.04,58.28,43.15,Loamy,0.67,6.83,5.72,South,75,Zaid,Rainfed,306.75,22.11,8.31
rice,42,81,79,6.46,16.99,897.56,61.71,22.86,Silt,1.18,8.68,14.94,West,1784,Kharif,Canal,225.81,19.31,7.77
potato,95,18,99,6.52,23.54,2155.8,78.99,56.48,Clay,0.67,5.71,17.36,East,364,Rabi,Rainfed,120.04,5.16,25.04
wheat,173,15,114,5.8,25.79,2258.36,76.67,60.4,Silt,1.17,6.48,13.42,East,1840,Zaid,Drip,307.81,2.42,10.96
wheat,102,48,88,6.59,10.82,2303.93,66.12,19.23,Loamy,1.58,7.59,7.82,East,621,Kharif,Canal,284.25,14.54,9.84
wheat,106,23,133,7.09,18.99,1733.1,39.34,61.53,Loamy,0.39,5.69,15.06,North,2106,Zaid,Canal,168.81,12.04,10.0
wheat,60,77,123,7.09,33.92,2388.86,54.37,45.06,Loamy,1.15,9.33,5.98,Central,1884,Kharif,Sprinkler,209.73,24.22,10.12
potato,114,90,127,5.1,35.27,642.7,35.47,16.29,Clay,0.67,9.1,15.73,North,13,Rabi,Rainfed,244.73,10.77,21.85
rice,88,24,108,7.53,19.9,2609.23,39.02,42.09,Sandy,0.41,10.45,1.73,Central,704,Kharif,Canal,127.04,3.6,9.92
sugarcane,70,24,40,7.96,23.25,2315.69,43.59,54.84,Silt,0.4,4.46,17.88,Central,901,Kharif,Canal,247.6,9.49,73.16
rice,141,64,29,5.22,34.94,1798.89,50.02,41.66,Loamy,0.78,10.3,2.88,West,1779,Kharif,Rainfed,235.47,1.21,9.76
maize,125,58,106,6.22,16.02,1752.39,56.41,50.36,Loamy,1.0,4.11,16.56,Central,332,Kharif,Sprinkler,169.57,11.8,10.31
cotton,151,62,110,6.54,31.93,578.95,73.24,58.98,Sandy,1.14,9.77,15.49,West,195,Kharif,Drip,235.23,24.73,8.94
rice,134,20,142,5.26,22.22,2302.52,31.39,58.49,Loamy,1.04,5.8,5.98,East,945,Zaid,Sprinkler,145.05,17.42,10.28
rice,103,38,23,6.51,39.61,1545.62,82.32,23.94,Loamy,1.47,8.57,8.86,West,87,Kharif,Canal,224.41,9.57,9.01
sugarcane,161,99,109,5.5,28.05,2353.73,89.52,36.36,Clay,0.5,8.68,4.65,South,2148,Kharif,Rainfed,227.87,22.64,75.29
maize,128,72,115,7.98,14.44,1088.97,87.85,20.56,Sandy,1.38,6.7,9.18,North,872,Zaid,Canal,345.27,7.45,10.47
sugarcane,155,78,48,6.32,15.16,427.38,55.5,44.75,Loamy,0.99,5.45,4.07,West,1311,Rabi,Rainfed,92.51,12.72,74.85
maize,167,70,105,8.18,10.82,1563.9,53.96,62.74,Clay,1.42,4.25,5.97,Central,1203,Zaid,Rainfed,81.71,20.53,9.41
sugarcane,104,96,66,4.96,31.44,2503.37,61.34,24.09,Clay,0.85,8.06,1.67,West,1744,Zaid,Canal,143.71,17.43,72.27
potato,43,26,96,5.23,23.3,521.98,69.88,35.18,Clay,0.93,8.93,10.38,West,1268,Kharif,Rainfed,148.46,1.27,22.14
wheat,67,49,106,6.31,10.33,1329.05,46.66,62.7,Clay,0.85,6.62,13.3,East,726,Kharif,Drip,340.17,22.26,10.75
cotton,169,85,50,7.77,13.04,2385.21,69.3,52.51,Sandy,0.43,5.33,4.44,North,1797,Zaid,Drip,349.65,15.67,10.44
cotton,74,20,70,6.69,18.68,871.46,48.55,18.56,Sandy,0.49,5.14,11.41,East,1609,Kharif,Drip,268.85,24.69,7.12
potato,174,79,55,7.29,22.72,955.77,69.64,36.42,Clay,0.97,5.86,1.82,North,701,Zaid,Sprinkler,100.87,22.67,21.97
wheat,104,94,114,6.24,38.15,1853.41,69.16,64.39,Sandy,0.99,9.6,2.42,North,523,Kharif,Rainfed,225.29,11.6,11.69
maize,58,74,34,4.94,26.24,2461.57,30.05,37.66,Silt,0.91,5.06,10.26,Central,1636,Zaid,Drip,313.78,19.14,11.42
maize,47,82,97,7.0,36.83,1742.58,82.27,46.47,Silt,0.32,7.04,2.01,East,308,Zaid,Sprinkler,194.4,18.84,10.49
rice,49,43,59,6.96,17.52,554.72,41.55,50.05,Clay,0.96,8.56,8.77,West,688,Zaid,Canal,218.4,0.95,9.05
rice,43,52,64,5.04,19.97,2623.45,89.57,48.2,Loamy,0.47,9.93,2.09,South,2161,Kharif,Rainfed,230.83,13.14,11.81
cotton,83,36,109,5.38,36.42,1638.32,63.0,40.94,Loamy,1.04,7.58,6.94,South,764,Zaid,Canal,252.59,10.85,10.27
sugarcane,60,22,75,6.42,24.74,1156.7,53.19,21.64,Silt,0.67,8.76,15.97,Central,1861,Kharif,Sprinkler,242.35,6.13,73.93
potato,87,77,73,6.32,27.7,2183.82,35.5,50.42,Clay,1.59,7.57,13.69,Central,1881,Kharif,Canal,207.02,1.35,25.77
maize,133,27,104,7.36,27.23,2028.01,70.86,61.67,Silt,0.77,9.3,8.03,Central,907,Rabi,Canal,162.07,15.45,11.0
potato,157,41,28,6.12,29.36,1065.95,51.59,62.08,Silt,1.37,9.5,6.95,Central,642,Zaid,Drip,169.2,10.58,24.81
maize,54,32,137,7.06,27.67,2438.63,87.78,44.67,Loamy,0.62,9.47,7.2,East,344,Kharif,Canal,155.24,0.56,9.71
cotton,48,32,84,7.2,30.83,510.3,81.44,39.61,Silt,0.55,9.15,3.24,North,1971,Zaid,Canal,285.81,24.57,6.14
sugarcane,165,91,127,6.99,14.42,2497.79,37.46,31.7,Clay,0.59,9.66,7.64,West,1283,Zaid,Canal,195.95,24.88,76.62
maize,32,76,148,6.83,31.32,552.09,57.46,20.18,Loamy,0.73,9.61,10.99,West,183,Rabi,Sprinkler,90.48,22.93,7.51
potato,115,28,57,7.54,14.52,390.22,56.65,59.16,Loamy,1.4,10.05,15.42,East,1488,Zaid,Sprinkler,142.45,7.73,23.69
maize,174,25,124,7.03,20.21,2462.04,72.53,21.85,Silt,1.29,7.27,12.6,West,8,Rabi,Drip,114.65,17.14,9.81
cotton,171,31,59,7.64,34.94,464.77,46.38,29.4,Sandy,0.87,10.21,11.85,South,912,Kharif,Drip,84.59,20.03,4.24
cotton,38,65,149,6.96,28.23,2778.73,80.17,52.02,Silt,0.54,4.52,2.14,West,336,Kharif,Rainfed,150.56,3.92,9.38
maize,123,28,94,5.34,39.01,506.14,86.49,50.24,Clay,0.36,6.5,3.43,North,1127,Zaid,Drip,71.25,12.11,9.53
maize,178,71,52,5.85,17.57,2371.66,63.14,49.05,Sandy,1.1,10.47,2.61,West,478,Kharif,Canal,162.29,18.44,13.17
sugarcane,168,20,104,5.92,37.62,2710.12,85.64,52.09,Clay,1.22,6.9,4.24,North,505,Rabi,Canal,62.91,7.45,74.81
wheat,49,71,78,5.12,29.26,1732.04,49.52,42.1,Loamy,1.09,10.05,14.16,Central,1780,Zaid,Sprinkler,239.28,2.45,7.98
maize,64,18,114,7.15,21.08,723.05,49.04,22.75,Clay,0.95,7.88,11.55,East,714,Zaid,Sprinkler,161.5,13.76,8.89
cotton,82,25,45,6.82,33.6,704.39,73.4,64.92,Clay,1.56,5.8,8.52,South,1734,Rabi,Canal,60.82,10.27,3.23
rice,139,88,122,6.81,38.65,2200.65,56.66,59.61,Clay,0.33,4.68,1.2,West,442,Zaid,Sprinkler,296.12,11.29,11.93
wheat,165,25,40,6.43,33.39,468.29,46.57,36.56,Silt,1.58,8.88,12.36,South,276,Rabi,Drip,86.59,20.69,6.96
potato,33,93,99,6.65,10.19,2014.77,48.58,41.52,Silt,0.66,5.57,10.17,West,1226,Kharif,Drip,179.73,10.15,26.16
potato,131,22,90,4.83,10.31,1020.46,79.94,34.68,Clay,0.8,8.04,2.41,Central,486,Zaid,Rainfed,64.21,14.59,22.55
potato,76,98,85,5.13,13.79,2616.61,68.82,46.9,Silt,1.28,6.75,12.91,North,2019,Kharif,Sprinkler,307.94,21.97,26.73
rice,123,73,56,7.12,35.52,1684.75,77.49,51.56,Loamy,0.6,8.69,5.59,East,1094,Kharif,Rainfed,135.81,16.12,8.14
wheat,77,35,33,5.69,32.51,855.89,54.77,26.58,Loamy,1.22,8.35,9.23,East,157,Kharif,Drip,267.68,18.3,6.96
rice,120,79,127,5.17,29.19,2416.58,86.33,36.64,Sandy,0.73,8.26,6.42,South,20,Rabi,Drip,113.08,16.09,9.12
cotton,113,38,100,5.92,30.84,2758.11,83.44,47.01,Silt,1.52,7.61,6.48,North,669,Rabi,Rainfed,337.02,9.6,9.75
maize,97,44,99,5.67,28.59,2160.93,32.15,64.4,Silt,0.52,8.82,2.0,East,490,Rabi,Drip,297.12,2.78,11.87
rice,168,98,122,4.9,20.44,2044.71,51.9,31.24,Clay,1.51,9.0,1.81,South,1673,Zaid,Sprinkler,76.65,9.63,9.64
cotton,154,71,54,6.2,31.61,2442.41,34.44,52.25,Sandy,1.33,5.47,14.22,North,1560,Kharif,Drip,88.34,15.16,8.99
wheat,102,94,121,4.89,38.05,350.55,44.27,32.33,Loamy,0.52,8.17,1.06,Central,743,Rabi,Canal,99.57,0.72,6.79
cotton,33,87,137,4.8,32.49,2522.32,85.54,19.62,Loamy,0.8,4.09,5.89,Central,101,Rabi,Canal,208.77,20.19,8.36
potato,105,31,114,7.49,36.02,924.44,83.76,53.51,Clay,0.44,7.62,17.17,South,297,Rabi,Canal,333.14,22.2,23.8
cotton,102,73,74,5.87,17.11,1776.23,33.37,47.47,Silt,1.08,9.56,14.58,Central,1740,Kharif,Canal,232.0,0.79,7.8
potato,106,45,28,6.73,20.48,1418.1,32.15,40.72,Clay,1.55,4.42,9.81,West,1268,Kharif,Sprinkler,134.19,13.9,24.59
wheat,77,78,88,5.81,25.23,1383.61,68.75,48.75,Sandy,0.4,6.26,13.62,West,115,Rabi,Drip,196.71,23.58,8.8
rice,131,62,47,7.96,24.14,1425.92,44.15,58.97,Loamy,0.64,4.25,17.04,North,1795,Rabi,Rainfed,123.62,11.78,7.22
wheat,135,37,132,7.28,23.98,2009.45,30.13,52.83,Sandy,1.28,7.96,16.98,Central,529,Kharif,Canal,334.46,21.86,10.02
wheat,106,84,50,6.06,29.22,1990.03,79.98,57.89,Loamy,0.9,10.48,8.58,East,1251,Rabi,Canal,321.69,4.9,10.64
sugarcane,68,44,78,5.52,35.66,1239.72,53.06,29.5,Loamy,0.74,6.27,6.48,South,2033,Kharif,Canal,336.88,2.11,74.63
wheat,87,69,101,5.27,36.61,2782.13,55.03,55.02,Sandy,1.08,6.56,13.72,East,1168,Kharif,Canal,342.34,21.23,9.95
rice,48,21,73,7.39,14.52,2715.79,36.55,33.0,Loamy,0.68,5.49,7.97,West,1774,Kharif,Sprinkler,91.29,11.82,10.33
sugarcane,117,89,61,6.34,12.7,693.05,58.51,16.03,Loamy,0.73,9.15,3.63,Central,1680,Zaid,Sprinkler,337.17,8.41,75.37
cotton,142,26,42,5.59,19.34,2019.59,76.57,17.16,Sandy,1.35,7.54,4.29,East,205,Zaid,Drip,239.27,13.75,7.57
wheat,106,74,128,7.93,32.12,1579.5,47.98,51.52,Loamy,0.81,5.94,10.23,South,800,Rabi,Rainfed,140.85,18.3,8.33
sugarcane,106,66,105,6.13,33.8,977.21,79.67,28.6,Sandy,1.21,4.3,9.66,North,1918,Kharif,Drip,203.92,12.12,74.67
maize,57,41,84,6.65,21.5,2320.72,69.01,30.38,Clay,0.5,9.97,8.88,North,1215,Zaid,Canal,84.95,8.71,9.19
cotton,95,26,108,7.72,19.31,861.34,54.91,46.13,Silt,0.82,8.84,7.29,South,34,Kharif,Canal,138.42,22.52,7.48
maize,39,27,73,7.63,13.91,1975.79,60.28,52.08,Silt,1.02,10.84,6.53,West,651,Zaid,Canal,250.92,15.55,10.46
sugarcane,155,86,137,6.97,17.15,2139.89,36.71,42.94,Silt,0.65,7.93,4.2,South,436,Rabi,Rainfed,141.12,15.42,77.04
wheat,87,94,124,7.82,13.02,1306.7,83.63,50.32,Loamy,0.85,10.71,12.59,South,938,Kharif,Drip,156.86,14.85,8.78
rice,171,76,30,8.04,19.12,394.56,83.63,62.05,Sandy,1.29,8.87,9.55,Central,2024,Zaid,Sprinkler,260.08,8.83,10.53
cotton,154,43,82,7.98,30.28,1099.95,52.95,57.71,Silt,0.51,7.01,7.28,East,1329,Rabi,Rainfed,152.75,23.87,5.49
sugarcane,141,49,41,5.99,13.87,2322.7,69.54,27.04,Loamy,0.95,5.64,14.22,South,2146,Zaid,Drip,68.72,23.74,75.19
wheat,113,74,136,6.15,19.64,1982.4,75.88,60.34,Loamy,0.64,4.42,11.75,South,128,Zaid,Drip,229.57,17.7,9.1
sugarcane,172,43,77,5.62,25.86,1512.76,79.54,29.86,Sandy,0.83,4.04,13.85,North,260,Rabi,Canal,320.54,9.92,75.12
rice,125,45,39,7.65,19.81,2079.48,73.48,48.03,Clay,0.79,9.82,11.96,East,1439,Kharif,Rainfed,298.16,7.09,10.27
cotton,62,91,112,5.21,23.19,839.97,60.07,58.74,Sandy,1.15,8.36,11.63,North,1289,Kharif,Drip,166.21,24.15,6.45
sugarcane,174,90,69,6.01,24.91,2614.73,71.87,46.17,Loamy,1.3,5.31,8.0,West,1103,Rabi,Sprinkler,112.12,9.53,75.48
potato,170,75,109,4.83,33.25,2398.43,86.85,55.31,Clay,0.95,8.8,5.78,North,60,Rabi,Rainfed,99.3,8.49,24.08
wheat,76,16,123,6.82,35.29,380.86,58.29,61.37,Clay,0.52,10.42,4.93,West,1492,Rabi,Canal,156.77,23.64,7.95
wheat,141,47,146,7.04,15.77,1974.15,34.91,63.35,Silt,1.43,4.4,16.28,West,772,Rabi,Drip,99.34,6.75,7.9
sugarcane,173,86,132,5.65,21.08,993.53,78.52,35.53,Loamy,0.54,9.63,4.41,East,170,Rabi,Sprinkler,248.03,7.19,77.15
rice,72,76,93,7.3,27.25,1539.3,73.28,64.64,Sandy,1.05,9.85,12.44,West,1756,Zaid,Rainfed,342.89,10.07,11.08
wheat,37,73,32,6.1,24.98,792.87,47.82,28.58,Sandy,0.99,8.56,4.22,South,424,Kharif,Sprinkler,78.78,23.66,3.78
rice,32,54,34,5.86,12.41,2134.82,65.29,38.11,Silt,0.67,10.55,16.96,South,886,Rabi,Sprinkler,166.01,4.04,10.28
potato,154,63,92,8.05,20.35,412.22,34.37,53.04,Loamy,1.54,10.76,4.33,North,1471,Kharif,Drip,346.65,15.41,22.62
wheat,41,46,46,6.8,16.83,1683.89,58.74,63.51,Sandy,1.18,9.41,15.53,North,712,Kharif,Canal,66.07,15.77,8.56
maize,113,52,107,5.66,22.52,575.25,53.94,17.65,Sandy,0.91,5.18,16.9,East,1806,Kharif,Canal,75.16,18.23,6.94
rice,45,93,55,8.14,20.14,1068.38,45.05,62.28,Sandy,0.88,4.58,4.52,West,448,Kharif,Rainfed,166.0,6.84,7.95
rice,107,27,71,6.12,30.86,783.34,39.23,64.93,Clay,0.42,6.96,16.08,South,1826,Zaid,Drip,160.52,7.49,7.58
cotton,88,99,27,7.0,22.04,1384.31,50.62,60.48,Clay,1.31,6.81,2.86,North,1294,Kharif,Drip,286.15,6.12,11.48
sugarcane,92,68,76,7.26,17.25,1503.37,86.17,20.42,Silt,0.41,5.0,12.9,Central,1105,Kharif,Rainfed,174.89,12.16,73.15
sugarcane,78,90,129,6.24,28.59,1947.75,60.82,57.04,Silt,0.56,4.28,9.62,East,35,Rabi,Sprinkler,169.74,10.96,76.0
rice,80,27,149,6.62,31.81,1424.22,42.07,46.99,Sandy,0.51,5.74,17.34,West,1445,Zaid,Rainfed,239.21,15.8,10.53
cotton,62,53,83,5.62,13.25,2111.7,80.13,15.48,Loamy,0.39,6.02,9.18,East,1001,Zaid,Canal,266.39,17.81,6.77
maize,59,37,30,6.38,17.54,2316.89,46.17,64.22,Loamy,1.38,10.46,2.16,West,2196,Kharif,Canal,349.56,20.28,13.29
cotton,105,28,115,5.86,16.26,2784.25,78.16,22.53,Silt,1.48,10.86,3.15,West,258,Zaid,Drip,174.76,11.29,8.92
wheat,44,31,95,6.66,16.03,609.18,31.0,34.84,Loamy,1.11,10.9,6.46,East,1505,Zaid,Drip,192.17,15.53,6.96
sugarcane,111,38,83,7.08,37.06,1322.5,85.4,16.51,Loamy,1.44,9.69,8.97,North,791,Kharif,Drip,82.96,5.55,72.43
potato,121,72,120,6.89,13.78,935.47,62.07,30.48,Sandy,1.18,9.4,17.28,North,1764,Zaid,Canal,171.4,17.36,23.21
potato,52,77,112,7.44,36.13,2111.86,75.79,43.42,Sandy,1.19,10.57,9.23,West,2096,Kharif,Drip,94.16,24.61,25.36
cotton,123,48,63,4.94,21.82,1589.26,48.85,61.54,Loamy,1.46,6.38,16.81,South,113,Zaid,Drip,236.08,20.8,8.9
sugarcane,74,65,102,5.07,29.22,578.34,80.76,64.52,Sandy,0.42,7.77,16.53,West,2110,Rabi,Sprinkler,249.68,9.31,74.21
cotton,91,24,118,5.5,23.23,456.98,71.5,36.17,Loamy,0.37,8.11,3.87,Central,57,Kharif,Canal,309.59,12.14,7.09
wheat,44,86,44,8.15,27.96,1552.05,32.83,36.41,Loamy,0.37,8.02,16.63,North,1402,Rabi,Sprinkler,89.52,3.13,4.68
rice,75,35,121,7.52,26.55,1176.79,32.44,23.02,Clay,0.84,7.02,5.34,East,228,Zaid,Canal,177.1,12.28,7.38
rice,93,51,92,7.94,22.99,1616.93,51.66,39.92,Loamy,1.53,10.83,15.23,West,2076,Rabi,Rainfed,204.79,11.99,8.29
potato,104,21,141,5.73,18.25,921.82,33.11,62.0,Clay,1.43,6.24,17.58,North,1430,Rabi,Drip,247.68,10.82,27.14
wheat,81,27,90,6.75,37.93,1269.1,32.6,23.27,Silt,1.32,5.55,2.22,North,1991,Zaid,Drip,342.67,10.21,11.16
potato,117,94,136,6.69,37.48,2734.97,52.66,28.32,Loamy,0.83,9.17,12.58,West,1379,Zaid,Rainfed,71.87,0.29,25.65
rice,86,44,101,6.74,12.13,902.87,43.85,59.57,Silt,1.37,10.43,8.25,West,2199,Kharif,Canal,287.6,2.63,10.62
potato,112,45,149,7.24,16.71,358.52,51.05,46.32,Sandy,0.58,10.78,8.74,North,651,Rabi,Sprinkler,92.12,5.49,21.52
cotton,95,19,135,6.14,27.22,2606.67,54.21,31.53,Clay,1.06,9.63,10.5,Central,210,Zaid,Drip,188.65,9.7,7.5
potato,179,46,29,7.1,39.41,2308.71,35.14,55.64,Silt,1.27,6.68,17.07,East,1042,Kharif,Drip,158.59,16.05,25.97
sugarcane,49,30,149,7.48,31.82,1436.2,66.36,20.45,Sandy,0.42,9.7,11.75,West,1200,Kharif,Sprinkler,289.55,2.65,74.71
wheat,62,87,79,5.78,34.55,1631.18,50.87,57.92,Loamy,1.44,9.34,17.86,West,4,Rabi,Sprinkler,273.3,19.66,9.04
sugarcane,101,36,64,8.02,19.43,1138.44,75.64,40.9,Clay,1.25,6.82,17.41,South,1531,Zaid,Canal,309.43,11.37,73.76
cotton,54,78,138,6.56,16.57,657.78,89.47,52.85,Loamy,0.99,4.73,15.56,West,714,Zaid,Rainfed,310.11,2.75,9.07
wheat,75,58,26,7.29,16.78,970.05,52.89,40.92,Silt,0.38,9.98,12.89,Central,1112,Zaid,Sprinkler,164.39,18.22,7.65
sugarcane,102,54,91,7.28,24.5,1194.75,74.52,27.31,Loamy,1.2,6.14,4.94,Central,1614,Zaid,Canal,214.46,0.04,74.47
cotton,127,51,40,6.72,35.75,1688.75,47.71,47.04,Sandy,0.88,4.79,10.74,West,1449,Rabi,Drip,89.04,21.17,6.62
cotton,86,92,116,5.9,16.49,1005.82,78.68,22.74,Silt,1.26,10.91,4.97,East,234,Rabi,Canal,180.24,22.19,7.17
rice,116,30,66,7.07,27.11,1107.55,70.98,26.49,Clay,0.35,10.48,17.22,East,626,Kharif,Sprinkler,245.65,16.27,8.58
cotton,162,57,20,5.1,34.26,1670.26,44.95,42.47,Sandy,1.05,9.3,17.3,West,1664,Kharif,Drip,335.6,21.12,7.26
maize,84,98,147,8.14,25.01,1006.14,57.64,34.5,Sandy,0.88,4.47,6.65,West,1121,Rabi,Canal,153.57,9.2,9.41
potato,90,77,113,5.43,22.51,2729.82,78.37,52.26,Clay,0.86,9.06,1.82,Central,801,Kharif,Rainfed,313.06,22.69,27.06
sugarcane,118,29,53,5.74,20.4,1415.9,72.57,44.18,Sandy,0.97,8.62,15.07,South,2166,Rabi,Drip,291.0,3.4,75.9
cotton,37,58,106,8.05,28.01,2319.87,31.9,34.07,Silt,0.46,5.73,6.99,West,222,Zaid,Drip,209.89,10.69,7.66
wheat,45,23,51,5.43,34.53,2001.32,30.09,31.34,Loamy,1.52,7.21,6.43,East,1847,Zaid,Canal,89.48,9.43,6.75
cotton,145,79,22,5.38,39.88,638.15,75.23,60.66,Clay,1.22,10.75,10.86,West,1660,Zaid,Canal,316.17,21.41,5.72
potato,90,58,87,7.54,36.08,2254.68,57.22,17.0,Clay,0.41,4.12,1.01,North,491,Rabi,Sprinkler,90.02,1.11,22.24
wheat,44,34,76,5.65,23.58,919.74,60.69,49.55,Silt,0.4,7.29,7.37,Central,694,Kharif,Canal,349.11,11.88,9.73
potato,179,84,133,5.12,12.38,2527.71,87.88,34.59,Silt,0.57,8.09,8.08,Central,581,Zaid,Sprinkler,238.79,14.01,24.83
rice,160,88,52,5.57,13.62,2104.65,37.93,33.87,Clay,0.61,10.08,17.5,South,1406,Rabi,Rainfed,257.67,15.58,11.05
rice,131,47,49,7.82,10.88,2092.99,31.93,47.59,Clay,0.94,8.94,3.69,East,532,Rabi,Drip,189.11,7.55,7.99
cotton,83,94,89,5.75,20.88,1064.73,41.34,57.52,Clay,1.0,4.7,3.56,West,1308,Rabi,Canal,143.98,23.86,6.91
maize,43,20,68,7.16,24.45,1282.15,72.75,51.22,Clay,0.49,6.64,11.53,South,1369,Rabi,Sprinkler,202.08,22.95,9.4
rice,65,97,49,6.14,34.62,2128.79,40.93,48.51,Silt,1.57,4.87,2.33,East,1762,Rabi,Drip,298.73,11.71,13.31
maize,134,45,101,5.69,12.57,1208.68,61.72,39.81,Loamy,1.37,10.52,11.56,Central,1942,Zaid,Rainfed,232.6,21.78,10.97
rice,111,80,43,5.29,16.84,1432.26,81.34,38.46,Clay,1.12,8.84,7.93,North,1007,Rabi,Drip,80.49,9.74,6.63
sugarcane,96,32,134,8.11,25.32,1697.32,80.42,38.04,Sandy,0.66,5.75,1.04,West,1560,Zaid,Canal,236.59,2.43,76.35
potato,39,42,111,6.57,35.49,1045.82,42.62,22.27,Sandy,1.48,4.99,8.49,East,2145,Kharif,Drip,78.12,4.26,23.37
sugarcane,78,82,40,5.19,12.63,2208.24,83.83,42.98,Sandy,0.71,4.87,13.56,East,392,Rabi,Drip,77.4,19.38,72.63
maize,140,79,27,5.48,17.3,986.51,89.63,30.77,Silt,0.72,7.58,3.25,West,620,Rabi,Rainfed,240.7,6.61,11.05
potato,94,94,55,6.18,26.32,432.25,88.44,45.91,Clay,0.76,5.83,4.12,Central,63,Kharif,Sprinkler,80.54,21.49,22.66
wheat,86,59,143,6.65,19.73,2266.96,83.47,41.72,Silt,0.36,10.77,4.99,South,656,Kharif,Rainfed,260.23,22.5,7.85
wheat,56,72,28,5.42,39.77,1228.17,33.79,62.0,Sandy,0.38,6.75,7.63,West,1977,Kharif,Rainfed,273.65,5.42,8.47
wheat,142,61,59,5.74,23.56,2414.73,67.63,36.75,Loamy,0.92,10.95,17.14,East,655,Rabi,Rainfed,90.98,0.2,8.14
potato,162,80,148,7.46,37.34,1859.22,56.4,48.22,Sandy,1.45,10.03,2.2,Central,462,Zaid,Drip,214.5,10.11,28.0
sugarcane,100,66,136,6.22,38.23,2377.54,46.76,44.64,Clay,1.53,10.34,14.97,West,1381,Kharif,Sprinkler,337.17,0.2,77.14
potato,112,50,87,4.8,17.78,1253.73,48.93,49.22,Loamy,1.31,6.72,14.61,South,1264,Kharif,Drip,147.97,6.24,21.92
cotton,86,15,22,4.98,19.8,1698.78,86.58,28.35,Loamy,0.83,4.85,8.92,Central,1395,Rabi,Drip,139.95,12.53,5.66
cotton,149,53,127,6.29,19.72,331.66,87.12,27.86,Loamy,0.7,9.88,3.31,North,913,Kharif,Sprinkler,188.68,11.37,6.35
maize,122,89,141,5.0,23.09,942.64,36.08,42.98,Sandy,0.58,4.04,11.41,North,202,Zaid,Canal,297.81,15.9,11.71
rice,44,15,28,5.39,11.89,2486.31,42.22,57.45,Silt,1.0,7.14,13.3,South,1000,Kharif,Canal,251.11,0.72,11.98
potato,140,89,23,7.27,34.22,1402.03,85.08,51.0,Sandy,0.93,5.03,3.64,West,207,Zaid,Canal,189.15,11.83,23.11
cotton,130,88,25,6.43,13.93,1889.71,66.84,39.45,Clay,0.91,10.32,12.88,Central,1877,Kharif,Rainfed,249.54,10.42,8.4
sugarcane,148,28,92,6.44,36.81,999.74,72.38,27.75,Loamy,0.71,10.08,16.65,East,2199,Kharif,Sprinkler,259.49,6.04,74.33
maize,105,92,45,6.83,27.3,2431.42,50.85,52.97,Silt,1.06,4.96,4.22,South,366,Kharif,Drip,62.0,17.18,9.57
rice,49,85,149,7.48,24.44,1783.83,44.48,61.31,Silt,1.09,7.86,3.14,East,1217,Rabi,Canal,210.02,8.15,11.24
potato,160,37,133,5.34,29.82,2569.9,56.73,25.65,Clay,1.44,5.64,12.34,North,1936,Zaid,Sprinkler,89.56,12.39,26.06
cotton,102,57,104,5.39,37.99,908.96,50.45,54.95,Clay,1.29,7.6,9.18,West,737,Kharif,Rainfed,126.31,4.83,6.65
wheat,151,36,105,5.21,18.9,2118.43,86.67,23.62,Clay,0.73,10.84,15.52,South,1536,Zaid,Canal,306.93,4.48,9.79
maize,70,74,54,7.99,18.11,351.23,39.89,60.04,Loamy,0.79,5.61,9.77,East,919,Zaid,Sprinkler,257.71,14.24,7.92
cotton,159,41,133,6.76,21.1,1794.48,89.5,47.1,Loamy,0.61,4.46,14.96,North,1946,Rabi,Canal,197.85,2.25,7.94
rice,52,70,78,5.11,24.6,1053.64,84.39,24.05,Clay,0.52,5.78,7.72,South,906,Kharif,Sprinkler,184.78,23.15,8.16
cotton,52,16,57,5.55,12.27,607.99,64.27,16.81,Loamy,0.44,10.89,4.33,East,601,Rabi,Canal,144.57,24.35,6.5
cotton,173,53,52,7.27,30.4,1866.87,50.55,49.73,Sandy,0.34,4.57,7.38,West,293,Kharif,Drip,182.84,3.4,9.66
cotton,38,65,140,4.9,25.63,372.77,73.42,45.31,Silt,0.84,4.26,7.11,South,1115,Rabi,Rainfed,105.57,4.36,5.45
rice,42,33,119,7.27,26.2,690.7,58.84,45.57,Loamy,1.55,5.06,6.09,North,459,Kharif,Sprinkler,222.17,12.88,7.75
sugarcane,80,76,64,7.9,17.49,1226.86,52.5,39.11,Silt,1.0,9.65,4.98,South,1022,Rabi,Canal,192.29,6.82,74.02
cotton,93,85,67,4.99,35.22,1417.05,49.95,45.72,Sandy,1.26,7.3,7.57,South,2018,Kharif,Canal,305.74,6.52,7.35
sugarcane,81,90,137,5.43,21.94,2570.66,34.81,58.66,Loamy,0.82,6.37,17.52,West,478,Zaid,Drip,137.04,17.01,75.45
maize,67,81,48,4.81,29.57,1137.68,56.08,62.6,Clay,0.8,8.6,9.36,South,56,Kharif,Drip,347.64,19.36,11.7
wheat,129,77,103,5.17,17.2,427.87,44.87,32.23,Clay,0.46,4.67,3.36,North,1340,Kharif,Canal,327.65,12.26,8.06
rice,175,19,132,6.9,34.49,2705.7,31.17,39.39,Sandy,0.69,8.88,5.0,South,1181,Zaid,Rainfed,220.85,6.43,11.76
rice,80,86,136,4.95,18.99,2377.01,44.0,28.65,Sandy,1.51,6.13,7.0,Central,1019,Rabi,Rainfed,252.01,22.51,9.44
wheat,166,92,62,6.25,37.65,868.59,44.09,35.58,Loamy,0.94,10.0,4.2,East,1111,Kharif,Drip,338.13,17.56,11.13
rice,170,75,38,6.51,23.64,1588.56,48.13,54.79,Sandy,0.57,9.07,13.61,East,1799,Rabi,Sprinkler,150.1,16.67,10.24
rice,84,85,27,7.88,14.35,688.42,86.72,36.25,Silt,1.16,10.14,14.44,Central,640,Zaid,Sprinkler,70.46,15.75,6.68
maize,138,21,30,6.41,28.34,2689.14,83.98,34.58,Clay,0.83,5.29,14.64,South,1455,Rabi,Canal,138.04,22.22,11.59
potato,73,64,27,5.28,26.7,1590.57,31.92,57.51,Loamy,1.38,5.04,16.57,West,1647,Zaid,Drip,83.61,4.49,23.01
wheat,139,60,132,5.78,22.64,1479.22,44.29,15.06,Sandy,0.42,8.98,15.6,Central,1342,Zaid,Drip,287.13,15.07,7.75
sugarcane,157,86,57,7.09,34.59,2372.15,56.54,57.61,Silt,0.98,10.45,10.87,Central,1591,Kharif,Drip,142.11,12.67,76.85
wheat,134,90,136,5.18,22.64,622.47,46.67,24.07,Clay,1.34,9.63,9.49,East,2136,Rabi,Canal,98.51,12.45,6.85
potato,39,88,93,5.59,14.09,960.84,53.71,28.73,Clay,1.41,10.58,14.61,East,1714,Zaid,Drip,343.51,3.09,24.62
maize,129,28,91,8.19,10.86,2131.64,79.84,33.08,Loamy,0.82,4.08,17.41,East,2008,Kharif,Rainfed,66.84,4.41,8.08
cotton,177,87,125,4.82,36.76,1834.91,64.16,59.03,Loamy,1.26,5.25,1.52,South,572,Zaid,Drip,345.78,13.59,9.54
cotton,138,83,137,5.32,24.0,697.57,55.16,60.43,Loamy,1.56,8.33,7.13,East,1834,Kharif,Rainfed,251.28,6.59,8.27
maize,137,79,39,7.67,26.89,826.68,59.15,48.06,Loamy,1.11,6.96,12.36,Central,1715,Rabi,Drip,216.42,23.65,8.75
maize,169,79,30,5.14,13.44,2499.62,46.48,36.97,Sandy,1.36,9.36,7.08,North,1267,Kharif,Drip,246.07,4.91,11.22
maize,175,71,61,4.91,24.68,2359.32,42.6,40.81,Loamy,1.05,4.47,13.97,West,1739,Rabi,Sprinkler,333.16,13.81,11.09
potato,123,76,109,5.21,26.0,337.21,42.74,44.02,Sandy,1.33,8.42,14.46,South,1449,Zaid,Drip,87.68,10.51,23.07
maize,92,34,71,7.16,23.96,2678.76,77.92,62.7,Silt,1.52,10.51,12.61,South,1817,Rabi,Canal,251.49,14.03,12.35
sugarcane,113,89,71,8.18,38.62,1754.18,41.61,63.46,Silt,1.22,5.61,3.69,East,426,Kharif,Rainfed,191.75,12.04,75.07
wheat,54,40,114,6.81,27.14,1478.09,84.67,57.37,Clay,0.5,8.77,16.85,South,1014,Rabi,Sprinkler,304.54,6.39,10.1
potato,41,58,21,5.22,39.23,1188.97,56.96,44.19,Silt,0.41,6.41,6.58,North,2009,Rabi,Drip,188.02,23.72,22.2
cotton,178,81,44,5.42,14.6,1239.51,62.01,34.54,Silt,1.36,6.6,17.62,Central,1394,Rabi,Sprinkler,179.33,3.11,4.95
wheat,54,84,95,6.63,37.43,1536.47,66.66,26.51,Loamy,0.64,7.6,6.98,Central,2133,Zaid,Drip,330.06,2.59,9.64
maize,40,76,113,7.23,26.59,826.43,48.37,41.72,Loamy,1.44,6.12,3.73,South,1882,Kharif,Rainfed,291.42,23.75,9.79
wheat,93,59,113,7.05,18.88,628.7,83.73,32.28,Loamy,0.56,10.77,5.9,East,783,Zaid,Rainfed,124.23,10.65,6.23
sugarcane,155,25,60,6.75,32.37,1702.52,66.5,18.64,Silt,1.48,4.31,14.85,South,1352,Rabi,Canal,195.81,11.08,73.01
potato,79,86,106,8.15,26.69,1432.91,83.97,38.81,Loamy,1.35,9.13,6.24,South,1355,Zaid,Drip,265.89,5.83,24.74
maize,118,88,100,5.47,27.27,1992.45,60.45,43.55,Loamy,1.45,4.57,11.17,West,1474,Zaid,Canal,128.94,13.04,9.54
rice,128,48,143,5.39,15.16,1531.69,32.34,45.57,Loamy,0.6,9.98,12.83,West,2194,Zaid,Rainfed,270.14,5.69,9.19
potato,145,60,96,7.72,30.4,1281.05,31.87,18.69,Loamy,1.44,7.34,6.17,Central,1304,Kharif,Sprinkler,293.23,23.74,24.99
sugarcane,125,95,57,5.79,18.82,1158.89,48.46,39.16,Sandy,1.06,5.57,12.28,East,1459,Zaid,Rainfed,289.3,2.5,76.35
wheat,43,46,61,5.93,20.67,1743.44,80.84,47.8,Loamy,0.41,7.44,3.63,Central,1613,Rabi,Rainfed,85.38,8.92,6.74
wheat,30,89,97,6.67,37.2,996.82,45.99,63.05,Silt,1.51,10.69,11.72,South,1568,Kharif,Drip,161.23,12.76,9.83
rice,54,19,83,6.1,15.38,2344.25,59.07,16.25,Loamy,0.55,5.15,12.13,Central,512,Zaid,Rainfed,347.02,21.68,8.89
rice,101,77,144,5.78,36.6,2284.01,42.09,48.81,Loamy,0.58,8.24,1.56,West,1589,Rabi,Sprinkler,276.46,0.88,11.98
maize,98,43,46,7.92,25.01,1909.79,75.0,18.12,Sandy,1.22,7.32,6.0,North,1743,Kharif,Canal,291.58,13.95,11.15
cotton,162,62,78,5.24,15.36,1264.31,70.18,22.94,Loamy,1.06,8.88,1.1,North,437,Zaid,Rainfed,260.07,3.26,8.35
sugarcane,134,30,84,6.17,34.35,1805.42,84.15,23.67,Loamy,1.47,5.21,14.47,South,378,Kharif,Canal,313.32,2.36,76.21
cotton,176,39,44,4.81,29.57,1854.64,51.3,31.44,Clay,0.7,8.17,8.59,South,919,Rabi,Canal,269.25,23.55,8.03
wheat,52,86,56,7.55,20.4,1993.63,89.09,56.56,Loamy,0.35,9.96,8.26,South,1906,Zaid,Canal,227.84,0.73,9.56
rice,38,43,143,5.37,19.02,1253.69,82.66,57.81,Silt,1.59,4.18,8.77,Central,1476,Rabi,Drip,243.72,6.61,9.55
rice,147,66,90,7.43,22.63,1344.36,56.91,33.75,Clay,0.71,9.62,7.87,Central,1177,Rabi,Canal,200.97,23.47,8.6
rice,123,60,113,5.31,14.09,2576.82,81.62,36.57,Clay,0.51,7.32,3.8,West,1993,Rabi,Sprinkler,99.25,9.37,8.98
sugarcane,173,39,86,6.22,34.28,576.55,55.49,25.85,Silt,1.58,5.34,12.25,Central,325,Kharif,Rainfed,125.07,9.2,73.67
maize,62,37,122,7.28,18.36,629.03,77.25,36.63,Silt,1.03,8.26,16.59,West,639,Kharif,Sprinkler,96.45,7.73,7.01
potato,159,48,110,5.72,34.81,2776.53,51.6,28.74,Loamy,0.49,6.1,17.77,North,246,Rabi,Rainfed,286.52,6.28,26.25
wheat,43,81,109,5.87,31.94,1858.37,45.32,23.74,Loamy,1.39,10.9,14.55,Central,2194,Rabi,Sprinkler,191.28,4.73,8.91
rice,30,48,89,7.07,38.26,1446.7,74.26,22.92,Loamy,1.53,5.9,7.61,West,653,Rabi,Rainfed,171.66,6.0,7.78
wheat,119,46,78,5.44,12.97,600.02,87.88,53.78,Clay,1.45,9.0,10.57,South,840,Rabi,Drip,133.75,0.8,7.1
rice,118,43,31,8.04,20.48,1909.83,73.59,20.85,Silt,0.56,7.51,1.22,North,1478,Kharif,Sprinkler,99.23,8.85,7.47
wheat,173,23,70,5.44,28.72,2239.02,88.59,45.8,Sandy,0.37,6.76,7.05,West,1296,Zaid,Canal,183.09,1.23,9.41
cotton,119,80,29,7.35,35.76,1627.97,85.23,23.37,Sandy,0.78,7.68,12.41,West,387,Zaid,Rainfed,151.22,15.45,4.78
potato,43,71,28,7.53,14.67,423.21,55.58,56.89,Loamy,0.76,6.14,16.21,West,1603,Zaid,Sprinkler,117.63,19.9,22.24
sugarcane,140,53,106,6.07,35.84,1576.62,60.3,28.72,Silt,0.83,7.23,2.88,North,1205,Kharif,Canal,130.35,3.9,75.15
wheat,172,21,113,5.33,12.01,681.67,41.43,17.24,Loamy,1.34,6.63,2.56,East,50,Zaid,Sprinkler,312.77,20.09,8.61
potato,112,83,71,5.36,24.23,1381.18,56.35,37.6,Clay,0.31,8.53,3.62,Central,1511,Rabi,Canal,157.15,1.33,23.96
potato,101,22,41,8.15,12.53,1031.63,76.03,64.99,Clay,1.18,9.05,3.46,North,1997,Zaid,Drip,313.23,10.65,25.3
sugarcane,159,32,92,7.27,14.5,626.74,61.35,55.66,Sandy,1.58,9.38,14.34,South,330,Kharif,Canal,316.85,21.1,74.55
potato,56,96,102,6.33,33.25,418.62,88.41,43.51,Silt,0.82,9.5,13.1,North,1862,Kharif,Sprinkler,236.15,17.61,26.15
cotton,103,63,91,5.67,10.56,1797.1,36.9,24.47,Silt,0.93,6.47,16.38,South,667,Zaid,Sprinkler,316.72,9.93,10.1
wheat,128,30,137,4.86,26.66,1731.86,60.46,20.88,Clay,1.12,8.31,6.0,North,1359,Kharif,Canal,327.62,17.8,9.51
sugarcane,101,35,87,7.08,12.95,699.11,61.93,56.93,Silt,0.67,7.54,12.55,South,1528,Zaid,Canal,124.89,2.21,74.14
rice,52,24,24,8.05,34.34,2594.54,38.93,54.39,Sandy,1.23,8.48,7.2,West,1980,Zaid,Drip,305.22,4.75,10.05
potato,97,18,102,5.16,34.25,2486.18,77.82,38.11,Loamy,0.56,6.48,3.34,East,2103,Kharif,Sprinkler,340.34,18.98,28.69
rice,171,58,140,7.37,31.08,972.67,79.09,36.07,Silt,0.38,5.34,14.36,Central,520,Zaid,Sprinkler,210.7,12.04,7.97
wheat,146,22,25,5.32,32.68,1560.43,83.84,52.43,Silt,1.34,9.08,11.63,East,1956,Rabi,Sprinkler,314.93,8.17,9.77
sugarcane,135,69,88,7.49,27.72,1566.45,86.22,41.8,Sandy,0.53,6.65,12.95,North,862,Zaid,Rainfed,238.16,2.16,76.32
potato,122,33,77,6.06,24.56,750.55,74.85,35.21,Sandy,1.25,9.12,3.77,Central,761,Kharif,Rainfed,301.01,9.73,27.05
maize,94,78,62,7.22,22.3,1289.25,80.5,27.59,Loamy,1.43,8.95,11.97,East,990,Zaid,Drip,124.49,7.7,7.85
maize,97,54,91,7.95,29.84,1894.34,34.38,21.13,Sandy,0.36,10.95,6.26,Central,980,Kharif,Canal,119.75,3.33,9.01
cotton,157,65,110,6.91,21.48,1551.33,53.03,44.74,Clay,1.22,6.56,5.28,West,1860,Zaid,Drip,298.43,12.89,8.61
potato,92,23,56,7.93,10.08,1253.34,47.1,56.3,Clay,1.14,8.78,12.04,East,301,Zaid,Sprinkler,273.75,3.75,23.99
rice,142,44,77,5.6,13.02,1397.0,77.63,52.31,Loamy,1.11,8.85,1.41,Central,658,Rabi,Canal,316.7,22.24,10.61
cotton,119,70,146,8.13,29.55,1907.96,48.51,49.82,Loamy,0.68,10.57,16.37,Central,212,Zaid,Rainfed,67.84,24.87,7.82
maize,110,95,56,7.77,20.95,2602.15,60.06,61.44,Silt,0.36,7.49,3.76,Central,434,Rabi,Sprinkler,240.44,3.87,12.7
maize,132,58,35,5.17,39.69,2594.45,55.43,34.73,Clay,0.43,8.65,8.13,Central,576,Rabi,Canal,187.56,3.31,9.69
sugarcane,145,73,129,6.21,20.62,2411.16,75.51,21.86,Clay,0.65,9.28,10.25,South,1558,Zaid,Sprinkler,158.27,12.07,76.37
wheat,42,29,31,7.95,13.25,1422.28,64.61,20.1,Clay,0.83,10.93,15.19,South,315,Rabi,Canal,308.18,24.47,6.79
potato,153,82,42,5.07,19.85,2777.23,53.68,62.75,Clay,1.49,7.21,4.79,South,477,Kharif,Sprinkler,153.01,11.16,25.84
rice,176,84,130,6.34,30.61,697.12,37.86,44.45,Sandy,1.19,5.8,16.69,West,402,Zaid,Rainfed,170.04,10.16,11.01
potato,117,75,71,7.26,25.85,1454.78,39.8,55.54,Clay,0.33,8.24,6.04,West,1933,Zaid,Sprinkler,129.97,23.88,27.12
cotton,40,94,146,4.91,28.31,1650.49,73.29,41.78,Loamy,1.5,7.04,10.14,East,2028,Kharif,Sprinkler,342.14,11.34,7.55
rice,44,37,48,7.36,13.34,2733.69,32.01,34.92,Silt,1.24,4.69,3.88,South,1353,Kharif,Drip,243.33,19.95,11.56
maize,39,91,140,6.03,34.81,1502.66,56.31,25.01,Silt,0.94,7.12,11.58,East,1503,Kharif,Canal,270.57,10.91,11.48
rice,70,61,120,5.65,37.07,1931.71,73.8,57.82,Loamy,0.9,8.86,3.66,Central,2037,Zaid,Sprinkler,344.73,17.52,12.83
maize,102,31,30,6.76,14.36,886.0,51.89,18.18,Clay,1.51,7.21,2.43,North,1970,Kharif,Drip,219.67,22.99,8.55
potato,81,71,108,6.65,28.78,1608.06,69.04,60.01,Sandy,1.02,8.0,9.36,Central,1319,Kharif,Sprinkler,196.98,16.23,27.38
rice,157,68,77,7.77,16.89,1943.57,76.14,25.25,Clay,0.95,8.97,12.86,East,1552,Zaid,Canal,197.23,24.26,8.47
sugarcane,57,66,38,7.1,15.47,870.36,82.8,15.48,Clay,1.31,7.55,4.17,North,253,Zaid,Canal,269.21,18.34,74.39
maize,94,36,69,6.23,16.14,1604.67,43.46,20.19,Loamy,1.07,4.68,1.93,West,166,Zaid,Canal,323.36,1.58,11.98
wheat,46,97,141,7.01,25.64,1944.89,72.26,59.18,Silt,0.62,8.85,1.72,North,589,Rabi,Drip,284.93,0.99,10.68
sugarcane,124,53,91,7.35,36.58,992.8,63.53,18.69,Silt,1.6,5.36,1.02,Central,556,Kharif,Sprinkler,212.31,3.6,73.93
rice,167,27,74,7.99,34.56,1464.01,57.54,32.76,Silt,0.67,9.01,4.97,East,439,Rabi,Rainfed,136.36,3.59,6.12
potato,92,92,118,7.19,14.3,2335.73,55.11,27.52,Loamy,1.19,6.15,15.73,South,794,Rabi,Rainfed,303.24,0.7,25.47
rice,67,80,89,6.65,25.3,1645.47,82.37,16.84,Sandy,0.94,7.76,8.69,Central,1694,Zaid,Sprinkler,300.74,9.36,10.68
sugarcane,99,66,136,6.07,14.53,838.19,40.76,41.57,Sandy,0.46,4.45,16.69,East,1047,Kharif,Canal,124.26,24.82,74.03
potato,133,28,45,7.83,23.14,835.57,76.71,64.92,Silt,1.55,6.0,5.24,Central,859,Rabi,Drip,259.11,14.59,24.9
wheat,82,87,148,7.49,26.88,2066.56,34.59,57.65,Silt,0.74,10.47,17.72,North,329,Zaid,Sprinkler,220.9,18.49,11.39
cotton,148,88,133,5.06,34.35,1005.94,62.87,23.44,Sandy,1.15,7.68,15.02,West,109,Rabi,Sprinkler,123.41,11.32,4.75
cotton,103,77,84,7.18,35.84,360.5,39.6,59.22,Loamy,1.26,10.35,14.33,North,1697,Kharif,Rainfed,144.53,4.41,8.52
wheat,83,85,29,6.63,10.83,2431.01,57.57,37.59,Sandy,0.81,10.58,11.12,South,530,Zaid,Rainfed,271.3,8.78,9.78
cotton,49,42,114,5.15,30.68,346.71,58.94,28.66,Clay,0.64,5.94,4.33,East,929,Rabi,Canal,335.55,5.58,6.25
rice,108,60,140,6.72,22.3,1672.71,73.92,47.02,Clay,0.38,10.34,17.18,North,1421,Zaid,Rainfed,248.1,13.8,11.48
cotton,60,42,145,5.45,24.85,856.93,42.54,25.83,Loamy,1.54,8.6,14.78,East,1947,Kharif,Rainfed,342.4,11.68,4.2
sugarcane,164,16,56,7.21,16.66,2242.77,47.7,58.98,Silt,1.06,7.81,15.15,Central,1546,Rabi,Drip,218.21,21.33,75.7
sugarcane,87,31,88,5.75,11.03,647.21,60.06,46.21,Clay,1.23,6.84,16.06,North,1957,Kharif,Sprinkler,307.85,5.29,74.35
cotton,134,73,60,5.31,35.06,2437.32,75.39,21.8,Sandy,0.91,5.77,5.38,North,1845,Zaid,Sprinkler,342.52,14.33,10.55
cotton,39,66,64,5.08,16.92,1726.6,62.67,43.53,Clay,0.6,6.79,15.78,South,390,Zaid,Drip,68.46,0.52,5.06
maize,39,18,142,6.47,36.41,722.84,77.64,40.52,Sandy,1.59,8.58,9.34,North,145,Zaid,Canal,72.31,19.97,9.4
cotton,68,91,145,5.48,12.09,1921.39,69.28,38.57,Sandy,1.56,6.54,12.11,West,928,Kharif,Rainfed,132.92,14.0,5.87
wheat,66,96,46,7.71,22.25,373.21,85.15,33.25,Sandy,1.42,6.47,17.33,East,522,Zaid,Drip,141.95,1.6,4.93
potato,148,17,103,4.81,32.27,1800.94,70.13,38.71,Clay,1.49,7.81,16.28,Central,1712,Zaid,Sprinkler,221.31,20.39,23.31
rice,96,51,68,7.67,17.7,2161.93,50.79,44.3,Loamy,1.05,4.32,5.24,West,745,Zaid,Canal,205.03,1.56,10.24
wheat,72,38,115,6.57,39.02,1499.66,36.05,51.68,Sandy,0.78,8.28,13.47,West,998,Rabi,Canal,302.2,10.77,10.55
cotton,81,86,140,7.94,29.12,672.48,72.26,60.89,Clay,0.75,6.05,15.1,North,566,Rabi,Rainfed,220.33,21.64,6.17
cotton,130,49,133,5.5,16.52,793.59,88.95,17.22,Silt,1.51,7.44,8.5,West,1585,Kharif,Drip,140.03,1.46,5.38
cotton,85,16,33,5.15,33.81,665.69,59.26,43.47,Loamy,1.55,9.8,2.82,Central,1722,Rabi,Sprinkler,123.65,6.34,5.9
cotton,105,47,81,6.92,39.54,1310.4,38.11,52.6,Clay,0.87,9.55,6.34,West,526,Kharif,Drip,144.54,7.7,7.46
rice,97,90,62,7.2,17.47,743.06,49.22,20.78,Loamy,1.09,6.04,13.48,West,933,Kharif,Drip,100.85,13.79,5.37
wheat,166,91,115,6.07,34.68,1049.18,54.62,60.57,Clay,1.35,4.35,10.98,North,1762,Kharif,Rainfed,235.99,12.27,10.3
rice,135,24,46,4.85,39.32,642.39,38.24,27.25,Sandy,1.21,6.65,14.12,East,173,Rabi,Canal,130.08,21.12,5.29
maize,154,95,87,6.18,16.62,743.55,49.93,56.67,Silt,1.43,4.82,16.24,East,1126,Kharif,Sprinkler,311.14,22.41,12.71
cotton,121,76,146,5.59,17.04,2636.11,77.93,48.1,Clay,1.09,7.03,6.54,South,381,Kharif,Rainfed,339.87,8.72,10.22
wheat,52,57,67,5.98,31.51,335.81,49.03,42.98,Loamy,1.06,9.8,12.7,East,1086,Kharif,Canal,173.03,22.5,6.72
potato,138,83,86,6.52,38.52,1607.61,89.92,58.46,Silt,0.79,6.27,2.65,West,219,Zaid,Rainfed,329.69,9.82,27.6
sugarcane,90,73,44,7.19,30.86,1377.27,47.45,63.46,Silt,0.4,9.69,12.3,South,645,Zaid,Sprinkler,312.18,19.5,76.65
potato,73,23,138,8.07,25.14,1002.96,35.95,64.86,Silt,0.37,10.78,1.61,South,1565,Rabi,Sprinkler,209.89,14.61,25.19
rice,45,91,28,5.29,13.16,2295.01,77.29,49.16,Sandy,0.5,8.75,5.28,North,376,Rabi,Drip,112.65,20.34,8.45
rice,51,74,114,7.11,37.73,847.89,37.26,31.96,Sandy,0.38,9.95,8.62,South,1732,Zaid,Rainfed,228.84,15.21,9.61
cotton,86,77,78,5.59,12.07,2529.66,32.86,58.73,Clay,1.0,9.9,15.37,North,1420,Zaid,Drip,284.37,19.92,8.75
sugarcane,91,66,36,5.55,16.35,2006.59,53.77,47.72,Sandy,0.82,4.14,3.53,Central,1919,Rabi,Rainfed,96.09,14.52,73.37
rice,136,37,114,6.95,23.52,1959.79,84.1,31.17,Silt,0.33,8.64,14.26,South,1168,Zaid,Sprinkler,331.39,2.93,11.39
potato,100,44,120,7.44,25.02,2706.59,64.23,61.62,Loamy,0.33,9.4,10.6,North,1386,Kharif,Sprinkler,279.82,19.72,27.92
sugarcane,119,57,61,8.12,11.66,2463.76,85.07,52.38,Silt,0.98,7.11,8.77,Central,1718,Rabi,Drip,301.46,17.32,74.29
potato,101,82,68,7.41,12.47,1518.53,82.41,37.64,Silt,1.01,9.92,11.92,Central,1399,Kharif,Drip,224.71,19.42,23.77
rice,99,35,25,5.33,13.75,1742.87,34.56,37.72,Sandy,0.35,8.65,6.86,North,2162,Kharif,Rainfed,130.68,2.41,9.14
sugarcane,59,57,92,5.57,11.19,2239.61,33.34,64.8,Loamy,1.17,8.79,17.91,South,641,Kharif,Sprinkler,68.77,17.24,74.93
maize,132,87,51,7.39,39.32,813.71,47.87,33.69,Silt,0.46,6.86,2.88,Central,1766,Kharif,Rainfed,195.47,19.38,11.32
maize,61,21,101,6.59,17.14,1914.32,82.99,19.7,Loamy,0.94,10.19,3.36,East,1842,Kharif,Rainfed,83.26,9.24,7.77
potato,115,30,88,5.8,36.39,981.33,60.3,41.93,Loamy,0.51,6.65,16.03,East,1850,Zaid,Canal,113.33,23.81,22.01
sugarcane,86,37,133,6.4,33.53,474.14,87.48,59.24,Silt,0.35,5.03,4.73,South,507,Zaid,Sprinkler,196.99,16.94,76.53
rice,138,72,46,7.91,31.18,2755.96,47.92,44.23,Sandy,0.58,6.2,2.04,Central,15,Kharif,Rainfed,210.5,1.48,10.46
rice,38,45,85,7.37,29.74,2056.79,56.78,54.65,Sandy,0.9,6.81,16.15,North,1501,Rabi,Drip,206.93,16.7,10.43
maize,60,83,70,6.33,24.96,2062.28,31.55,17.74,Clay,1.27,9.27,2.06,South,1269,Zaid,Drip,212.1,0.36,10.16
cotton,100,20,94,8.13,26.91,1399.96,82.42,48.67,Silt,0.65,4.61,15.62,East,1997,Kharif,Rainfed,145.49,4.15,5.06
sugarcane,166,79,69,7.5,36.72,793.48,39.6,18.96,Silt,1.19,8.61,10.02,Central,1141,Rabi,Drip,239.96,9.67,74.04
sugarcane,42,73,111,4.82,33.33,2512.49,89.19,42.82,Loamy,1.42,7.59,10.08,East,1369,Zaid,Drip,164.41,8.25,75.6
sugarcane,160,42,131,5.18,16.92,1876.97,48.27,39.89,Loamy,0.65,6.22,3.22,West,203,Rabi,Drip,198.68,18.03,74.65
wheat,64,32,87,6.68,13.13,922.12,86.72,62.28,Clay,0.98,6.76,11.72,West,1671,Zaid,Drip,148.96,7.51,7.86
maize,50,91,125,5.99,18.81,709.78,70.22,21.62,Clay,0.83,8.89,7.3,North,696,Zaid,Canal,95.82,19.47,8.23
rice,93,24,95,7.56,13.98,2154.9,64.49,15.47,Loamy,0.34,8.21,7.16,North,2143,Zaid,Rainfed,99.05,6.87,7.14
sugarcane,124,21,105,7.85,38.63,742.78,37.21,21.87,Loamy,0.81,4.5,12.85,North,672,Rabi,Rainfed,289.24,13.78,76.01
cotton,63,51,126,5.62,21.48,843.94,36.25,23.54,Clay,0.79,4.69,15.75,Central,1245,Rabi,Sprinkler,239.12,15.85,6.69
rice,150,59,75,7.4,15.2,554.16,45.95,27.55,Sandy,1.11,8.92,13.43,North,1142,Kharif,Canal,65.92,23.45,6.95
cotton,44,30,99,6.62,28.67,2179.82,51.45,55.75,Clay,1.43,10.16,12.59,East,1853,Rabi,Rainfed,298.96,0.71,8.81
cotton,149,28,43,6.13,21.95,1878.45,67.02,33.84,Loamy,1.17,5.13,16.06,South,1240,Rabi,Sprinkler,60.43,7.75,5.65
potato,125,25,47,7.48,16.54,1360.39,40.07,57.04,Silt,0.76,8.17,16.3,West,1891,Kharif,Sprinkler,99.62,5.07,22.52
sugarcane,35,97,140,6.72,11.73,740.27,71.55,28.6,Loamy,0.88,5.44,13.52,North,679,Zaid,Rainfed,84.39,17.3,73.63
rice,138,48,112,6.96,12.77,1687.06,33.37,58.03,Sandy,1.45,10.89,14.95,North,1596,Rabi,Drip,167.94,11.75,9.76
wheat,126,74,104,5.01,26.9,1915.4,81.91,15.4,Loamy,1.13,8.4,5.1,South,1214,Kharif,Rainfed,106.52,13.43,6.25
sugarcane,61,27,131,6.79,32.51,918.35,82.63,61.73,Loamy,0.81,9.72,12.58,South,1251,Zaid,Rainfed,145.29,2.0,72.91
potato,112,53,141,5.82,37.77,1097.36,83.77,52.3,Clay,1.08,6.03,9.32,North,761,Kharif,Sprinkler,114.3,14.07,22.5
maize,147,58,108,6.48,27.56,834.62,55.48,35.64,Sandy,1.14,6.37,15.43,South,1581,Zaid,Canal,292.29,7.53,9.09
wheat,108,42,50,5.55,29.58,1191.69,37.81,43.87,Clay,0.93,5.02,17.34,North,2129,Zaid,Sprinkler,97.34,19.35,6.47
rice,107,54,130,6.89,17.26,912.25,60.58,61.65,Silt,1.42,8.76,5.54,West,486,Rabi,Rainfed,87.55,9.08,10.33
cotton,176,30,61,5.3,18.23,1515.9,75.51,44.13,Silt,1.36,10.87,12.41,East,505,Kharif,Rainfed,134.88,0.92,6.15
wheat,136,64,121,5.22,22.53,2644.19,46.14,26.43,Sandy,0.98,7.43,15.53,Central,992,Zaid,Sprinkler,158.32,1.61,7.87
maize,155,42,69,5.44,36.06,1004.87,70.02,43.64,Silt,1.55,4.68,12.59,South,687,Kharif,Drip,165.53,7.66,7.92
cotton,44,82,143,7.58,23.06,1335.25,31.13,58.57,Silt,1.54,4.09,12.7,West,844,Zaid,Drip,68.46,8.18,4.09
potato,163,74,32,4.91,17.19,1230.95,78.76,64.37,Loamy,1.56,8.96,14.9,West,1654,Rabi,Canal,174.75,17.09,23.54
maize,102,26,51,7.28,37.58,795.72,43.06,44.2,Clay,0.59,5.25,12.94,South,1035,Kharif,Canal,136.68,7.33,8.45
maize,130,30,98,4.99,22.34,2733.18,84.74,22.78,Clay,0.43,10.54,15.06,West,1410,Rabi,Sprinkler,220.91,19.2,9.95
cotton,127,67,110,6.81,12.39,1596.06,62.55,53.59,Clay,1.1,9.14,17.85,North,787,Zaid,Sprinkler,122.19,13.85,8.47
sugarcane,55,68,25,7.43,26.36,1805.3,52.53,64.85,Sandy,1.25,5.31,10.25,Central,98,Kharif,Sprinkler,280.34,7.61,75.68
rice,121,63,44,5.59,28.79,752.57,74.24,38.68,Loamy,0.7,10.32,12.32,North,211,Rabi,Rainfed,270.35,6.4,9.87
maize,154,50,87,5.47,38.66,2317.33,48.78,34.19,Loamy,1.0,5.55,11.46,South,1211,Kharif,Canal,84.57,8.09,8.61
potato,102,76,45,5.78,34.2,2486.25,72.91,42.63,Sandy,1.14,10.69,5.79,North,1575,Zaid,Canal,137.98,7.76,26.24
rice,152,98,37,7.18,13.03,1573.2,48.75,23.24,Clay,0.9,6.01,15.16,South,1772,Zaid,Canal,173.72,14.75,9.53
wheat,82,40,92,5.67,25.36,1095.19,80.84,63.56,Loamy,1.0,4.88,7.57,South,672,Zaid,Rainfed,115.1,19.6,7.39
cotton,107,70,81,6.51,23.02,940.72,88.87,56.92,Loamy,0.4,8.0,17.23,West,2073,Rabi,Sprinkler,183.39,5.57,7.6
potato,121,36,87,5.26,21.8,522.46,69.47,20.65,Clay,1.59,8.17,15.06,South,1966,Kharif,Rainfed,284.06,19.61,23.53
wheat,117,87,67,6.37,14.19,1349.94,62.28,62.25,Silt,0.79,8.4,3.64,East,47,Kharif,Canal,63.54,0.91,9.37
maize,42,83,82,6.92,21.26,1760.02,57.59,62.14,Sandy,0.57,5.9,2.02,East,2109,Zaid,Sprinkler,79.42,7.88,11.44
rice,72,95,70,5.04,24.1,1474.73,85.75,30.82,Loamy,0.92,6.6,3.38,West,1935,Kharif,Sprinkler,299.06,8.67,11.15
sugarcane,105,63,31,7.57,16.57,1608.77,56.26,45.96,Clay,0.71,10.94,14.24,South,1242,Zaid,Canal,233.69,1.09,74.35
cotton,80,16,145,7.99,27.28,2527.67,78.61,20.54,Silt,0.81,6.8,13.4,Central,317,Rabi,Sprinkler,137.59,13.51,6.27
cotton,48,67,28,5.46,16.64,975.54,30.23,19.21,Clay,1.03,4.71,11.24,Central,1625,Rabi,Drip,346.53,1.34,5.8
maize,178,21,26,7.38,13.64,1762.34,83.55,40.09,Clay,0.66,6.98,4.08,Central,627,Zaid,Rainfed,220.57,16.29,10.14
cotton,151,91,77,5.87,39.52,681.79,53.2,17.48,Silt,1.17,5.33,8.65,North,1553,Rabi,Sprinkler,268.47,16.37,7.92
sugarcane,53,34,59,7.1,30.65,1870.98,46.71,58.74,Sandy,0.86,5.04,10.1,Central,1260,Zaid,Sprinkler,319.23,4.5,77.52
rice,55,44,108,5.84,27.84,526.65,39.05,61.4,Loamy,0.41,6.68,17.5,South,900,Rabi,Canal,169.67,2.01,8.09
sugarcane,149,89,50,7.73,19.83,659.6,34.29,18.37,Sandy,1.45,6.41,4.72,West,477,Kharif,Sprinkler,82.21,2.18,70.88
wheat,111,81,45,5.98,16.25,697.73,82.93,17.36,Sandy,0.92,4.82,6.98,West,1926,Rabi,Canal,346.35,6.67,9.12
rice,129,73,125,7.69,13.94,1862.76,49.9,26.07,Clay,1.5,4.12,11.93,Central,8,Kharif,Rainfed,143.63,19.62,9.8
wheat,46,80,103,7.4,11.88,2010.36,88.35,61.5,Clay,0.79,8.43,4.58,North,1994,Kharif,Sprinkler,253.33,14.51,10.18
potato,97,17,95,5.47,30.99,326.85,55.26,53.45,Clay,1.01,5.68,4.04,South,1470,Kharif,Sprinkler,93.32,14.79,24.26
wheat,73,70,142,5.33,18.29,2368.57,86.87,48.82,Sandy,1.44,10.0,8.52,South,1464,Zaid,Sprinkler,161.63,12.25,8.08
rice,90,93,61,7.45,19.54,2299.6,69.5,53.82,Loamy,0.9,6.17,9.85,Central,1059,Rabi,Canal,139.96,15.12,9.32
cotton,152,31,80,6.13,14.83,842.71,39.24,24.97,Clay,1.12,7.82,12.7,North,609,Zaid,Canal,339.37,23.82,9.63
rice,122,66,63,8.03,13.51,523.44,48.36,27.83,Silt,0.62,5.55,13.92,North,891,Rabi,Sprinkler,89.55,21.43,7.32
potato,103,21,54,8.01,24.85,1755.93,86.46,30.88,Loamy,0.61,5.29,15.77,South,1899,Rabi,Rainfed,65.32,0.9,23.68
rice,96,19,127,7.16,31.83,2472.06,55.75,45.25,Loamy,1.01,10.61,6.76,North,12,Zaid,Drip,233.11,9.47,10.02
maize,140,68,110,6.5,39.73,1177.3,33.37,45.41,Loamy,1.1,8.74,9.57,Central,274,Rabi,Canal,192.49,19.2,12.18
rice,31,75,147,5.46,20.18,2712.99,50.42,25.43,Silt,1.15,10.65,15.68,West,925,Kharif,Drip,200.42,24.22,6.95
maize,118,30,20,7.8,29.92,2735.99,82.57,36.84,Silt,1.3,5.4,8.88,West,1059,Kharif,Sprinkler,183.48,4.61,10.15
potato,55,81,62,5.08,13.48,336.84,89.85,49.5,Clay,1.5,9.24,3.35,North,1437,Rabi,Drip,67.48,15.54,22.16
rice,128,73,51,6.06,26.67,1938.81,31.78,30.48,Loamy,0.61,5.56,8.4,West,1212,Rabi,Sprinkler,132.5,22.45,8.81
cotton,56,61,122,5.89,25.54,1177.57,58.26,18.77,Sandy,1.11,9.24,14.09,West,73,Kharif,Drip,311.12,9.38,6.22
sugarcane,118,62,52,8.06,10.96,651.22,44.76,24.87,Sandy,0.88,9.81,8.98,Central,1770,Zaid,Canal,270.68,9.31,71.8
sugarcane,175,78,114,5.2,24.49,2151.83,88.89,23.24,Sandy,0.42,5.49,5.17,South,300,Rabi,Drip,280.57,2.56,76.33
rice,30,64,128,7.83,24.86,2089.65,53.04,46.6,Clay,0.89,6.57,17.0,Central,695,Rabi,Canal,327.31,8.54,10.3
cotton,132,99,85,6.35,21.16,427.52,86.02,18.43,Sandy,1.33,8.24,6.18,North,1770,Zaid,Rainfed,164.27,23.39,6.24
rice,160,55,49,4.96,27.21,648.15,66.64,59.24,Loamy,0.4,10.37,9.83,North,86,Rabi,Canal,145.2,20.32,8.78
rice,70,86,29,7.28,11.37,491.37,83.51,19.22,Clay,1.09,4.19,7.0,South,1399,Kharif,Drip,302.86,5.84,8.14
sugarcane,80,36,42,5.14,35.33,1785.17,86.95,44.9,Clay,0.83,7.91,8.09,West,1021,Zaid,Rainfed,325.0,24.04,74.34
rice,44,68,116,5.61,25.62,1015.98,36.29,61.48,Silt,1.15,4.96,11.94,North,1098,Zaid,Rainfed,314.39,2.63,10.94
maize,37,19,58,7.52,10.96,1704.63,42.1,18.12,Loamy,1.37,6.97,9.18,South,52,Zaid,Rainfed,254.59,24.83,11.01
rice,67,31,142,5.33,39.51,2012.35,45.92,34.16,Sandy,1.0,7.74,2.74,South,1815,Zaid,Canal,80.76,11.54,8.48
cotton,143,92,122,5.91,21.45,1173.27,62.11,31.4,Loamy,0.7,9.53,9.65,Central,918,Zaid,Drip,125.68,5.83,6.45
rice,112,55,41,6.03,39.6,1171.26,44.47,32.21,Loamy,0.42,10.99,6.07,South,985,Zaid,Canal,329.55,4.82,9.97
potato,85,95,24,6.8,15.41,2171.11,86.03,45.02,Clay,0.68,7.92,11.73,Central,146,Kharif,Sprinkler,260.73,18.3,26.0
cotton,132,49,102,7.49,10.9,1183.87,40.85,28.11,Sandy,0.77,7.01,4.09,East,1446,Kharif,Sprinkler,193.88,15.34,7.34
cotton,167,54,51,5.58,31.4,1175.06,40.26,16.37,Sandy,1.13,7.55,10.89,North,1428,Rabi,Drip,253.61,24.17,8.64
maize,131,36,80,5.5,38.36,1805.32,39.1,63.11,Sandy,0.8,8.21,8.65,West,137,Zaid,Drip,320.5,23.41,11.94
potato,107,62,44,5.55,12.33,475.39,56.16,52.44,Silt,0.82,4.59,14.74,North,1519,Rabi,Rainfed,266.67,20.91,23.52
maize,112,67,83,6.1,32.07,1154.79,32.71,21.76,Loamy,0.68,4.5,6.76,North,58,Zaid,Sprinkler,184.8,6.58,9.89
rice,59,24,110,6.62,12.08,627.64,70.8,37.76,Clay,0.77,6.41,2.7,West,2037,Kharif,Rainfed,339.45,20.53,10.91
potato,34,32,61,4.85,33.82,2502.16,44.92,18.14,Clay,0.65,4.41,2.45,West,296,Zaid,Canal,265.55,18.26,23.88
wheat,148,94,58,7.45,27.44,1125.0,86.01,16.39,Clay,1.25,7.47,8.66,Central,1982,Zaid,Canal,291.66,22.39,9.71
wheat,60,63,21,7.95,33.45,1469.63,40.79,17.38,Sandy,1.58,5.81,9.8,West,1826,Kharif,Drip,105.28,11.61,7.07
cotton,52,85,100,7.67,21.14,517.97,34.73,52.79,Sandy,1.26,4.37,7.38,Central,1313,Kharif,Rainfed,245.04,5.65,8.03
rice,77,44,20,4.93,37.16,1536.7,54.15,37.25,Clay,0.4,4.36,14.39,Central,929,Kharif,Sprinkler,300.26,21.2,8.75
sugarcane,138,33,128,6.58,19.08,1945.08,44.72,57.22,Loamy,1.12,6.87,12.31,Central,1252,Kharif,Canal,241.95,15.35,76.96
cotton,69,69,144,7.57,18.5,411.51,82.15,30.26,Clay,1.21,6.32,10.61,South,43,Zaid,Drip,83.69,12.04,3.82
potato,35,74,83,5.97,38.82,1130.81,61.22,53.77,Loamy,1.31,9.7,11.39,North,248,Zaid,Sprinkler,80.8,15.65,24.52
potato,67,86,101,7.85,13.68,1691.73,58.6,18.9,Clay,1.29,4.91,13.98,North,2181,Zaid,Sprinkler,160.44,22.45,22.61
sugarcane,129,95,97,7.82,27.78,2790.81,76.7,46.76,Loamy,0.96,4.19,11.34,South,593,Rabi,Sprinkler,227.99,3.28,75.97
wheat,56,35,130,5.28,27.22,2215.54,69.16,33.03,Clay,0.64,4.42,4.79,West,1654,Kharif,Drip,293.2,4.98,10.37
maize,98,40,35,6.48,17.1,1717.23,30.58,28.84,Silt,0.46,6.32,7.9,Central,1350,Kharif,Drip,276.92,3.02,11.8
sugarcane,86,42,73,4.89,19.51,822.08,71.13,55.76,Silt,0.31,8.24,3.31,South,1893,Zaid,Drip,68.14,14.83,72.26
potato,46,53,143,5.76,18.6,2722.01,72.74,17.6,Sandy,0.3,7.5,15.81,Central,1688,Zaid,Sprinkler,142.99,4.4,22.53
cotton,100,47,99,7.56,35.38,804.12,40.46,62.48,Sandy,1.52,7.99,4.72,East,466,Zaid,Sprinkler,303.87,1.72,9.62
rice,76,54,98,8.12,21.69,686.82,72.56,54.28,Sandy,1.09,8.39,11.2,North,2163,Kharif,Sprinkler,180.04,15.05,7.91
wheat,108,97,146,7.91,20.76,1364.34,89.63,32.78,Sandy,1.05,6.17,1.91,North,599,Kharif,Drip,66.91,6.71,9.54
wheat,139,43,42,4.94,29.1,2150.2,47.64,64.57,Clay,0.79,10.36,6.4,North,1692,Zaid,Rainfed,283.98,15.2,10.41
sugarcane,42,34,57,7.95,24.87,528.65,32.31,25.12,Silt,1.34,4.06,16.22,Central,737,Rabi,Rainfed,224.84,15.15,71.04
sugarcane,168,34,96,7.6,22.78,761.04,81.03,35.12,Sandy,0.59,5.25,14.5,West,1963,Kharif,Rainfed,99.83,6.85,72.95
wheat,153,88,51,7.75,31.28,1861.84,42.3,59.24,Loamy,1.26,8.52,2.58,North,2090,Rabi,Drip,201.37,21.69,8.68
sugarcane,138,26,131,7.91,22.38,360.32,76.7,64.84,Loamy,0.77,10.81,10.49,North,1448,Kharif,Canal,74.95,15.49,73.1
cotton,119,39,125,6.46,16.66,1950.4,54.42,26.96,Sandy,1.22,5.07,7.53,Central,1902,Zaid,Canal,322.44,15.21,9.6
wheat,115,39,110,5.52,32.26,461.03,84.23,52.16,Sandy,1.22,8.95,3.3,West,1333,Zaid,Drip,128.41,22.06,8.18
sugarcane,121,18,117,4.87,12.03,1222.35,86.52,30.29,Sandy,0.71,5.72,14.91,North,1749,Rabi,Rainfed,302.16,23.24,74.07
sugarcane,53,18,64,4.88,39.99,1338.12,53.76,53.32,Clay,1.51,5.41,15.79,Central,1167,Kharif,Canal,279.51,20.54,72.58
potato,102,23,68,6.98,27.9,1907.87,88.85,21.26,Loamy,0.96,6.13,9.58,North,2181,Kharif,Drip,196.2,14.38,23.92
maize,33,29,23,5.95,16.49,1125.65,31.67,31.81,Loamy,0.64,5.19,4.23,South,835,Rabi,Drip,107.38,13.39,7.61
potato,142,40,83,6.49,15.95,535.74,64.14,18.75,Loamy,1.18,7.67,8.13,South,726,Zaid,Sprinkler,318.71,8.1,24.11
sugarcane,75,93,127,5.25,18.21,649.06,74.33,39.59,Silt,1.28,10.63,1.55,North,2005,Kharif,Rainfed,121.33,3.57,73.89
sugarcane,47,85,140,8.12,36.38,1404.33,55.67,50.08,Clay,1.54,10.46,12.94,Central,1404,Rabi,Canal,112.84,19.25,72.7
potato,72,46,109,5.24,34.8,1731.64,69.52,33.93,Silt,0.4,7.74,16.36,Central,1972,Zaid,Drip,123.66,21.29,22.07
wheat,122,90,75,6.31,14.34,2639.7,48.44,45.74,Clay,1.0,9.18,1.27,Central,306,Zaid,Drip,144.58,9.66,9.52
wheat,132,66,39,6.31,28.0,1687.2,34.64,43.45,Loamy,0.94,5.39,12.13,West,855,Zaid,Rainfed,172.94,21.95,8.15
cotton,153,46,96,4.83,37.33,2051.68,80.09,29.73,Loamy,0.7,7.89,2.51,East,1860,Zaid,Sprinkler,347.31,17.9,9.48
potato,39,23,106,7.07,31.99,774.94,47.78,39.34,Silt,1.3,9.43,4.93,Central,675,Kharif,Sprinkler,252.32,22.72,26.36
rice,102,92,134,6.63,27.62,2777.63,41.74,18.45,Loamy,0.55,6.26,10.1,Central,386,Kharif,Rainfed,83.91,20.92,10.12
sugarcane,60,27,113,6.49,16.26,664.86,41.99,38.0,Sandy,0.73,5.46,6.44,North,1508,Rabi,Drip,82.51,0.71,73.39
maize,89,70,133,7.58,38.31,1707.53,79.35,37.91,Clay,1.3,6.03,1.1,Central,907,Kharif,Rainfed,77.59,6.42,9.26
potato,160,58,28,5.62,36.75,2667.04,33.94,16.44,Loamy,0.92,5.94,17.71,East,2167,Rabi,Rainfed,194.68,16.27,25.82
potato,147,97,62,7.73,19.64,1467.1,59.87,40.69,Sandy,0.48,5.9,3.91,North,1223,Rabi,Drip,175.05,20.42,25.39
rice,43,44,23,7.74,24.93,2557.65,41.66,51.88,Silt,1.46,4.45,9.96,Central,504,Kharif,Rainfed,311.33,21.62,12.32
potato,172,30,84,7.61,12.46,1768.35,69.11,37.61,Loamy,1.25,7.49,9.77,East,190,Zaid,Canal,171.99,19.01,24.5
maize,31,26,117,5.96,28.94,2430.05,77.94,47.3,Loamy,1.03,5.12,17.14,North,1971,Zaid,Sprinkler,185.81,2.71,11.09
potato,53,88,74,5.35,11.63,2083.26,63.7,41.62,Clay,1.09,10.29,14.1,West,1015,Kharif,Rainfed,244.24,1.4,25.84
potato,93,80,106,6.42,37.18,1770.06,66.89,54.26,Loamy,1.11,9.61,10.45,West,545,Kharif,Drip,289.81,15.88,29.14
potato,129,32,109,5.68,36.41,589.38,67.41,40.72,Clay,0.95,10.37,13.52,North,1123,Zaid,Rainfed,294.98,7.59,24.48
maize,143,27,63,4.98,18.44,1027.74,64.38,31.58,Silt,1.27,10.11,15.39,East,1147,Kharif,Rainfed,271.97,21.32,9.2
wheat,53,38,24,5.75,32.26,602.54,43.14,56.38,Clay,1.23,6.5,6.5,East,845,Rabi,Sprinkler,202.35,18.28,9.85
rice,120,26,48,6.4,23.18,1670.11,69.21,18.38,Silt,0.3,9.41,3.06,South,885,Kharif,Rainfed,332.19,23.97,11.5
potato,55,74,145,5.18,35.36,1394.98,76.45,29.47,Loamy,0.44,7.49,14.79,South,100,Rabi,Drip,181.49,4.04,23.77
maize,94,74,23,8.01,11.84,1375.72,79.45,44.57,Sandy,0.33,5.79,4.25,Central,1131,Zaid,Drip,187.97,24.75,9.45
cotton,149,15,118,7.03,25.17,1007.08,34.76,57.8,Silt,0.52,6.53,6.8,South,1169,Kharif,Drip,307.69,11.14,10.1
cotton,33,57,68,5.26,21.92,2343.55,53.86,18.61,Loamy,0.39,8.0,15.98,North,1251,Zaid,Sprinkler,158.62,8.39,6.54
maize,30,69,104,7.56,17.81,1362.59,52.15,19.8,Silt,0.55,9.92,12.31,East,703,Kharif,Rainfed,173.65,15.29,10.2
rice,79,54,141,7.96,16.28,1001.4,85.41,29.12,Loamy,1.0,4.09,2.48,East,27,Kharif,Drip,123.24,21.79,9.13
rice,139,78,135,5.69,30.3,960.21,69.57,32.23,Loamy,1.17,7.09,5.14,North,1102,Zaid,Rainfed,65.12,24.01,8.05
sugarcane,168,48,104,5.29,16.06,1069.1,58.37,57.18,Sandy,1.49,4.04,3.64,West,1664,Rabi,Rainfed,272.77,13.46,73.83
cotton,103,48,80,5.9,28.97,2372.48,87.58,62.95,Clay,1.26,6.01,1.54,South,195,Rabi,Drip,67.97,10.38,8.04
wheat,91,62,105,7.63,21.69,1216.47,39.65,15.86,Sandy,0.34,6.87,4.69,North,1951,Kharif,Rainfed,212.49,7.86,6.66
sugarcane,110,47,37,5.4,17.28,909.47,51.69,15.77,Silt,0.91,7.26,12.01,Central,810,Rabi,Sprinkler,342.71,12.36,72.98
rice,85,82,23,7.45,33.51,2523.07,67.74,58.24,Sandy,1.18,9.18,1.24,West,531,Rabi,Rainfed,234.27,19.22,10.48
sugarcane,140,44,146,7.24,20.92,2538.28,60.61,21.78,Loamy,0.71,9.13,17.36,North,776,Rabi,Canal,68.76,0.89,73.52
maize,50,98,67,7.01,10.45,2003.01,65.44,31.97,Loamy,0.78,6.18,4.97,South,1394,Rabi,Sprinkler,260.63,18.7,12.59
maize,170,93,65,6.27,35.53,2364.96,75.7,28.76,Sandy,1.34,6.57,5.96,West,168,Rabi,Sprinkler,281.71,3.46,10.76
cotton,38,85,65,6.05,19.44,2379.03,71.77,29.09,Silt,0.36,5.82,1.59,Central,276,Rabi,Rainfed,154.85,19.32,8.66
potato,168,85,67,5.09,34.67,2042.04,69.43,31.43,Clay,1.0,6.74,2.18,West,2151,Rabi,Sprinkler,74.1,2.03,22.65
rice,99,43,139,6.02,26.39,1463.17,72.92,31.8,Clay,1.35,6.37,17.98,East,1999,Kharif,Drip,147.81,3.58,8.14
maize,158,37,38,6.85,36.44,2663.79,76.89,46.01,Loamy,1.34,8.65,6.68,North,832,Rabi,Drip,69.81,17.57,12.55
maize,147,48,38,7.85,22.54,1120.91,42.63,46.44,Clay,0.46,4.91,12.56,West,1707,Zaid,Sprinkler,155.44,15.87,8.25
cotton,85,98,61,7.63,15.08,2279.07,71.29,41.14,Clay,1.4,4.2,13.77,North,1187,Kharif,Drip,289.18,6.85,7.45
rice,60,29,111,4.91,10.54,868.39,69.87,57.93,Silt,0.4,4.14,9.39,North,1895,Rabi,Drip,324.21,12.97,7.32
wheat,66,67,24,5.27,33.36,1928.67,72.3,57.28,Clay,1.5,10.76,8.87,North,2065,Rabi,Drip,180.27,20.24,10.07
sugarcane,120,31,67,7.68,33.38,2374.81,44.67,25.86,Sandy,0.58,5.72,6.71,East,1835,Rabi,Drip,325.49,12.21,74.17
cotton,143,78,45,7.99,15.87,2108.64,46.87,42.18,Silt,0.45,9.13,12.93,West,750,Rabi,Drip,309.03,9.19,7.99
cotton,157,98,93,4.99,38.66,2069.97,76.25,54.19,Sandy,0.4,9.04,9.93,East,468,Zaid,Rainfed,192.59,9.67,8.01
potato,151,75,128,7.18,38.47,1464.33,52.68,58.34,Loamy,0.75,9.85,8.26,South,123,Rabi,Sprinkler,319.55,4.47,26.44
cotton,98,71,106,6.04,20.97,2549.99,85.38,27.76,Silt,0.75,6.72,3.58,West,228,Zaid,Drip,208.68,19.3,9.68
rice,65,91,92,6.04,14.43,1083.16,36.82,39.71,Clay,0.98,8.54,12.35,West,343,Rabi,Drip,257.53,11.93,10.67
cotton,61,51,75,6.99,18.52,2565.91,40.35,41.25,Silt,1.25,6.54,8.43,East,964,Kharif,Rainfed,62.0,10.05,7.39
wheat,93,21,145,7.55,37.88,392.46,41.12,49.98,Loamy,0.96,5.64,2.77,West,588,Zaid,Drip,245.23,13.2,7.47
maize,77,22,78,5.73,28.28,1800.23,47.13,31.51,Sandy,1.57,10.9,6.83,East,1442,Kharif,Drip,250.32,16.12,11.54
wheat,110,92,57,7.2,37.43,1856.63,84.04,29.67,Loamy,0.57,10.32,1.78,North,217,Kharif,Drip,151.87,8.02,6.06
potato,178,82,104,6.96,10.68,956.85,52.6,50.28,Silt,0.57,7.25,3.1,South,1341,Kharif,Drip,300.03,17.42,28.25
sugarcane,89,35,102,6.56,39.73,2185.57,57.69,34.97,Sandy,1.22,8.26,17.89,North,1428,Rabi,Sprinkler,131.25,3.1,74.32
sugarcane,170,75,105,6.85,28.84,780.14,55.37,15.2,Sandy,0.71,10.79,14.45,Central,1274,Rabi,Canal,227.81,20.07,73.41
potato,30,88,20,4.86,15.57,1332.81,78.41,61.89,Silt,0.52,6.4,17.79,Central,150,Rabi,Canal,206.65,7.03,22.83
cotton,94,94,147,4.81,25.2,2548.25,52.58,22.48,Loamy,1.33,9.88,16.99,North,138,Kharif,Drip,194.77,4.78,6.9
wheat,62,89,72,6.67,34.6,1285.62,79.95,22.43,Clay,0.59,6.77,17.28,East,887,Rabi,Drip,66.13,24.55,6.6
sugarcane,67,43,107,6.58,14.23,2365.8,58.92,55.92,Loamy,1.27,10.11,9.14,Central,1575,Rabi,Rainfed,340.65,21.81,76.77
wheat,54,39,103,5.04,28.26,547.16,44.6,31.78,Clay,0.57,7.41,12.51,Central,2054,Rabi,Sprinkler,275.64,16.51,7.53
maize,88,72,96,6.47,30.81,585.86,55.85,31.41,Loamy,1.52,7.73,1.21,East,1526,Zaid,Drip,67.32,13.82,9.29
maize,130,28,48,7.38,22.38,745.17,53.8,46.12,Silt,0.68,9.29,7.46,West,691,Rabi,Rainfed,166.83,7.65,7.53
cotton,156,92,55,6.64,26.25,712.44,44.5,17.95,Loamy,1.27,10.17,12.48,East,1199,Rabi,Rainfed,156.51,15.86,7.62
wheat,70,80,46,6.56,35.12,2746.23,37.35,26.85,Loamy,1.39,5.86,3.62,South,989,Zaid,Canal,159.09,7.04,8.35
rice,86,68,37,7.24,38.55,579.2,80.48,17.66,Silt,0.46,9.26,16.22,West,375,Zaid,Canal,216.53,11.19,7.16
maize,77,91,137,5.38,26.63,673.72,60.94,29.58,Silt,0.39,10.64,2.82,West,646,Rabi,Sprinkler,64.5,14.21,8.29
rice,101,81,86,6.36,31.08,726.23,44.57,58.5,Sandy,1.08,4.16,15.24,South,1737,Kharif,Drip,114.7,5.95,8.68
rice,85,44,77,5.3,19.68,1796.19,55.57,60.47,Loamy,1.11,5.1,11.46,North,1556,Kharif,Drip,106.98,15.27,9.61
cotton,94,32,49,6.58,20.02,1531.41,66.35,30.47,Silt,1.11,6.48,15.62,West,1982,Zaid,Drip,134.42,6.07,6.39
wheat,41,68,92,6.81,36.65,2108.15,73.18,24.38,Silt,0.89,9.5,4.81,West,2070,Zaid,Sprinkler,306.65,3.74,8.77
rice,98,35,142,5.21,12.96,1157.49,67.21,21.76,Sandy,1.52,8.1,11.83,North,1968,Zaid,Sprinkler,72.32,20.04,5.99
maize,163,67,101,5.06,16.16,402.06,44.04,34.72,Silt,1.2,10.45,4.79,South,1498,Kharif,Rainfed,143.75,17.24,7.84
cotton,118,97,36,5.37,18.1,1165.23,36.62,56.32,Sandy,0.4,7.24,5.44,West,1038,Rabi,Rainfed,324.49,7.08,10.27
maize,54,30,58,6.79,12.83,2234.92,34.43,57.63,Silt,1.32,7.5,2.93,North,1708,Rabi,Canal,300.06,18.33,12.12
maize,30,42,78,5.44,30.03,2336.19,36.48,17.3,Sandy,0.66,7.92,15.52,South,1372,Kharif,Canal,235.48,4.68,8.37
sugarcane,160,18,121,5.74,37.19,2083.98,50.75,25.46,Loamy,1.24,10.35,14.64,South,527,Rabi,Sprinkler,133.23,18.36,76.75
wheat,78,69,57,7.19,10.81,1309.91,51.3,25.16,Silt,0.38,4.42,5.79,Central,1373,Kharif,Rainfed,250.47,0.21,7.83
rice,176,29,123,5.64,17.57,1825.84,88.69,56.42,Silt,1.3,7.58,4.06,West,902,Rabi,Drip,294.03,0.42,11.45
maize,89,78,28,6.15,37.62,658.5,31.36,37.81,Loamy,1.01,6.63,14.57,West,2196,Zaid,Canal,156.99,1.95,6.93
maize,31,79,20,7.96,23.97,929.48,67.94,33.42,Loamy,1.24,6.14,8.88,North,653,Zaid,Rainfed,75.68,11.1,6.92
cotton,102,30,121,7.6,36.57,917.16,60.67,62.83,Loamy,0.94,9.01,6.57,North,547,Kharif,Rainfed,346.66,4.5,9.41
potato,174,34,106,5.67,38.32,488.58,38.74,61.27,Sandy,1.34,6.37,12.58,Central,323,Kharif,Sprinkler,165.56,18.87,25.08
wheat,139,78,142,6.83,39.73,2648.97,86.92,37.01,Silt,1.53,4.17,7.54,North,932,Zaid,Rainfed,305.03,24.07,11.93
sugarcane,90,47,66,7.06,21.87,1378.92,78.66,21.42,Silt,1.27,5.5,13.38,Central,449,Kharif,Rainfed,117.14,11.68,73.29
wheat,46,95,95,7.86,20.29,2485.04,43.25,23.55,Clay,1.27,6.04,4.56,East,517,Kharif,Sprinkler,308.09,14.87,9.33
wheat,78,83,29,6.66,32.46,854.49,47.52,20.6,Clay,0.58,5.27,10.66,Central,479,Kharif,Drip,329.64,8.46,7.83
sugarcane,105,83,62,6.71,27.84,2219.65,42.0,49.03,Silt,0.76,9.35,15.87,East,1182,Rabi,Rainfed,236.13,10.42,76.2
potato,177,72,94,7.82,29.78,2310.23,48.51,42.73,Sandy,0.46,8.24,14.79,Central,1996,Kharif,Drip,297.91,15.67,25.4
sugarcane,160,53,124,4.98,25.97,311.45,43.68,42.83,Sandy,0.99,8.84,17.04,East,1085,Kharif,Sprinkler,315.35,13.42,74.31
maize,72,91,45,6.94,25.42,385.24,45.47,19.92,Clay,0.88,7.79,1.36,West,1088,Zaid,Canal,302.17,7.74,9.75
wheat,86,50,26,6.22,19.45,2602.6,61.0,54.66,Clay,0.68,8.78,16.78,Central,2181,Rabi,Sprinkler,331.78,6.23,11.1
cotton,79,82,98,7.89,27.87,1722.04,50.25,41.78,Clay,0.39,9.01,5.09,South,1761,Rabi,Rainfed,135.0,15.35,6.87
maize,66,35,34,8.07,18.05,1011.33,59.39,19.55,Clay,1.51,9.32,17.06,Central,1231,Zaid,Rainfed,94.63,22.84,7.36
sugarcane,75,77,108,5.38,20.67,765.09,31.84,52.36,Clay,1.09,9.44,5.34,North,1859,Rabi,Drip,313.96,1.07,75.51
potato,44,99,116,5.76,28.92,2344.66,74.49,64.06,Loamy,0.72,5.92,4.18,West,163,Zaid,Drip,345.04,2.07,28.75
rice,109,20,22,5.73,29.1,783.98,85.7,37.06,Silt,0.75,5.69,11.67,West,777,Kharif,Rainfed,106.81,5.21,7.1
potato,168,38,92,5.14,27.31,2409.36,89.79,20.78,Silt,0.81,9.06,13.35,North,1033,Rabi,Drip,264.44,17.03,26.19
maize,177,67,50,6.44,30.24,1855.75,42.04,20.07,Clay,1.36,10.88,17.36,North,685,Rabi,Drip,218.19,1.96,10.42
wheat,53,97,138,6.54,22.36,1950.51,53.04,16.29,Silt,0.57,9.07,6.12,East,1587,Zaid,Sprinkler,128.38,22.36,8.41
sugarcane,154,90,94,6.75,27.83,1393.68,88.42,53.52,Silt,1.41,7.54,8.68,West,1314,Rabi,Drip,266.78,9.63,77.44
maize,147,92,36,7.05,12.86,390.21,42.73,49.7,Loamy,0.7,6.14,11.28,East,1113,Rabi,Sprinkler,250.06,3.85,9.74
maize,109,64,22,5.01,24.51,1686.83,62.37,44.21,Loamy,1.43,4.92,15.0,West,218,Kharif,Rainfed,180.83,16.91,9.37
rice,123,26,142,6.92,27.58,2084.46,77.96,53.28,Sandy,1.46,8.08,14.29,South,1174,Zaid,Rainfed,64.84,24.46,10.08
maize,94,70,74,7.91,22.67,307.64,31.71,64.96,Sandy,1.21,4.58,17.04,West,1757,Zaid,Drip,300.6,18.34,10.52
sugarcane,117,29,130,6.35,10.51,365.03,36.31,35.09,Clay,1.46,10.49,10.21,West,502,Zaid,Canal,124.72,10.77,73.22
cotton,117,97,119,5.16,31.03,2567.66,41.79,50.29,Sandy,1.27,4.45,14.97,South,1760,Zaid,Sprinkler,260.87,22.75,9.52
wheat,174,54,59,5.09,23.66,2000.87,57.33,33.86,Clay,0.49,4.94,14.66,South,1385,Zaid,Sprinkler,349.45,8.58,12.63
potato,155,55,141,5.76,14.67,2276.8,30.91,32.6,Sandy,1.54,9.31,4.52,South,2064,Rabi,Rainfed,330.01,4.35,27.32
wheat,118,83,59,7.36,39.18,366.28,55.88,57.55,Silt,0.55,10.22,6.85,South,1845,Rabi,Canal,200.52,24.44,8.42
wheat,90,83,49,5.69,38.27,1301.74,39.69,43.74,Silt,0.94,5.28,4.4,Central,1019,Rabi,Rainfed,84.47,18.08,7.73
potato,44,20,44,7.57,14.76,2167.82,80.98,21.03,Sandy,0.8,4.37,1.72,Central,988,Rabi,Drip,319.02,5.93,25.05
maize,123,81,26,7.59,31.22,528.77,59.18,35.18,Silt,0.75,4.95,15.45,West,1986,Kharif,Canal,63.58,15.35,6.78
wheat,80,47,111,6.35,25.53,770.94,34.27,54.83,Silt,1.32,9.0,16.33,Central,119,Rabi,Drip,151.3,16.08,7.16
wheat,56,57,124,5.82,18.68,1572.14,57.77,62.0,Clay,0.68,10.23,8.16,South,558,Kharif,Drip,271.52,10.08,10.58
rice,103,35,142,6.83,30.53,2533.42,58.81,45.72,Silt,1.0,9.01,7.2,South,29,Kharif,Canal,288.67,17.7,12.32
sugarcane,90,98,100,7.56,23.43,1122.11,47.98,34.71,Sandy,0.74,6.56,9.0,Central,1128,Kharif,Drip,227.0,8.53,74.14
maize,60,79,115,5.02,36.96,2369.54,52.07,27.6,Silt,1.46,8.23,11.68,Central,677,Zaid,Canal,153.76,10.49,9.57
sugarcane,41,31,20,8.04,31.11,322.99,88.23,36.1,Clay,0.5,7.56,17.78,Central,1330,Kharif,Canal,93.51,24.9,70.24
potato,75,22,110,7.0,25.23,755.08,44.83,43.28,Sandy,0.53,7.65,15.82,Central,1988,Zaid,Sprinkler,203.56,24.46,23.73
cotton,61,78,26,6.15,23.56,1025.8,70.6,15.22,Clay,0.44,9.78,3.76,North,2159,Kharif,Sprinkler,237.28,2.61,7.08
rice,90,42,139,6.52,10.95,2072.79,69.66,28.43,Silt,1.29,10.69,15.91,North,689,Kharif,Rainfed,343.71,13.97,10.54
cotton,75,27,113,6.11,14.83,1748.23,55.34,48.58,Silt,0.51,10.21,9.24,West,320,Zaid,Drip,342.83,5.27,10.39
potato,114,27,148,6.2,11.35,960.96,85.93,48.66,Silt,0.99,9.31,14.69,Central,487,Zaid,Rainfed,297.0,7.11,24.82
rice,109,52,117,6.83,11.9,1753.74,76.17,47.65,Loamy,1.3,7.2,15.37,North,1227,Rabi,Canal,93.82,17.22,8.39
cotton,164,39,62,5.0,12.01,2524.4,31.26,62.5,Clay,0.45,5.67,7.43,North,488,Zaid,Sprinkler,327.72,18.67,9.09
rice,33,76,72,5.4,10.42,1473.49,59.14,43.43,Sandy,1.51,6.63,1.48,West,339,Zaid,Sprinkler,187.47,8.09,8.63
maize,81,37,121,5.57,33.74,2040.18,36.84,28.49,Silt,0.67,10.05,7.2,North,764,Zaid,Rainfed,84.52,13.98,11.1
wheat,141,35,20,6.19,24.36,1163.76,47.21,55.58,Loamy,1.33,4.05,1.51,Central,1391,Kharif,Sprinkler,263.23,16.45,11.01
wheat,65,68,33,6.06,32.47,2081.54,44.32,34.47,Loamy,1.33,6.25,9.74,West,569,Zaid,Rainfed,267.73,13.06,11.43
potato,83,77,141,7.26,15.03,2467.57,75.33,26.96,Clay,0.75,7.42,17.14,West,906,Zaid,Drip,90.54,0.05,24.85
wheat,148,44,40,5.68,35.24,1716.72,44.95,42.84,Silt,1.02,4.28,16.05,West,1946,Kharif,Sprinkler,78.26,2.71,5.24
rice,156,89,53,4.99,12.82,1265.41,89.57,29.45,Clay,1.12,4.73,7.52,South,208,Rabi,Drip,338.08,2.4,10.08
wheat,46,82,124,4.99,19.66,2185.63,37.7,34.81,Silt,0.84,8.96,13.86,North,156,Kharif,Sprinkler,254.24,9.64,8.23
cotton,104,90,33,4.84,21.12,2690.3,54.7,49.66,Silt,0.77,10.6,13.43,West,1269,Rabi,Canal,135.93,10.93,6.73
maize,134,87,141,4.93,17.07,470.39,59.36,64.8,Silt,1.41,8.72,10.82,North,2021,Rabi,Rainfed,208.96,8.11,9.49
potato,179,46,101,7.72,14.12,1591.01,55.97,47.24,Loamy,0.56,5.65,12.98,South,934,Kharif,Rainfed,246.64,14.26,27.53
maize,146,89,79,7.17,28.84,755.02,35.6,28.82,Clay,1.33,6.08,16.36,South,427,Kharif,Sprinkler,197.72,2.4,8.66
cotton,72,38,134,8.19,10.25,985.05,43.55,19.52,Clay,0.56,8.25,5.78,West,1512,Rabi,Canal,120.17,24.75,3.51
sugarcane,141,21,52,4.87,33.75,1890.36,61.25,33.1,Clay,1.21,10.9,3.99,West,1268,Rabi,Drip,79.75,10.04,74.18
cotton,144,86,68,7.69,11.27,2699.48,77.99,15.97,Sandy,0.67,8.57,6.47,Central,108,Zaid,Rainfed,297.57,1.12,9.83
potato,56,15,23,7.17,38.92,2432.6,71.3,38.24,Sandy,1.51,4.58,11.39,West,1439,Rabi,Drip,235.58,18.54,24.86
potato,66,17,142,6.98,36.05,944.01,62.67,48.0,Loamy,1.09,5.21,9.2,East,651,Zaid,Canal,71.35,5.46,23.69
wheat,75,42,35,6.01,22.44,360.43,88.66,40.59,Loamy,0.99,8.99,12.43,North,1473,Kharif,Rainfed,302.56,1.11,7.79
rice,142,57,45,6.08,14.28,1798.33,75.66,58.26,Loamy,0.68,9.2,8.58,West,47,Kharif,Drip,202.94,5.88,10.24
potato,64,60,89,7.67,36.12,1634.64,81.99,39.7,Clay,0.96,4.54,12.07,Central,127,Kharif,Drip,190.17,0.64,23.85
rice,161,15,56,7.23,29.32,1450.69,30.76,38.12,Clay,0.39,8.05,2.51,South,2162,Rabi,Rainfed,69.3,12.08,9.15
rice,109,52,26,7.08,25.14,1488.07,42.97,30.48,Silt,0.49,9.74,8.38,South,1554,Rabi,Rainfed,326.22,3.49,9.12
maize,109,49,49,4.9,19.58,1779.27,73.19,56.88,Clay,0.68,5.34,11.98,East,1205,Zaid,Drip,101.16,21.75,7.44
rice,150,88,93,5.43,26.84,1292.62,46.7,60.18,Loamy,1.53,8.94,5.95,West,547,Kharif,Rainfed,244.81,18.26,11.5
wheat,176,90,140,8.07,22.45,728.12,51.24,63.9,Loamy,0.91,6.88,6.49,East,581,Rabi,Drip,98.0,22.16,7.28
maize,151,88,25,6.34,23.96,947.88,65.44,64.06,Silt,0.82,8.59,1.34,Central,1806,Kharif,Rainfed,267.91,7.96,11.62
maize,110,68,43,7.46,35.36,459.69,62.56,64.02,Sandy,1.3,7.92,14.37,North,1253,Kharif,Canal,244.58,21.45,7.61
sugarcane,179,38,140,6.12,38.57,440.12,43.25,50.6,Clay,1.2,10.56,9.25,Central,2087,Rabi,Rainfed,81.08,20.71,74.85
potato,148,42,104,7.4,38.88,2468.5,82.72,43.13,Clay,1.16,5.1,3.83,East,76,Rabi,Drip,112.32,2.11,23.06
maize,87,36,108,5.21,37.24,613.45,67.67,23.62,Sandy,1.09,5.49,11.72,East,213,Zaid,Rainfed,281.5,16.03,8.58
wheat,92,30,55,4.94,34.07,472.31,71.12,53.35,Loamy,0.47,5.24,3.03,South,357,Kharif,Canal,319.05,22.15,8.48
potato,129,27,107,6.39,23.61,2365.94,79.71,51.74,Loamy,0.81,8.9,8.9,Central,845,Kharif,Rainfed,166.85,19.56,25.68
wheat,95,76,64,6.81,12.65,2683.86,36.15,57.12,Loamy,1.47,5.29,3.29,North,1149,Zaid,Sprinkler,191.19,17.76,10.23
cotton,174,57,29,5.9,28.92,814.35,58.44,38.12,Clay,1.55,6.91,12.5,South,909,Kharif,Rainfed,140.3,12.51,5.86
maize,114,92,73,7.23,22.06,2193.22,35.18,59.62,Sandy,0.86,10.2,4.22,North,1488,Zaid,Sprinkler,341.13,23.33,12.88
maize,166,46,89,6.49,30.61,706.36,34.4,50.93,Sandy,0.3,5.95,17.21,West,1837,Rabi,Drip,152.75,21.74,9.52
potato,173,81,104,7.96,16.62,2001.87,73.27,23.56,Loamy,0.95,5.05,11.23,East,979,Rabi,Drip,83.49,15.57,24.07
wheat,152,97,51,5.09,32.94,1999.35,77.38,25.35,Clay,0.6,7.73,1.38,North,1026,Kharif,Rainfed,129.05,1.33,8.31
potato,31,71,62,5.03,15.12,1373.26,33.15,55.71,Sandy,0.54,8.59,8.14,Central,617,Rabi,Rainfed,199.43,21.61,24.37
potato,135,79,137,7.88,34.26,2505.03,80.55,36.28,Clay,0.67,7.47,3.73,South,1562,Zaid,Sprinkler,160.2,22.9,24.08
maize,137,83,140,7.07,37.35,602.62,46.88,27.45,Silt,0.46,7.83,11.29,East,196,Rabi,Canal,199.19,1.78,7.98
rice,101,63,34,7.08,37.01,1491.37,69.3,36.13,Loamy,0.36,5.35,14.01,South,1146,Zaid,Canal,250.93,14.74,9.98
potato,155,47,85,4.89,20.4,1804.36,71.14,23.07,Loamy,0.88,6.06,6.24,West,1562,Rabi,Sprinkler,150.73,3.08,22.77
sugarcane,86,33,134,7.99,21.69,2197.61,71.78,59.59,Silt,0.64,8.61,12.48,South,167,Zaid,Canal,194.38,12.12,74.4
maize,110,50,100,7.42,35.14,656.71,64.77,18.58,Sandy,0.63,9.65,15.81,North,1020,Zaid,Canal,297.96,8.26,10.3
rice,170,84,39,7.4,30.76,1637.33,36.79,32.66,Loamy,0.59,6.53,16.39,South,841,Zaid,Canal,322.35,11.7,11.2
cotton,48,29,25,7.9,25.8,1437.4,36.7,42.85,Sandy,0.95,8.97,3.09,South,1714,Kharif,Drip,276.73,9.92,8.83
cotton,36,38,98,6.77,38.82,1341.03,38.46,58.68,Loamy,1.25,5.38,7.04,West,1571,Kharif,Rainfed,100.33,23.66,7.79
cotton,166,41,144,6.14,25.49,1198.35,85.26,54.08,Silt,1.15,6.08,5.64,North,285,Rabi,Rainfed,250.67,21.15,9.8
sugarcane,83,63,139,6.43,17.31,2792.32,42.63,16.12,Silt,1.57,4.05,10.7,South,1281,Kharif,Canal,325.85,14.66,77.85
maize,133,89,45,7.44,30.4,725.26,39.18,56.26,Sandy,1.49,5.54,14.87,West,1987,Rabi,Rainfed,278.97,8.85,10.78
maize,115,37,41,7.41,25.37,2182.46,89.31,46.91,Loamy,0.84,9.33,11.95,South,1595,Zaid,Sprinkler,86.31,5.07,10.55
wheat,111,47,83,6.87,16.12,1242.27,30.26,21.67,Loamy,1.36,4.59,17.71,North,946,Zaid,Canal,240.2,7.9,6.53
potato,90,55,77,5.54,14.57,1922.72,76.6,45.87,Clay,0.54,4.55,1.67,Central,496,Rabi,Rainfed,136.82,0.51,23.04
rice,116,70,56,7.58,20.65,2770.75,80.71,55.89,Clay,0.58,8.48,4.38,South,1339,Rabi,Canal,342.42,3.99,13.3
rice,31,43,97,7.0,39.12,1494.35,69.73,45.11,Loamy,1.21,7.5,15.47,South,2143,Zaid,Drip,187.12,2.21,9.17
sugarcane,60,45,140,5.55,14.37,2361.12,88.49,64.96,Sandy,0.58,9.42,7.68,Central,554,Rabi,Rainfed,102.93,15.63,77.09
rice,62,79,47,6.43,24.14,489.85,50.0,40.35,Silt,0.89,6.74,14.24,Central,1968,Rabi,Canal,166.24,10.78,8.76
cotton,109,32,68,8.19,19.81,1686.51,35.28,48.66,Loamy,0.72,7.93,17.52,Central,258,Rabi,Canal,138.43,4.55,7.54
wheat,40,96,86,5.92,38.29,1255.38,44.44,18.52,Clay,0.6,10.59,11.03,South,749,Rabi,Sprinkler,299.46,14.58,9.4
wheat,157,20,122,5.2,21.32,2047.91,35.95,55.66,Silt,0.5,10.09,12.32,Central,1907,Rabi,Rainfed,245.7,10.86,11.31
sugarcane,164,66,145,4.87,16.79,392.17,59.22,46.21,Sandy,1.1,8.21,7.54,South,678,Zaid,Sprinkler,139.31,23.45,74.22
wheat,157,54,112,5.43,24.35,1419.29,87.89,43.06,Loamy,0.37,7.36,16.29,South,2037,Kharif,Rainfed,290.61,14.68,10.11
rice,60,79,106,5.44,14.61,1536.41,61.05,50.44,Loamy,1.21,4.34,12.4,East,191,Kharif,Sprinkler,104.31,16.39,9.22
sugarcane,155,56,106,7.72,21.38,2411.73,49.52,43.03,Silt,1.46,7.69,11.27,North,1251,Kharif,Drip,120.01,16.23,75.92
rice,76,82,74,5.33,31.97,1261.68,84.38,53.32,Silt,0.75,7.28,1.47,North,2091,Zaid,Rainfed,89.13,7.57,8.22
rice,136,46,32,7.73,27.98,1101.54,66.8,44.18,Clay,0.84,10.51,9.41,South,439,Zaid,Canal,231.27,22.02,8.76
wheat,48,24,147,5.09,10.33,1272.71,85.8,41.0,Sandy,1.07,6.84,17.92,Central,817,Kharif,Rainfed,73.08,15.64,6.74
wheat,110,83,83,7.88,24.94,1394.52,87.91,21.75,Silt,1.17,8.35,8.64,South,1434,Zaid,Drip,263.85,24.38,9.24
cotton,152,23,70,5.67,34.39,936.33,86.2,38.59,Sandy,1.01,10.4,17.27,North,107,Rabi,Sprinkler,119.32,23.99,4.35
cotton,163,83,95,6.88,26.88,413.14,71.53,41.91,Sandy,1.2,5.36,17.68,North,700,Kharif,Rainfed,250.12,14.68,7.45
rice,136,75,41,5.34,24.11,2775.76,60.11,46.23,Loamy,1.35,6.63,11.99,West,1296,Rabi,Sprinkler,238.89,1.79,11.34
sugarcane,78,25,79,6.13,22.45,2213.7,47.41,37.79,Silt,1.59,6.55,6.1,South,1693,Rabi,Rainfed,97.59,17.64,74.49
potato,102,82,149,5.09,26.1,2763.62,86.48,22.33,Silt,0.81,5.98,4.32,Central,23,Kharif,Rainfed,73.12,0.21,25.48
maize,79,88,75,6.77,12.22,1956.87,62.7,22.52,Clay,1.06,10.04,10.28,South,1711,Rabi,Rainfed,71.73,17.25,7.95
maize,110,22,116,5.98,33.99,2507.36,89.72,51.05,Loamy,0.79,8.77,2.78,Central,134,Rabi,Drip,101.95,11.87,12.36
maize,124,63,22,7.7,35.7,1425.77,85.1,48.07,Silt,0.61,10.83,9.6,Central,75,Zaid,Rainfed,216.3,13.75,11.78
wheat,41,38,74,5.42,27.77,1172.89,52.72,27.97,Silt,1.6,9.73,12.18,North,62,Zaid,Rainfed,220.28,22.32,7.21
rice,52,47,103,5.75,39.37,2784.46,82.52,37.29,Clay,0.32,10.18,8.46,West,1256,Kharif,Rainfed,150.44,17.4,9.67
sugarcane,83,33,47,5.4,26.66,723.77,62.08,30.35,Clay,0.38,4.29,3.56,North,1512,Zaid,Canal,76.96,11.61,71.35
potato,147,16,143,6.72,10.81,841.87,74.56,24.05,Sandy,1.06,4.13,14.69,South,1001,Kharif,Canal,267.08,20.84,25.2
wheat,88,69,27,5.18,23.92,1970.43,58.86,31.31,Loamy,1.22,8.63,10.2,East,933,Rabi,Canal,107.81,7.95,6.28
maize,32,25,22,5.44,22.0,938.25,89.36,28.13,Sandy,1.25,8.28,5.6,East,1181,Zaid,Sprinkler,266.85,22.34,7.01
wheat,87,31,113,7.11,15.82,1377.11,53.93,19.12,Clay,1.21,4.17,1.27,Central,1539,Rabi,Rainfed,108.9,2.68,6.71
potato,86,56,108,5.05,26.03,2630.5,35.75,40.22,Silt,1.33,4.5,10.25,North,2067,Zaid,Canal,93.15,22.71,25.55
wheat,174,75,113,7.33,23.64,964.46,81.49,37.54,Silt,1.27,7.34,14.04,East,1496,Rabi,Drip,302.32,15.3,9.16
sugarcane,119,17,108,5.15,15.13,1576.69,75.37,50.73,Clay,1.01,9.6,7.19,West,2105,Rabi,Canal,242.63,21.54,75.43
potato,84,49,78,6.79,25.18,2141.68,37.57,46.02,Sandy,0.91,9.06,12.24,South,1444,Zaid,Rainfed,79.95,16.47,23.91
potato,74,99,47,8.19,35.03,479.58,60.29,32.17,Sandy,1.24,7.67,14.53,Central,349,Kharif,Drip,84.75,22.0,22.69
potato,30,80,81,5.39,25.28,480.25,70.72,39.82,Clay,1.25,7.13,8.99,South,524,Rabi,Rainfed,119.58,18.85,21.87
sugarcane,50,15,70,5.69,16.52,2164.77,54.59,41.8,Silt,0.73,9.5,5.59,Central,1813,Zaid,Sprinkler,229.53,0.87,74.98
maize,50,21,26,7.85,30.58,2600.15,84.52,60.88,Loamy,0.3,6.18,8.03,North,618,Kharif,Sprinkler,319.13,4.68,12.9
sugarcane,81,34,42,6.93,36.09,1779.57,86.59,64.08,Sandy,0.71,9.12,13.94,East,330,Kharif,Rainfed,345.25,10.86,74.57
rice,111,57,65,6.47,20.35,395.42,82.11,55.78,Loamy,1.0,10.41,4.71,Central,292,Rabi,Sprinkler,136.94,22.43,7.8
cotton,96,20,97,6.71,12.13,1429.57,61.85,43.11,Silt,0.98,5.37,5.34,Central,1150,Kharif,Canal,259.65,24.78,9.67
wheat,142,69,125,5.8,37.45,2101.15,57.21,61.41,Clay,0.79,6.89,7.12,North,1149,Kharif,Rainfed,307.77,3.81,11.38
rice,73,35,47,7.71,30.47,1879.47,65.1,23.91,Sandy,1.51,6.85,11.67,West,1165,Kharif,Drip,118.49,23.71,6.67
rice,39,65,43,7.33,39.74,795.45,61.02,49.82,Sandy,0.92,7.04,5.09,South,1001,Rabi,Drip,196.6,8.56,8.55
sugarcane,93,60,26,6.98,30.84,432.81,35.92,38.02,Silt,0.48,4.43,9.42,East,1566,Rabi,Rainfed,330.97,5.37,75.04
wheat,98,49,131,7.97,13.73,2523.27,77.28,22.24,Clay,0.55,9.02,11.8,South,377,Kharif,Drip,187.04,2.63,9.69
cotton,97,22,98,6.77,22.99,864.7,86.46,18.76,Sandy,0.42,8.38,9.87,East,1720,Zaid,Sprinkler,235.69,2.42,6.29
cotton,57,82,22,6.54,11.29,2789.44,59.44,39.04,Silt,0.65,10.07,1.11,West,1978,Rabi,Drip,189.7,23.36,8.39
wheat,145,30,21,8.12,20.24,588.55,33.69,26.95,Sandy,0.7,4.44,9.5,North,1665,Rabi,Sprinkler,222.53,9.53,8.18
cotton,80,81,26,5.5,33.56,585.88,49.37,27.53,Loamy,0.73,7.71,7.05,Central,1560,Rabi,Drip,331.43,23.85,8.04
potato,33,85,140,5.28,26.67,1970.32,37.36,31.01,Sandy,1.39,5.4,1.78,East,1685,Zaid,Canal,80.21,12.65,24.07
wheat,108,78,40,5.35,23.77,975.34,88.82,50.92,Silt,1.3,8.75,16.56,North,766,Kharif,Rainfed,125.13,9.73,7.16
rice,46,16,43,8.16,35.44,2735.98,38.21,23.2,Loamy,0.94,9.48,12.04,East,1254,Zaid,Canal,202.76,19.51,9.97
potato,137,15,52,7.02,15.31,892.55,34.84,50.88,Sandy,0.88,7.34,16.53,East,227,Kharif,Sprinkler,128.91,11.58,23.05
maize,103,72,62,5.84,26.16,1859.03,61.32,54.14,Sandy,0.79,5.43,6.19,Central,436,Zaid,Canal,221.27,12.99,11.84
maize,52,15,101,5.65,29.42,1316.05,33.9,44.72,Clay,0.32,8.27,16.71,North,1563,Kharif,Canal,104.08,21.94,8.67
maize,47,21,137,4.99,37.77,525.74,68.04,27.38,Clay,1.5,4.98,8.5,South,1926,Kharif,Rainfed,278.64,19.17,7.22
potato,158,83,24,5.25,14.91,2069.98,82.14,17.58,Sandy,0.68,6.62,6.5,Central,958,Zaid,Rainfed,230.19,19.76,22.43
sugarcane,64,99,142,7.89,31.2,2276.07,45.02,35.4,Loamy,1.39,8.31,15.31,South,877,Kharif,Sprinkler,176.0,15.95,73.96
wheat,93,32,90,7.34,11.37,2366.42,85.63,57.37,Clay,1.26,10.61,1.74,South,465,Zaid,Rainfed,276.46,4.05,10.55
potato,88,46,108,8.0,27.02,1524.97,68.77,20.09,Clay,0.45,8.65,13.44,Central,1384,Rabi,Canal,302.69,2.82,25.24
cotton,30,59,135,6.24,29.35,2739.75,39.75,52.24,Clay,0.71,8.44,15.7,West,1055,Kharif,Drip,342.41,18.71,9.67
wheat,160,47,54,6.84,35.2,2299.42,68.67,38.39,Silt,0.93,9.07,15.81,West,1942,Zaid,Drip,322.27,18.51,10.33
wheat,96,88,127,6.44,19.71,1400.31,34.37,59.94,Sandy,0.64,5.19,1.54,Central,999,Kharif,Sprinkler,338.64,11.4,10.16
potato,66,87,98,7.8,30.9,548.64,50.97,32.81,Loamy,0.82,9.15,15.99,West,735,Rabi,Rainfed,268.37,9.01,23.63
sugarcane,58,63,30,8.17,12.78,935.95,30.96,50.24,Loamy,0.67,5.7,13.16,Central,241,Kharif,Rainfed,100.79,22.47,71.62
wheat,118,47,94,7.97,16.68,2230.35,56.49,52.01,Sandy,1.13,9.2,15.37,East,535,Zaid,Rainfed,64.34,8.68,6.49
potato,129,85,63,6.83,33.2,2499.15,79.92,24.94,Clay,0.77,10.25,12.35,North,56,Zaid,Canal,190.75,6.55,25.92
potato,151,82,144,5.01,36.78,1956.08,71.84,22.91,Loamy,0.75,7.6,13.73,Central,68,Rabi,Drip,263.12,18.54,24.65
sugarcane,119,42,104,6.9,10.49,1269.8,41.93,19.64,Silt,0.65,4.07,11.5,North,2146,Zaid,Sprinkler,154.93,3.95,73.43
maize,161,67,27,5.13,14.99,1189.96,40.96,50.08,Silt,1.34,8.2,9.0,East,852,Rabi,Sprinkler,264.39,16.19,10.44
wheat,43,58,98,5.27,16.3,1196.97,72.25,42.41,Loamy,1.14,6.41,16.79,East,1117,Rabi,Rainfed,130.33,20.05,8.76
potato,179,94,137,5.45,25.58,1528.67,69.97,19.34,Silt,1.24,7.85,2.88,West,853,Zaid,Rainfed,205.37,17.65,26.17
maize,160,69,141,6.04,14.63,2114.54,38.53,30.42,Sandy,0.81,6.93,2.08,South,2105,Rabi,Canal,197.46,8.35,13.05
sugarcane,114,24,93,6.81,39.28,707.85,70.33,22.12,Silt,1.39,8.63,12.31,West,491,Zaid,Canal,264.46,16.64,72.61
rice,50,28,47,5.93,21.64,352.26,76.84,19.63,Silt,0.84,6.21,12.45,North,2052,Kharif,Sprinkler,251.86,10.82,7.34
wheat,55,50,139,6.34,14.28,491.13,75.98,29.94,Loamy,0.53,6.64,15.31,West,1323,Rabi,Drip,186.49,12.0,5.8
cotton,70,48,127,4.96,33.23,1964.62,54.34,19.81,Silt,0.96,4.27,12.03,South,1156,Zaid,Drip,118.6,18.13,4.9
maize,151,32,146,6.91,26.85,2421.77,78.85,28.01,Loamy,0.88,4.99,2.49,East,1223,Kharif,Rainfed,277.96,16.07,10.51
sugarcane,67,30,82,7.03,37.42,1316.43,53.39,42.64,Clay,0.42,6.67,15.95,West,332,Rabi,Sprinkler,250.91,7.27,72.96
cotton,117,51,120,5.14,38.07,1144.16,68.74,43.05,Clay,1.16,4.02,2.69,North,1170,Zaid,Drip,80.68,6.14,6.7
maize,40,55,112,7.47,35.68,349.97,75.62,23.4,Silt,1.36,4.1,8.64,Central,2049,Rabi,Rainfed,196.4,21.72,8.81
wheat,58,39,82,7.0,26.93,452.22,75.33,24.55,Clay,0.76,8.42,11.7,East,1793,Rabi,Rainfed,231.0,21.23,8.78
sugarcane,89,22,29,6.47,16.68,2186.87,50.82,57.75,Loamy,1.29,7.13,11.75,West,1901,Rabi,Rainfed,324.78,10.05,77.45
maize,90,98,99,6.68,22.86,524.0,64.25,23.35,Clay,1.06,4.01,8.62,North,1102,Kharif,Sprinkler,287.24,21.62,11.17
sugarcane,176,98,56,6.51,24.48,2370.94,66.84,17.29,Sandy,0.65,5.77,6.62,South,1597,Kharif,Drip,77.58,12.23,75.9
sugarcane,51,32,30,4.98,39.27,2252.71,44.09,27.24,Clay,0.75,8.44,6.12,North,1888,Kharif,Rainfed,310.61,21.25,73.92
wheat,107,82,134,7.3,17.58,2348.66,30.49,43.82,Clay,1.53,5.39,17.55,North,1409,Zaid,Canal,157.19,4.55,9.54
potato,142,62,109,6.54,23.04,2014.83,35.96,15.36,Loamy,0.58,9.5,6.78,East,1585,Zaid,Rainfed,319.94,19.14,26.97
cotton,152,84,38,5.39,26.87,352.59,32.07,64.25,Clay,0.5,5.96,10.88,East,357,Kharif,Rainfed,170.87,10.29,6.73
rice,171,81,71,7.11,21.73,1408.57,47.92,26.52,Silt,0.4,10.59,10.84,Central,1135,Kharif,Rainfed,312.4,12.52,11.84
sugarcane,73,32,137,7.16,13.62,692.95,49.56,26.91,Sandy,1.44,7.64,10.7,West,543,Zaid,Sprinkler,131.25,13.82,72.95
cotton,173,32,37,5.53,36.71,1145.25,81.96,51.93,Clay,1.17,5.23,11.56,West,1796,Rabi,Sprinkler,197.94,16.97,5.15
wheat,126,70,113,7.51,34.04,1693.51,37.5,27.41,Clay,0.45,4.8,5.46,North,1732,Kharif,Sprinkler,230.47,2.65,6.68
cotton,106,37,51,6.35,17.69,2129.85,41.11,34.81,Silt,1.3,5.01,6.76,West,708,Zaid,Canal,203.55,6.28,8.18
wheat,169,49,77,5.41,23.42,880.44,67.2,42.2,Sandy,1.12,8.92,2.2,East,1448,Zaid,Sprinkler,184.93,18.04,7.63
sugarcane,84,20,40,7.04,32.06,1137.07,58.15,16.09,Sandy,1.58,5.09,10.71,East,1977,Rabi,Rainfed,101.98,0.01,71.03
sugarcane,80,40,48,6.83,39.21,824.9,89.6,56.86,Clay,0.96,10.57,5.06,West,585,Kharif,Canal,317.17,9.42,75.15
maize,131,99,66,5.38,15.03,2760.61,75.72,40.6,Loamy,0.97,6.2,3.91,South,820,Rabi,Rainfed,207.93,8.19,12.55
wheat,58,75,77,7.77,29.14,2622.94,46.22,30.65,Sandy,0.62,4.45,15.17,West,495,Kharif,Rainfed,301.52,12.38,9.93
cotton,98,29,38,7.71,34.53,1934.29,73.29,34.99,Sandy,0.55,5.13,10.89,North,1058,Zaid,Canal,208.0,24.56,6.9
maize,109,46,42,7.64,10.78,2362.08,43.7,17.79,Loamy,1.25,6.38,10.49,East,599,Zaid,Rainfed,204.26,18.73,9.84
sugarcane,60,26,141,6.16,34.33,2097.18,70.89,50.9,Sandy,0.78,4.86,3.65,Central,1755,Rabi,Canal,83.51,23.95,75.35
rice,141,19,136,7.6,33.7,2421.49,32.19,41.98,Sandy,1.24,9.93,8.56,East,1427,Zaid,Rainfed,72.52,5.78,10.02
maize,75,78,82,7.67,37.7,2639.96,41.98,60.7,Loamy,1.31,10.7,10.44,Central,1220,Zaid,Sprinkler,192.43,17.18,11.19
cotton,126,85,71,8.19,12.53,2626.12,36.16,38.21,Clay,1.47,9.3,8.45,West,1671,Rabi,Canal,80.09,17.9,5.05
rice,81,41,29,8.06,13.73,1736.43,55.74,56.42,Loamy,0.86,8.31,10.08,North,1757,Zaid,Canal,207.7,24.18,9.29
rice,167,93,105,6.1,25.56,2711.65,63.2,24.42,Silt,0.42,9.59,1.25,North,1568,Kharif,Sprinkler,135.16,24.91,11.12
sugarcane,103,59,30,5.47,36.15,1318.9,45.57,17.83,Silt,0.33,5.08,4.39,North,925,Kharif,Sprinkler,247.15,14.44,74.62
maize,70,49,114,5.79,36.24,783.65,88.71,62.42,Clay,0.68,6.64,4.69,South,406,Kharif,Rainfed,171.3,9.21,10.82
sugarcane,106,40,91,6.48,31.0,878.69,54.63,27.85,Silt,1.51,5.49,7.43,West,858,Zaid,Rainfed,153.02,18.82,73.3
cotton,160,37,147,7.54,23.46,1446.37,63.71,56.68,Silt,1.27,7.25,16.99,South,1634,Kharif,Canal,341.42,8.53,9.75
wheat,143,27,67,7.26,16.93,932.8,57.81,27.87,Sandy,1.03,5.23,10.2,Central,1335,Kharif,Canal,225.56,4.49,9.53
wheat,81,17,111,7.48,24.24,617.77,81.79,22.79,Sandy,0.61,9.71,5.36,South,760,Kharif,Drip,94.9,15.25,5.64
maize,116,43,35,6.09,16.51,1291.91,52.24,51.63,Clay,1.23,9.6,13.18,North,1477,Zaid,Sprinkler,301.07,17.78,11.23
maize,138,80,114,5.64,33.19,1753.07,86.59,53.92,Silt,1.26,6.58,4.72,East,1756,Zaid,Rainfed,308.82,9.98,12.27
wheat,170,78,67,4.88,22.65,2719.99,78.3,57.18,Silt,0.6,9.06,3.68,North,1899,Zaid,Canal,329.71,24.96,10.45
rice,98,42,96,6.93,26.18,1851.36,34.54,58.24,Loamy,1.22,6.98,6.06,West,1340,Kharif,Rainfed,61.92,7.39,10.44
sugarcane,149,50,112,7.5,30.43,2234.78,83.0,39.16,Sandy,0.46,5.99,5.98,West,1941,Kharif,Drip,279.64,5.84,76.55
sugarcane,96,20,123,7.82,25.79,2005.49,40.89,35.01,Loamy,0.43,5.93,8.16,North,1128,Zaid,Sprinkler,282.39,18.22,75.12
potato,90,25,100,6.42,32.66,1261.68,33.57,52.55,Silt,0.37,7.43,13.14,North,1207,Rabi,Sprinkler,112.19,0.37,25.04
maize,100,52,56,7.95,33.58,772.71,43.3,43.47,Clay,1.35,4.09,10.84,West,1650,Zaid,Sprinkler,201.99,13.1,9.81
potato,59,48,121,5.49,17.28,1005.65,35.11,63.26,Silt,0.65,8.98,9.37,South,1365,Rabi,Drip,183.75,9.57,24.09
maize,175,95,48,6.55,18.94,2491.33,67.33,33.79,Clay,1.09,6.73,17.12,South,1583,Zaid,Sprinkler,92.37,2.39,10.18
cotton,125,81,77,5.53,11.78,689.24,56.85,17.14,Clay,0.49,4.98,1.55,West,1556,Kharif,Canal,345.06,9.26,6.9
sugarcane,85,60,113,5.44,12.68,543.91,58.49,44.47,Loamy,0.88,8.44,7.87,North,572,Kharif,Drip,274.42,14.13,74.16
wheat,82,43,105,8.04,34.88,2433.08,67.0,32.67,Silt,0.34,9.28,12.64,North,773,Kharif,Drip,94.02,13.52,6.54
rice,36,74,129,7.58,16.42,1670.51,59.9,32.13,Loamy,1.42,4.82,6.45,West,2072,Zaid,Rainfed,222.27,24.74,8.53
sugarcane,126,68,60,4.84,35.04,2006.25,89.5,43.23,Silt,1.0,4.72,9.08,West,118,Zaid,Sprinkler,211.63,5.39,74.64
cotton,142,83,63,5.71,39.58,2364.57,67.42,61.09,Clay,1.46,6.72,1.51,South,2108,Zaid,Sprinkler,202.35,19.93,9.92
potato,154,88,109,5.5,17.28,1150.07,65.17,28.35,Sandy,0.91,8.54,4.46,West,1954,Zaid,Rainfed,204.92,21.65,25.6
maize,161,88,128,5.3,23.81,2175.29,54.86,33.98,Silt,0.71,8.07,2.39,North,1341,Zaid,Canal,69.71,1.98,9.02
maize,150,23,78,7.17,26.11,1877.46,56.78,59.56,Clay,0.82,10.82,17.5,North,1786,Kharif,Canal,249.63,0.37,11.6
maize,67,99,129,6.73,38.28,362.03,89.37,59.76,Sandy,0.62,7.07,13.65,West,1637,Zaid,Rainfed,305.65,3.44,12.8
cotton,151,91,125,6.34,15.36,2100.87,30.33,26.73,Silt,1.45,6.44,12.11,Central,1712,Rabi,Rainfed,290.93,1.86,9.38
wheat,55,24,26,5.44,35.08,1160.72,39.33,50.32,Sandy,0.68,9.32,1.04,North,903,Kharif,Sprinkler,123.71,22.86,6.97
wheat,158,89,101,5.74,38.73,819.92,50.58,35.78,Silt,0.68,10.69,8.93,South,1382,Kharif,Drip,166.57,1.91,8.08
rice,33,82,35,6.01,26.63,2702.68,84.26,61.8,Silt,1.12,10.25,13.04,Central,1318,Kharif,Rainfed,286.78,12.35,12.09
wheat,68,72,68,7.47,14.57,2223.88,86.28,51.61,Sandy,0.46,6.88,11.34,Central,1261,Kharif,Rainfed,248.84,24.84,10.23
potato,83,66,140,8.16,20.01,361.23,33.46,39.72,Loamy,0.58,8.42,9.75,East,161,Rabi,Sprinkler,285.05,9.61,24.55
rice,62,48,51,5.43,38.77,2199.59,38.5,55.87,Sandy,0.86,5.0,15.1,Central,187,Rabi,Drip,298.48,6.79,11.91
wheat,49,49,108,5.96,15.05,2425.89,82.93,64.89,Sandy,0.54,9.0,6.7,West,1965,Kharif,Canal,328.09,22.67,11.49
cotton,45,47,38,5.75,24.63,1190.77,46.34,37.35,Clay,0.63,6.45,15.26,East,1857,Kharif,Drip,95.23,12.08,5.85
maize,178,86,22,4.95,15.7,1116.13,54.07,33.68,Sandy,1.21,5.56,7.6,South,438,Zaid,Drip,120.27,18.84,8.62
sugarcane,156,46,141,5.55,37.12,1359.2,30.28,45.35,Silt,0.66,4.95,10.87,Central,1235,Rabi,Sprinkler,341.31,11.14,77.05
potato,116,69,79,7.87,27.71,1465.56,59.49,49.15,Silt,1.13,5.81,9.84,East,1644,Zaid,Canal,320.65,12.21,25.95
potato,111,22,48,7.67,37.7,1251.47,81.92,50.22,Sandy,0.94,7.57,7.98,North,427,Zaid,Drip,217.04,21.76,24.52
sugarcane,91,60,94,5.37,38.39,1565.46,51.88,38.68,Clay,1.3,10.27,5.53,Central,1300,Zaid,Sprinkler,234.95,22.65,75.64
cotton,60,28,89,6.04,24.67,2731.42,82.86,31.61,Silt,1.28,5.83,8.62,East,488,Kharif,Sprinkler,110.38,5.86,5.71
sugarcane,71,22,102,5.86,38.11,380.19,50.82,56.1,Loamy,0.56,4.39,3.06,North,2088,Rabi,Sprinkler,141.54,14.14,74.75
cotton,41,85,120,5.3,10.02,2756.39,69.49,62.91,Sandy,1.53,9.46,6.85,East,1878,Rabi,Rainfed,169.06,23.85,7.91
potato,94,91,109,6.92,15.76,2423.58,47.62,58.2,Loamy,1.34,9.47,10.86,North,2123,Kharif,Canal,156.59,23.32,25.23
wheat,102,68,36,6.69,32.02,2293.35,60.88,49.12,Clay,0.99,4.47,2.05,West,1789,Rabi,Sprinkler,281.6,22.26,9.77
cotton,160,35,54,6.25,25.79,1425.73,79.7,33.01,Loamy,1.03,5.28,13.64,North,1153,Rabi,Drip,336.2,22.12,9.17
maize,144,89,132,7.71,39.73,487.69,80.9,46.12,Sandy,1.38,5.12,10.65,Central,1116,Zaid,Drip,273.96,23.73,10.13
rice,166,28,141,6.91,33.53,1847.04,34.59,20.06,Loamy,0.93,7.23,17.41,Central,146,Zaid,Canal,311.12,21.97,11.25
sugarcane,135,89,67,5.68,29.92,2535.63,85.76,41.7,Silt,0.92,5.75,2.55,Central,909,Zaid,Rainfed,259.2,14.59,79.84
potato,45,16,36,6.07,37.37,1362.61,61.31,54.06,Loamy,1.12,9.23,4.85,Central,1599,Zaid,Rainfed,85.42,22.53,22.58
maize,107,75,120,5.31,20.12,473.26,43.15,27.55,Clay,0.41,8.32,10.15,South,2101,Kharif,Drip,218.26,12.22,9.43
cotton,154,31,34,6.81,15.03,313.51,79.88,40.08,Clay,1.06,8.74,9.25,Central,516,Kharif,Rainfed,174.38,2.81,6.48
sugarcane,160,92,147,6.79,26.41,598.51,68.11,18.66,Clay,0.59,6.65,9.47,Central,27,Rabi,Canal,233.34,8.51,76.2
sugarcane,170,62,131,7.76,17.15,1814.86,60.48,56.92,Silt,0.45,7.49,6.81,East,1875,Rabi,Rainfed,263.63,6.45,75.18
cotton,159,22,33,7.71,16.97,2777.26,78.7,32.51,Clay,1.36,8.75,15.72,South,119,Rabi,Sprinkler,339.05,2.84,7.01
cotton,141,70,116,7.65,19.19,2080.27,42.23,44.11,Silt,0.8,7.69,1.87,South,521,Kharif,Rainfed,94.22,16.02,7.07
maize,156,31,138,6.67,30.25,692.88,64.87,33.93,Clay,0.95,4.53,15.83,Central,650,Kharif,Drip,322.21,4.91,10.66
sugarcane,50,83,30,7.02,10.71,2456.67,87.71,44.88,Clay,0.68,6.54,14.2,East,1355,Rabi,Canal,258.28,4.64,75.14
sugarcane,176,26,67,7.44,35.5,1950.66,68.23,52.21,Clay,0.34,10.8,14.4,East,710,Rabi,Rainfed,210.6,7.61,74.92
rice,118,52,86,5.11,28.36,1053.89,65.93,31.34,Silt,0.88,7.51,16.48,North,1381,Rabi,Rainfed,177.99,6.07,7.88
rice,76,32,44,5.82,19.13,1554.18,31.77,40.96,Clay,1.28,6.87,10.63,East,561,Zaid,Sprinkler,267.76,13.77,10.14
cotton,179,40,105,5.37,13.39,1307.52,40.96,54.74,Silt,1.29,10.23,15.72,East,685,Rabi,Drip,158.37,0.39,6.6
wheat,114,51,129,6.54,33.7,2478.03,66.73,49.39,Silt,1.5,8.65,7.89,North,449,Kharif,Canal,266.71,11.05,11.55
wheat,157,84,109,7.65,23.09,2683.28,72.16,17.85,Silt,1.39,6.99,12.63,East,641,Rabi,Sprinkler,274.16,16.47,9.5
rice,101,55,28,5.58,23.06,609.22,83.99,43.44,Loamy,1.58,8.16,6.18,North,1400,Kharif,Drip,112.79,4.7,8.16
maize,71,93,59,7.29,24.11,668.59,82.28,33.82,Clay,1.04,6.36,14.71,East,1198,Zaid,Rainfed,148.0,3.75,7.2
maize,38,56,26,6.18,22.42,506.15,51.59,50.44,Silt,0.37,9.62,1.59,Central,355,Rabi,Drip,127.99,22.65,8.21
potato,54,90,137,7.87,25.4,1250.08,71.39,15.83,Loamy,1.42,9.02,15.37,South,1773,Rabi,Rainfed,294.81,20.5,25.34
potato,31,55,77,6.93,28.92,2727.64,57.84,31.53,Sandy,1.54,5.52,3.0,South,691,Kharif,Drip,96.59,6.39,23.72
cotton,48,61,74,8.12,22.93,2768.27,58.62,19.32,Silt,0.9,6.15,3.65,Central,839,Rabi,Canal,78.96,20.87,6.09
rice,49,28,33,5.64,39.18,1789.86,86.72,61.02,Silt,0.45,4.02,13.86,East,404,Kharif,Rainfed,143.19,22.15,9.22
sugarcane,99,15,137,7.94,21.93,1458.78,73.97,58.82,Clay,0.33,9.54,5.03,Central,170,Rabi,Rainfed,164.42,2.87,76.31
maize,46,31,96,6.01,16.43,1055.95,88.09,63.4,Silt,1.1,4.63,9.35,South,1806,Rabi,Rainfed,185.06,18.81,9.64
maize,153,69,143,6.91,39.4,301.22,76.49,47.17,Sandy,1.17,8.01,9.48,South,441,Zaid,Sprinkler,258.03,13.09,8.79
sugarcane,118,67,45,5.39,18.88,957.11,73.54,55.35,Silt,0.32,9.92,7.38,Central,1491,Rabi,Drip,155.69,18.18,73.94
rice,123,45,147,7.38,28.62,665.76,55.66,45.59,Silt,1.53,10.76,16.85,East,1604,Rabi,Rainfed,313.11,17.8,9.81
maize,113,76,137,8.13,34.86,304.96,36.39,39.6,Clay,1.0,6.23,10.59,South,1292,Zaid,Drip,294.39,11.56,9.66
potato,160,22,43,7.48,10.12,2539.99,67.82,56.69,Silt,1.1,5.29,13.19,Central,655,Zaid,Canal,174.26,0.41,25.57
maize,116,44,104,6.89,18.48,510.84,58.1,53.81,Sandy,1.03,10.91,16.14,South,1142,Kharif,Drip,313.34,16.66,9.59
wheat,80,91,82,6.32,25.95,2071.59,65.43,51.66,Loamy,0.71,5.3,11.45,Central,2085,Kharif,Rainfed,282.62,14.8,8.55
maize,111,94,45,5.97,23.68,2611.31,46.94,59.7,Clay,1.47,5.05,12.81,South,642,Kharif,Rainfed,280.77,12.19,10.3
potato,37,80,29,6.22,12.18,617.69,41.76,61.44,Loamy,0.3,10.47,8.52,Central,832,Zaid,Canal,281.16,17.29,24.07
sugarcane,150,59,125,5.92,23.41,901.23,45.91,37.26,Sandy,1.27,10.55,17.92,West,1383,Kharif,Drip,129.28,14.12,73.29
maize,33,32,136,7.63,13.18,887.6,69.45,29.14,Silt,0.77,7.35,14.19,East,302,Rabi,Rainfed,94.03,8.79,6.51
rice,115,59,77,7.84,17.5,515.29,87.18,40.59,Loamy,0.55,8.48,17.41,South,197,Kharif,Drip,245.56,19.86,9.51
potato,157,33,33,8.03,32.46,2574.3,89.52,19.65,Clay,0.87,6.92,3.16,East,806,Zaid,Sprinkler,228.1,18.51,26.42
wheat,139,91,92,6.22,15.36,2422.65,78.52,61.91,Loamy,0.56,10.49,1.39,West,818,Zaid,Rainfed,252.38,14.59,10.81
sugarcane,128,82,58,6.66,29.96,1251.9,87.45,64.19,Silt,1.43,9.85,9.9,West,384,Kharif,Rainfed,198.14,12.9,74.93
potato,66,97,141,6.76,39.19,2223.62,47.03,47.64,Loamy,1.33,7.6,13.44,West,1181,Rabi,Drip,91.83,16.13,24.77
potato,100,64,91,7.01,17.41,1573.54,30.21,52.31,Sandy,1.41,7.12,15.16,East,179,Kharif,Sprinkler,295.22,15.29,24.36
maize,62,39,131,4.81,17.79,1997.7,41.64,31.18,Silt,1.39,8.81,15.43,South,1787,Kharif,Rainfed,341.14,5.18,11.85
sugarcane,60,52,70,7.67,38.59,2022.86,68.07,58.31,Silt,1.37,8.65,5.88,South,384,Rabi,Canal,273.45,4.06,76.25
rice,154,50,108,5.71,29.95,2238.3,83.96,60.02,Silt,1.06,4.57,13.91,East,1564,Zaid,Drip,175.42,6.36,10.18
rice,41,82,57,6.41,33.1,2547.95,84.9,18.85,Sandy,1.47,5.95,3.68,North,345,Kharif,Sprinkler,276.49,9.0,11.11
potato,40,70,124,7.66,33.75,2272.73,79.84,21.57,Clay,0.38,7.07,9.83,Central,2020,Rabi,Sprinkler,113.17,21.48,25.11
maize,117,53,98,8.19,31.9,2066.33,75.74,28.04,Sandy,0.67,7.93,5.0,South,2006,Zaid,Canal,346.35,2.76,9.95
maize,101,77,108,7.5,39.3,1854.99,48.25,50.18,Silt,0.58,5.34,4.94,West,637,Rabi,Canal,263.9,16.75,11.26
sugarcane,61,21,90,4.88,18.24,822.72,35.26,24.17,Silt,0.46,6.24,6.09,East,1953,Zaid,Drip,256.08,2.86,74.0
sugarcane,86,72,109,6.05,25.55,1007.84,61.51,26.0,Loamy,0.31,7.53,6.23,South,228,Rabi,Sprinkler,177.66,9.34,74.16
maize,115,94,91,5.64,29.92,488.4,50.12,34.09,Sandy,0.82,10.31,6.69,West,829,Zaid,Rainfed,287.53,9.94,9.24
rice,48,73,35,8.08,31.22,944.44,37.69,45.58,Clay,1.24,6.72,16.53,West,716,Rabi,Canal,292.12,17.92,7.09
cotton,145,62,130,5.7,15.76,1659.85,57.5,63.82,Silt,1.14,6.06,12.68,West,1523,Rabi,Sprinkler,237.44,22.28,8.69
cotton,43,19,86,8.01,36.27,2684.2,61.53,54.19,Sandy,1.15,9.97,1.07,South,1244,Rabi,Canal,343.24,15.98,10.68
wheat,62,50,84,7.99,34.44,617.01,76.46,42.92,Silt,1.45,5.62,7.82,South,833,Rabi,Rainfed,214.54,22.6,7.63
rice,39,39,32,7.65,17.93,1406.99,78.49,17.47,Clay,1.54,8.23,3.81,East,7,Kharif,Rainfed,167.91,9.45,8.39
rice,109,59,137,5.13,26.32,2177.1,58.11,40.84,Clay,1.18,6.9,13.26,East,1161,Zaid,Sprinkler,110.3,18.9,10.31
rice,93,33,80,4.81,18.84,2284.14,85.24,25.2,Loamy,0.41,10.35,17.7,East,1623,Kharif,Canal,213.26,14.35,7.51
potato,97,21,51,7.5,20.98,777.65,77.32,30.0,Loamy,1.18,8.81,9.48,North,505,Kharif,Drip,105.66,19.05,22.48
potato,121,72,114,7.67,26.01,745.77,55.95,27.54,Loamy,1.02,10.21,17.68,South,504,Zaid,Sprinkler,222.72,17.0,22.73
wheat,154,95,60,8.07,26.18,1826.76,51.02,32.37,Clay,0.38,8.62,5.69,South,314,Zaid,Drip,207.72,8.76,8.62
maize,109,80,44,5.54,25.96,2585.12,49.07,18.11,Sandy,0.63,7.93,10.88,East,1026,Rabi,Rainfed,273.17,13.68,11.76
potato,88,94,64,7.29,26.33,2310.9,57.82,43.84,Sandy,0.61,6.92,10.27,North,1856,Kharif,Sprinkler,337.93,24.45,26.38
sugarcane,126,53,149,6.56,29.08,1261.03,49.82,17.29,Clay,1.3,8.29,14.53,South,1759,Zaid,Drip,205.78,16.29,74.87
wheat,48,32,22,5.92,10.47,1945.91,58.13,48.03,Clay,0.75,9.51,5.44,East,1757,Rabi,Rainfed,159.01,17.24,7.08
maize,178,15,123,6.86,14.19,937.08,64.64,51.54,Sandy,0.95,7.02,5.41,South,1661,Zaid,Rainfed,75.99,5.63,8.61
sugarcane,51,77,52,6.66,24.11,1479.35,39.96,39.3,Silt,1.32,8.47,7.03,North,166,Rabi,Canal,97.71,13.93,74.99
maize,38,17,51,5.79,31.25,1638.69,77.87,54.06,Sandy,1.52,7.1,10.93,Central,1316,Kharif,Canal,152.96,6.52,9.7
maize,38,35,130,5.71,25.28,1894.35,36.76,63.37,Clay,1.0,4.67,3.3,West,406,Rabi,Rainfed,200.14,18.85,9.58
cotton,56,44,36,6.45,28.87,1300.9,54.26,32.0,Sandy,1.02,7.93,17.23,East,713,Zaid,Sprinkler,77.83,18.38,5.58
rice,46,25,139,6.41,39.12,380.03,39.91,45.95,Sandy,0.42,4.46,8.83,West,793,Rabi,Rainfed,301.02,19.68,9.21
cotton,74,36,101,5.83,31.9,2620.14,48.24,31.19,Clay,0.94,8.18,9.56,East,1871,Rabi,Drip,106.68,0.05,5.51
wheat,37,71,22,5.7,38.2,2690.6,57.5,37.17,Silt,1.19,9.87,7.98,North,1664,Zaid,Sprinkler,159.26,17.05,7.82
sugarcane,175,17,89,8.04,10.57,2017.48,74.93,16.04,Clay,0.55,5.09,7.58,Central,902,Zaid,Canal,141.93,4.45,73.06
cotton,154,44,137,7.73,23.41,965.92,67.63,18.72,Loamy,0.44,8.17,8.76,Central,1076,Rabi,Rainfed,331.05,0.31,8.44
cotton,152,59,50,7.58,20.64,1786.86,51.64,54.88,Loamy,1.42,4.41,5.12,East,1596,Zaid,Drip,221.57,20.32,8.36
potato,62,50,35,5.53,31.17,990.26,65.46,22.0,Sandy,0.45,5.9,3.51,South,1955,Zaid,Sprinkler,104.29,21.92,21.64
maize,30,86,36,5.44,37.88,2047.08,47.78,49.96,Clay,1.49,4.88,8.42,South,19,Zaid,Sprinkler,108.08,21.4,7.64
cotton,35,78,115,7.55,11.21,1200.71,80.31,50.44,Silt,0.66,4.17,12.5,South,1683,Rabi,Drip,349.62,0.1,10.62
wheat,70,68,148,5.43,11.72,1693.62,58.99,64.81,Sandy,0.73,9.92,7.06,Central,191,Rabi,Canal,200.72,0.73,9.22
rice,34,82,131,6.51,30.19,447.36,73.01,49.78,Clay,0.98,6.87,2.84,Central,2156,Kharif,Sprinkler,227.03,18.65,10.3
cotton,109,64,121,5.55,20.38,2790.48,48.72,21.44,Sandy,0.54,5.06,9.91,South,1019,Kharif,Drip,272.19,22.16,7.11
sugarcane,47,45,91,6.09,16.09,1955.37,70.64,46.33,Sandy,1.2,8.45,9.91,West,2036,Kharif,Sprinkler,252.28,1.64,74.81
sugarcane,111,43,85,7.7,38.64,2650.11,85.61,41.21,Clay,0.98,10.31,3.87,Central,1963,Kharif,Canal,84.63,18.06,74.02
maize,94,73,130,7.83,10.42,2161.37,36.47,60.87,Silt,1.53,7.51,6.83,South,218,Zaid,Drip,128.15,14.63,10.52
cotton,112,50,56,8.19,18.22,1704.71,65.44,49.51,Silt,1.48,9.81,14.42,North,318,Rabi,Canal,213.43,10.47,6.13
wheat,165,91,110,8.01,19.95,2141.1,60.06,40.92,Loamy,1.3,9.9,1.55,West,1568,Rabi,Canal,214.3,18.04,11.29
sugarcane,160,87,103,7.08,33.48,1473.24,62.46,46.21,Silt,0.54,9.25,2.62,East,589,Rabi,Rainfed,174.69,21.26,76.89
wheat,54,99,130,6.27,26.85,2698.24,41.68,37.17,Loamy,0.58,5.93,12.91,Central,40,Rabi,Drip,269.04,19.31,11.25
cotton,98,81,81,5.0,19.85,2235.83,31.63,40.42,Clay,0.65,7.27,10.73,North,822,Kharif,Drip,152.45,15.03,6.62
rice,111,90,40,6.87,15.09,602.6,34.28,51.12,Sandy,1.38,5.02,10.84,South,734,Kharif,Canal,173.38,4.09,8.02
cotton,146,25,125,5.52,16.54,2676.64,47.05,18.92,Sandy,1.14,10.44,8.78,North,865,Rabi,Rainfed,341.49,2.42,10.97
sugarcane,124,25,56,7.69,11.16,1739.42,81.26,45.77,Silt,0.53,8.61,2.46,Central,1701,Rabi,Rainfed,71.67,8.44,72.72
sugarcane,62,40,54,6.67,35.11,1426.17,78.41,19.41,Sandy,0.9,4.04,1.9,Central,1285,Zaid,Canal,162.64,8.66,73.89
maize,140,67,133,7.29,13.52,2280.48,89.73,57.75,Clay,1.57,9.6,6.51,West,1324,Kharif,Sprinkler,177.65,11.5,9.96
cotton,175,28,113,7.09,34.69,871.71,74.43,62.12,Silt,1.25,4.1,1.96,West,1366,Zaid,Sprinkler,121.9,7.76,7.19
cotton,154,78,23,5.98,14.18,2695.5,51.07,54.01,Silt,1.51,8.29,10.61,South,1574,Rabi,Drip,242.82,11.26,10.85
sugarcane,45,94,126,7.38,37.18,715.84,85.1,50.9,Loamy,1.35,7.08,12.54,East,1735,Rabi,Drip,143.75,24.89,72.87
maize,109,24,98,7.67,30.36,1039.21,77.44,62.19,Clay,1.24,5.46,11.51,West,1874,Kharif,Drip,152.51,9.88,11.69
cotton,67,45,42,7.33,20.56,2522.6,71.94,25.93,Loamy,1.38,9.28,13.4,North,2148,Zaid,Canal,62.77,8.73,7.32
rice,164,50,124,7.44,21.78,1820.83,62.17,26.44,Silt,1.2,10.99,17.19,North,2129,Zaid,Rainfed,150.81,11.73,7.78
potato,107,24,34,6.02,18.54,2436.3,73.02,39.05,Loamy,1.04,8.92,17.45,East,278,Rabi,Rainfed,329.64,17.85,25.19
maize,92,40,147,8.01,16.34,798.34,87.53,15.37,Clay,1.26,9.65,5.85,Central,934,Kharif,Drip,308.55,21.73,8.64
rice,141,34,101,6.24,37.33,2309.46,81.74,63.25,Loamy,0.6,10.39,5.96,North,335,Zaid,Rainfed,236.3,9.19,11.56
wheat,118,58,140,7.85,15.53,745.98,41.67,16.61,Silt,0.94,7.09,13.64,Central,1601,Zaid,Drip,200.89,18.97,5.71
cotton,67,76,107,7.72,15.28,2158.05,35.86,44.81,Loamy,1.54,8.47,17.83,West,325,Zaid,Drip,161.55,1.1,8.88
cotton,179,87,98,5.22,20.81,686.37,30.99,32.7,Silt,1.35,7.72,8.02,Central,1049,Rabi,Rainfed,208.89,14.79,7.03
rice,173,93,38,8.09,39.53,1157.43,72.77,20.15,Silt,1.5,6.21,4.15,Central,624,Rabi,Rainfed,62.22,21.15,7.06
potato,81,23,88,8.19,23.95,1490.52,46.73,16.23,Loamy,1.56,4.45,13.39,South,942,Rabi,Rainfed,292.74,4.52,24.33
maize,58,85,29,6.86,20.66,2597.08,73.09,28.12,Sandy,1.06,10.0,7.55,South,1007,Kharif,Canal,122.56,15.04,8.8
wheat,173,38,63,7.46,39.96,2129.32,41.05,20.33,Clay,0.56,4.72,2.36,West,889,Rabi,Drip,184.26,24.03,8.43
cotton,105,26,21,7.97,32.2,1004.4,56.2,62.02,Silt,1.26,7.94,13.73,North,384,Rabi,Sprinkler,319.66,3.53,8.13
wheat,174,74,113,4.87,38.34,1416.13,30.82,27.24,Sandy,0.31,4.22,7.94,South,1760,Zaid,Sprinkler,62.37,21.67,5.89
rice,93,98,135,7.96,17.47,1175.1,36.52,19.71,Clay,0.42,7.75,11.05,North,186,Rabi,Canal,167.94,18.33,8.52
sugarcane,120,92,88,6.93,32.63,2649.64,34.89,53.48,Sandy,0.67,4.4,12.76,South,319,Kharif,Canal,124.68,8.02,76.61
maize,118,30,127,7.62,36.72,736.57,77.44,35.71,Loamy,0.32,8.96,14.95,South,92,Rabi,Canal,346.06,20.46,10.86
maize,42,43,89,6.64,25.88,2589.22,84.26,57.18,Silt,1.19,8.15,11.56,North,102,Rabi,Canal,248.16,17.66,12.58
maize,101,46,93,6.6,22.72,2369.65,40.47,56.92,Sandy,1.36,9.03,16.91,East,1580,Rabi,Sprinkler,302.58,18.06,12.64
wheat,34,97,99,7.85,18.88,621.73,61.47,64.62,Sandy,1.28,7.96,9.24,South,2188,Rabi,Sprinkler,278.2,21.36,8.74
cotton,41,49,117,6.53,27.02,982.85,39.01,55.19,Clay,0.49,9.22,10.02,South,2177,Zaid,Canal,83.99,7.98,7.02
maize,32,57,119,6.4,15.76,2076.06,76.76,25.71,Clay,1.35,6.57,6.17,West,136,Kharif,Rainfed,314.86,22.7,12.9
rice,62,67,77,6.87,22.96,2068.22,79.25,44.32,Silt,1.38,6.29,3.24,East,1089,Rabi,Sprinkler,132.69,5.27,8.3
cotton,150,34,51,6.56,30.48,884.22,77.11,41.31,Sandy,0.43,7.46,11.68,North,1531,Rabi,Drip,264.0,7.1,8.84
rice,79,98,140,6.32,29.57,1884.01,45.09,40.41,Silt,0.94,7.53,5.97,East,836,Rabi,Drip,276.79,9.41,10.17
cotton,166,22,22,5.41,31.0,2018.68,50.25,29.84,Clay,1.19,6.37,13.14,North,1997,Zaid,Drip,338.77,17.38,8.92
potato,58,56,148,6.15,27.6,480.04,42.51,25.51,Silt,0.83,7.47,11.55,Central,501,Zaid,Canal,146.69,1.87,23.56
wheat,68,91,67,5.76,10.08,1252.38,30.2,50.84,Loamy,1.46,5.48,5.78,West,528,Zaid,Rainfed,298.93,6.3,9.96
sugarcane,120,84,96,6.16,10.8,2565.55,33.88,20.09,Silt,0.99,8.56,10.48,West,353,Zaid,Drip,226.84,10.66,75.08
maize,129,30,30,6.82,27.41,2551.25,89.18,17.48,Loamy,0.46,10.8,17.8,West,820,Zaid,Canal,327.43,8.84,11.07
rice,46,83,41,6.87,38.98,1954.59,84.79,34.06,Silt,0.99,8.23,16.0,Central,971,Kharif,Canal,182.12,23.77,10.04
rice,85,67,31,5.61,15.83,1931.74,34.77,52.2,Silt,1.05,7.32,8.09,North,1124,Rabi,Rainfed,261.42,3.98,10.55
wheat,75,59,72,5.09,31.52,2438.53,57.68,58.43,Loamy,1.54,10.33,12.69,East,117,Rabi,Rainfed,114.35,1.43,8.17
wheat,96,65,74,7.33,23.0,1155.39,88.47,42.01,Clay,0.85,8.61,4.12,South,1769,Rabi,Drip,321.52,10.82,10.6
potato,171,20,72,6.6,14.17,424.14,33.27,57.0,Silt,1.46,6.08,1.17,Central,1226,Zaid,Drip,343.7,3.37,26.96
sugarcane,96,47,40,6.3,11.0,2415.95,70.13,16.26,Clay,0.72,8.34,15.27,South,516,Kharif,Rainfed,145.0,12.77,74.27
rice,52,93,38,5.24,31.4,1080.46,36.39,37.77,Sandy,0.89,9.22,8.04,West,1755,Rabi,Drip,321.93,1.29,9.23
potato,123,29,107,6.21,14.32,1981.89,50.88,21.67,Clay,1.18,9.4,4.09,West,731,Rabi,Drip,75.16,23.06,23.44
cotton,83,28,113,7.58,18.95,1520.43,32.82,44.14,Sandy,1.45,4.06,6.36,East,483,Kharif,Drip,296.48,7.45,7.81
sugarcane,167,53,85,6.78,22.04,661.95,65.9,61.05,Clay,1.31,9.36,16.68,South,263,Rabi,Drip,196.31,8.13,74.86
rice,106,77,78,5.11,31.18,1345.99,72.15,15.36,Clay,0.5,9.59,16.17,South,1823,Zaid,Sprinkler,341.19,11.99,9.99
cotton,45,19,78,5.93,21.63,956.28,32.49,48.41,Sandy,0.55,5.23,12.07,South,1372,Kharif,Rainfed,135.48,6.34,6.95
sugarcane,70,95,22,8.13,21.59,320.66,60.25,54.62,Loamy,0.39,9.96,2.56,West,313,Zaid,Drip,75.41,6.54,71.14
potato,127,66,135,6.65,33.83,1609.8,47.94,52.22,Clay,1.11,8.99,13.21,East,1990,Kharif,Drip,214.53,21.58,26.52
maize,157,30,77,5.77,10.21,1710.15,72.55,15.99,Sandy,0.87,8.34,16.13,Central,550,Zaid,Sprinkler,270.7,22.05,10.34
cotton,90,52,81,7.91,32.62,1064.85,60.62,23.69,Clay,1.44,9.38,16.62,North,383,Kharif,Sprinkler,198.39,1.42,4.15
rice,115,67,145,5.94,25.65,1035.48,31.01,19.72,Clay,1.59,5.77,7.57,Central,882,Zaid,Sprinkler,190.38,5.21,8.52
sugarcane,147,91,56,7.28,26.25,1417.43,45.93,19.27,Clay,1.44,5.08,3.88,West,418,Rabi,Sprinkler,122.85,13.02,75.66
maize,129,67,132,5.3,20.37,1844.28,59.25,51.51,Clay,0.36,4.48,17.34,South,217,Zaid,Canal,204.97,24.87,10.16
wheat,78,60,114,5.33,12.77,2721.34,35.78,36.24,Silt,1.53,7.03,14.78,Central,1100,Kharif,Rainfed,323.18,23.75,9.7
potato,31,29,97,6.71,12.73,1494.41,83.14,51.24,Clay,0.43,7.54,8.36,West,1192,Zaid,Sprinkler,183.02,18.57,24.52
wheat,149,73,124,5.62,20.23,2633.95,83.79,33.04,Sandy,0.88,4.73,11.75,Central,776,Rabi,Rainfed,274.74,11.35,10.3
potato,152,64,24,4.97,31.61,2737.39,36.76,20.85,Clay,0.69,6.79,7.76,South,1136,Rabi,Canal,284.89,22.07,25.41
sugarcane,115,23,114,7.95,36.75,1820.68,83.0,50.92,Sandy,0.5,5.83,8.77,South,755,Rabi,Canal,227.56,14.03,76.45
maize,106,40,148,4.99,34.37,1701.57,64.35,46.3,Sandy,0.52,10.19,6.57,West,1686,Zaid,Rainfed,156.8,3.17,8.14
sugarcane,165,17,82,7.24,33.94,450.64,81.94,20.65,Loamy,0.75,8.01,1.95,North,536,Rabi,Sprinkler,240.38,8.01,73.87
potato,88,61,39,5.93,10.17,858.02,67.67,61.22,Sandy,0.33,5.22,17.95,East,519,Kharif,Drip,208.52,22.69,26.21
maize,41,19,62,7.97,15.75,2795.4,85.01,30.45,Sandy,0.38,7.4,5.07,North,672,Rabi,Drip,301.28,24.44,11.12
potato,33,76,104,8.15,38.35,2165.24,57.59,47.74,Loamy,1.23,4.29,5.93,West,747,Kharif,Sprinkler,136.96,21.52,25.93
maize,146,98,113,5.94,36.1,1969.94,89.89,16.6,Clay,1.11,7.14,6.52,West,183,Zaid,Canal,115.87,7.83,8.78
wheat,124,98,61,6.81,13.8,1716.65,81.45,37.15,Silt,0.43,10.31,5.15,West,1558,Rabi,Canal,126.13,21.8,7.24
cotton,154,19,127,7.43,29.08,2007.02,67.76,63.22,Loamy,0.86,7.64,6.54,North,2115,Zaid,Sprinkler,140.63,1.03,10.13
sugarcane,70,24,113,5.22,22.99,2001.89,53.52,59.33,Silt,1.09,5.51,10.63,East,1676,Zaid,Rainfed,236.74,19.23,76.15
maize,152,94,93,7.21,10.23,853.86,66.94,26.07,Clay,0.43,10.42,2.35,Central,1168,Kharif,Rainfed,223.92,23.54,11.15
rice,36,77,128,7.88,34.0,2261.9,73.74,58.96,Clay,1.56,10.58,2.22,West,1653,Rabi,Sprinkler,97.2,6.64,8.85
wheat,98,39,134,5.41,38.29,1463.19,50.56,29.65,Silt,1.4,5.93,8.85,South,1867,Rabi,Drip,341.84,0.36,9.52
rice,98,58,144,7.65,37.62,2053.91,62.46,57.61,Silt,0.6,5.22,12.84,West,607,Rabi,Canal,69.63,20.22,10.17
maize,110,39,25,5.19,21.53,1168.8,83.41,51.46,Sandy,0.97,4.63,4.69,South,64,Zaid,Rainfed,263.58,7.71,8.86
maize,59,44,142,6.73,33.63,1743.58,87.14,32.6,Clay,0.96,9.4,9.84,West,1774,Rabi,Sprinkler,84.37,3.87,9.66
cotton,102,28,61,5.95,24.94,2137.91,67.09,60.54,Loamy,0.73,9.0,8.49,West,992,Zaid,Sprinkler,88.72,3.06,8.77
wheat,35,57,77,6.4,39.4,1829.44,39.0,39.26,Loamy,1.29,9.37,8.69,West,2100,Zaid,Sprinkler,286.19,1.0,9.64
potato,118,42,29,5.82,38.9,1883.36,76.04,30.88,Clay,1.16,5.13,12.93,Central,1929,Kharif,Canal,208.84,23.63,25.78
wheat,176,33,108,5.69,33.2,763.08,44.86,28.98,Silt,1.42,10.82,11.15,Central,1609,Zaid,Rainfed,155.48,17.25,6.7
wheat,95,56,97,7.33,24.14,1564.74,33.9,61.95,Silt,0.31,5.34,8.98,Central,583,Kharif,Drip,260.33,10.28,10.65
sugarcane,39,34,130,5.56,37.06,985.82,52.26,52.93,Loamy,1.09,4.27,5.6,West,682,Rabi,Rainfed,305.88,17.97,74.95
wheat,173,93,58,6.19,16.72,1225.52,46.13,32.49,Silt,1.59,6.75,10.95,East,613,Kharif,Canal,186.27,17.72,6.8
cotton,66,25,30,5.73,16.43,2304.57,60.89,27.71,Loamy,1.33,7.88,3.34,North,1041,Kharif,Canal,150.5,20.5,8.29
sugarcane,106,68,129,5.61,26.75,419.15,30.14,25.58,Sandy,0.75,6.91,8.07,East,1146,Zaid,Drip,269.91,6.67,74.91
rice,106,38,35,6.93,34.57,943.64,70.78,27.22,Sandy,0.5,7.4,3.29,West,762,Rabi,Sprinkler,245.46,20.04,9.78
sugarcane,61,84,52,4.95,11.86,2272.94,56.5,20.55,Sandy,0.86,7.93,6.41,Central,2062,Kharif,Drip,134.41,3.05,74.43
rice,76,31,78,7.48,33.54,2415.87,45.57,39.24,Clay,0.85,5.48,11.82,West,1476,Zaid,Drip,204.72,6.66,10.46
maize,139,42,70,6.66,38.48,832.43,46.27,17.05,Silt,1.06,9.9,14.38,North,2107,Rabi,Canal,75.73,22.93,7.9
rice,149,64,34,7.62,26.38,713.16,32.54,15.58,Sandy,0.39,5.86,5.01,Central,1493,Kharif,Drip,107.59,7.79,6.66
wheat,39,69,62,5.52,16.41,2298.17,43.36,45.9,Loamy,0.8,10.99,11.91,Central,218,Rabi,Rainfed,128.2,22.82,7.56
rice,126,87,46,7.21,28.95,2093.38,37.11,19.42,Sandy,1.41,10.82,5.65,Central,417,Rabi,Sprinkler,131.15,13.17,11.15
wheat,34,24,75,6.23,15.9,1708.0,56.19,57.26,Silt,1.14,6.18,8.06,North,956,Kharif,Canal,76.13,8.66,7.24
sugarcane,106,35,140,5.06,21.71,1445.02,59.66,20.34,Loamy,0.87,7.71,16.54,East,58,Kharif,Drip,339.41,10.97,73.85
rice,30,72,132,7.36,30.99,2488.2,79.41,42.13,Sandy,0.7,10.49,2.72,South,767,Rabi,Sprinkler,196.35,0.85,10.63
maize,160,48,79,7.39,21.44,998.34,63.94,48.78,Silt,0.66,7.9,17.73,South,1686,Zaid,Drip,349.19,8.25,11.09
wheat,96,57,134,5.72,24.53,1918.86,65.24,26.46,Loamy,1.27,9.48,11.92,South,379,Rabi,Rainfed,154.29,2.83,9.14
rice,44,25,128,7.91,26.36,2625.01,35.84,59.41,Sandy,0.86,7.26,11.35,North,1425,Rabi,Canal,192.1,21.17,9.21
sugarcane,122,47,131,7.4,20.18,729.85,51.04,39.07,Sandy,0.62,7.29,4.65,South,2081,Rabi,Drip,235.32,21.9,75.93
wheat,59,72,119,5.84,12.29,783.03,77.79,30.77,Silt,1.36,6.6,4.31,Central,621,Zaid,Drip,105.55,19.94,6.21
rice,132,60,27,5.61,25.33,596.89,65.06,60.06,Sandy,0.65,7.4,16.69,West,485,Zaid,Canal,333.71,0.92,7.49
wheat,111,75,100,6.3,24.63,967.58,52.52,57.92,Silt,0.38,4.4,3.72,North,923,Kharif,Rainfed,127.11,2.21,10.36
cotton,104,76,149,5.8,22.79,1722.13,55.86,50.48,Sandy,1.01,10.78,3.92,East,2126,Zaid,Rainfed,113.97,10.18,7.18
cotton,89,15,140,5.54,15.53,1123.41,36.95,29.52,Loamy,0.66,9.95,12.91,South,2046,Kharif,Rainfed,101.58,10.77,5.42
sugarcane,69,35,23,6.16,11.57,1698.31,31.57,34.51,Sandy,0.31,9.95,12.98,North,594,Kharif,Drip,251.65,24.16,75.86
maize,103,76,45,4.89,34.8,1507.53,38.65,49.49,Clay,0.95,8.75,7.77,South,384,Kharif,Drip,158.59,18.15,9.86
potato,150,78,97,6.16,25.97,1627.34,47.8,24.26,Sandy,1.46,5.35,16.43,Central,2074,Zaid,Drip,213.98,13.47,23.51
cotton,176,87,91,5.55,39.41,2679.81,46.99,39.76,Silt,1.14,5.5,16.63,East,2106,Kharif,Sprinkler,190.77,14.13,6.27
sugarcane,32,70,147,5.7,39.33,817.43,72.19,51.89,Sandy,0.32,4.62,15.3,South,806,Rabi,Rainfed,102.6,17.16,73.05
cotton,65,15,24,5.08,27.4,1976.67,39.63,47.89,Clay,0.79,9.47,1.27,Central,1845,Kharif,Sprinkler,279.88,16.78,10.31
sugarcane,72,35,110,6.8,24.7,1487.17,75.55,51.0,Loamy,0.62,10.28,6.14,West,1608,Kharif,Canal,132.69,24.65,74.06
maize,172,36,88,6.4,15.59,1998.87,72.54,59.6,Clay,1.17,8.31,5.94,South,469,Rabi,Rainfed,86.45,24.61,10.47
cotton,144,68,22,7.35,21.38,1795.37,39.09,63.41,Loamy,0.89,9.95,2.12,Central,77,Kharif,Drip,169.75,22.34,9.84
cotton,138,18,113,8.16,33.56,2190.78,69.64,37.92,Clay,0.52,10.34,16.18,North,1756,Kharif,Rainfed,332.88,17.88,8.5
rice,119,79,20,5.21,38.9,1634.38,49.67,18.0,Clay,0.89,5.03,17.87,East,377,Zaid,Canal,162.81,13.92,8.98
sugarcane,113,65,32,5.73,27.99,2054.43,36.38,56.72,Clay,1.51,6.7,3.44,Central,225,Kharif,Rainfed,251.35,2.59,77.82
wheat,106,88,131,7.12,28.51,2138.2,67.38,20.9,Loamy,0.83,4.97,5.85,Central,1936,Kharif,Canal,285.87,24.87,11.04
sugarcane,34,77,27,5.61,38.27,745.23,77.58,25.97,Sandy,1.43,6.78,1.45,North,821,Rabi,Canal,272.36,20.11,73.67
potato,107,29,132,4.9,13.81,2612.26,87.75,47.66,Silt,0.92,7.28,2.96,Central,653,Zaid,Canal,228.01,19.23,25.38
potato,120,50,98,5.17,28.36,2111.46,63.01,52.29,Sandy,1.28,8.97,9.49,South,1703,Kharif,Canal,97.78,14.16,24.07
sugarcane,116,43,141,6.27,27.56,541.96,63.99,49.73,Clay,1.32,8.69,7.25,North,1874,Rabi,Canal,337.55,3.0,75.04
cotton,43,66,93,6.26,16.15,2452.19,57.79,36.92,Loamy,1.29,10.92,8.2,West,401,Zaid,Canal,287.72,2.89,8.68
cotton,133,60,146,8.11,33.21,776.87,48.52,60.9,Loamy,1.13,5.58,12.32,Central,866,Rabi,Sprinkler,341.76,13.37,7.15
sugarcane,112,83,132,6.38,13.58,1765.93,38.59,56.61,Sandy,1.54,5.08,2.66,West,1251,Rabi,Sprinkler,210.85,11.54,77.21
sugarcane,83,43,71,7.11,11.9,1082.79,48.01,48.18,Loamy,1.51,9.09,15.41,Central,2174,Kharif,Canal,126.6,17.44,73.8
sugarcane,161,61,140,6.47,24.58,1739.4,50.04,37.05,Loamy,0.69,8.92,15.72,Central,805,Zaid,Rainfed,324.84,21.6,76.7
potato,124,39,52,5.72,18.99,2520.36,74.18,38.19,Clay,1.2,4.95,3.77,South,1609,Kharif,Rainfed,128.6,0.42,25.52
maize,38,94,92,5.16,23.08,2526.69,37.72,23.8,Loamy,1.16,9.72,11.79,West,950,Kharif,Canal,84.27,14.7,8.07
cotton,82,30,115,7.72,13.38,2265.13,41.21,53.99,Loamy,0.56,6.4,12.74,North,1713,Kharif,Sprinkler,68.23,11.3,8.08
wheat,106,55,56,5.32,23.57,2336.8,88.33,58.3,Clay,0.64,7.3,3.95,North,1712,Zaid,Canal,65.8,4.77,8.68
wheat,89,79,88,5.13,23.19,1569.28,34.25,56.36,Sandy,0.7,8.81,7.37,West,233,Kharif,Drip,129.44,7.46,7.49
wheat,75,83,79,5.53,39.0,2470.95,85.76,42.35,Silt,0.73,8.25,12.77,West,399,Kharif,Rainfed,121.9,23.34,7.33
wheat,83,34,93,4.81,31.68,1467.67,38.78,56.9,Silt,1.41,8.67,12.44,West,613,Kharif,Canal,324.7,18.38,9.93
wheat,103,83,50,5.04,37.61,820.83,62.2,54.52,Silt,1.28,4.8,15.26,West,86,Rabi,Drip,163.99,22.73,7.99
wheat,141,50,33,6.96,33.44,2544.88,53.77,56.62,Sandy,1.35,6.02,3.25,West,1870,Kharif,Canal,73.43,8.43,9.93
maize,124,72,79,5.63,33.64,1448.88,54.01,64.1,Loamy,1.49,9.69,6.49,East,1990,Zaid,Canal,289.66,7.0,12.8
rice,52,62,87,5.95,35.97,1801.96,72.1,55.5,Clay,0.97,10.51,13.8,West,718,Kharif,Canal,268.57,6.49,10.49
wheat,56,96,147,7.64,17.68,1866.25,69.36,28.53,Sandy,1.39,6.89,5.23,East,1986,Zaid,Canal,114.88,13.08,8.7
maize,99,16,45,7.43,22.8,505.67,86.58,56.04,Silt,1.2,10.74,10.13,Central,431,Zaid,Sprinkler,189.1,16.26,8.84
maize,138,94,54,6.47,36.26,1184.96,73.1,33.78,Loamy,0.9,10.52,3.33,North,1406,Kharif,Canal,162.42,18.53,9.23
potato,106,43,125,6.88,12.01,1196.98,66.42,40.81,Silt,0.55,9.96,3.67,West,2103,Zaid,Canal,285.07,3.47,24.95
maize,79,30,43,5.09,11.65,2091.81,40.55,54.82,Silt,0.86,9.25,5.35,Central,1007,Zaid,Canal,230.73,6.27,9.44
wheat,153,49,102,7.39,29.44,1993.07,58.6,30.84,Silt,0.57,7.72,6.0,South,395,Rabi,Canal,113.83,8.94,6.23
cotton,48,76,55,6.56,37.29,2772.31,59.83,16.3,Sandy,0.67,5.49,1.71,East,791,Kharif,Drip,288.55,0.77,7.69
rice,30,95,120,6.74,33.83,2127.64,68.33,50.91,Loamy,0.67,5.78,15.55,West,811,Kharif,Drip,228.31,17.94,10.67
rice,69,18,53,7.06,33.97,856.82,51.96,60.11,Silt,1.29,5.13,1.75,Central,1256,Zaid,Canal,301.07,3.76,8.23
rice,51,82,140,6.5,20.8,1164.35,38.72,61.39,Sandy,0.96,9.94,13.97,West,531,Rabi,Sprinkler,315.18,9.89,10.25
wheat,141,65,58,6.57,27.75,717.64,82.71,54.95,Clay,1.33,4.04,5.88,North,930,Zaid,Drip,304.17,24.03,9.7
wheat,69,47,42,6.5,33.14,2455.02,31.94,61.76,Clay,1.44,5.87,7.77,West,1249,Zaid,Drip,106.2,16.99,10.27
potato,67,92,99,6.49,33.81,2414.71,38.1,56.03,Sandy,1.1,8.24,10.83,South,816,Kharif,Rainfed,321.04,15.16,30.27
sugarcane,77,38,89,7.35,27.42,2583.97,57.37,16.5,Clay,0.83,10.9,4.82,East,132,Zaid,Sprinkler,98.55,1.7,73.98
potato,104,89,78,6.25,34.01,1949.39,83.33,32.48,Silt,1.41,6.09,2.3,South,1966,Rabi,Rainfed,111.35,1.77,23.99
maize,136,39,41,4.81,10.81,972.16,36.15,31.81,Sandy,1.04,5.47,17.27,North,849,Zaid,Canal,303.06,16.04,8.63
wheat,37,42,128,6.88,38.28,2541.7,74.26,25.96,Sandy,1.41,4.53,15.08,West,1224,Zaid,Drip,294.57,7.89,11.39
rice,115,21,130,8.04,36.12,981.77,47.19,54.9,Clay,0.65,5.99,13.91,West,2117,Kharif,Drip,176.73,7.44,9.45
rice,97,50,107,5.67,11.56,1260.19,34.56,41.0,Loamy,1.04,9.79,10.09,North,256,Zaid,Sprinkler,110.68,8.41,9.56
wheat,104,24,59,7.58,22.58,354.68,83.7,56.81,Clay,0.58,4.92,11.84,West,638,Kharif,Canal,122.44,16.11,7.87
wheat,166,50,104,6.35,37.58,1745.0,88.34,45.07,Silt,1.21,5.04,15.69,West,989,Kharif,Canal,342.47,3.83,9.97
cotton,119,97,113,6.99,25.38,1388.92,37.91,44.53,Loamy,1.06,5.0,7.61,West,277,Zaid,Canal,80.15,23.68,5.63
potato,159,32,30,7.83,12.74,1919.75,83.76,34.21,Loamy,1.02,4.81,2.78,Central,1955,Rabi,Rainfed,166.63,23.93,23.01
sugarcane,109,20,136,7.42,39.0,2719.86,68.89,54.48,Silt,1.13,7.17,15.3,Central,2032,Zaid,Rainfed,243.81,17.49,76.11
wheat,124,21,28,7.81,20.75,443.2,42.09,49.15,Loamy,0.79,9.79,2.07,East,1342,Kharif,Drip,284.47,23.97,7.96
potato,99,26,31,4.83,25.49,528.7,70.29,31.94,Sandy,0.55,7.22,16.62,North,1838,Rabi,Sprinkler,257.48,9.08,23.33
wheat,119,55,57,5.44,28.96,1710.3,78.68,64.68,Loamy,1.35,7.81,13.27,South,2138,Rabi,Sprinkler,164.17,4.63,8.9
sugarcane,88,77,145,6.24,34.97,2794.73,59.63,38.14,Loamy,0.8,8.0,8.57,North,305,Rabi,Rainfed,127.94,4.56,75.26
sugarcane,176,39,73,7.68,36.19,1019.99,84.56,30.83,Clay,1.59,6.7,11.46,West,876,Zaid,Drip,281.37,13.4,75.16
rice,57,95,43,7.65,29.59,1641.12,61.71,49.39,Sandy,0.93,6.37,10.1,West,1491,Zaid,Canal,183.1,4.68,8.37
potato,101,67,140,5.43,38.45,809.28,41.13,26.14,Silt,0.94,8.43,7.83,North,1038,Rabi,Canal,93.54,4.61,24.3
maize,43,47,138,5.28,16.57,1624.34,72.56,56.53,Sandy,1.18,6.45,3.19,West,1745,Kharif,Drip,342.96,21.69,12.24
potato,53,87,93,7.64,37.15,758.42,70.61,49.02,Loamy,1.17,4.82,14.74,East,884,Zaid,Sprinkler,285.64,8.88,25.25
wheat,141,20,140,6.64,15.7,742.8,68.43,58.5,Clay,0.53,10.04,10.99,South,1365,Kharif,Drip,243.09,17.74,9.79
wheat,73,76,147,6.93,36.83,1146.71,82.79,31.45,Silt,0.65,8.11,12.94,West,1702,Rabi,Sprinkler,156.16,23.1,7.17
cotton,85,80,63,7.55,16.48,2649.05,61.68,57.72,Silt,0.6,9.8,4.54,Central,1137,Rabi,Drip,298.5,7.03,9.53
cotton,149,23,109,5.52,31.58,1948.61,72.25,40.05,Loamy,0.37,7.34,4.42,West,2156,Rabi,Rainfed,129.19,11.71,7.88
sugarcane,61,81,31,5.26,34.51,1229.18,87.28,17.96,Sandy,0.33,8.5,15.26,West,1039,Kharif,Drip,73.29,16.7,71.82
sugarcane,54,30,22,7.72,21.72,1896.68,38.27,24.71,Clay,1.14,10.44,10.3,West,309,Kharif,Canal,171.19,4.84,74.27
sugarcane,145,69,69,5.18,13.4,798.74,53.19,25.88,Sandy,0.95,9.24,8.7,North,1883,Kharif,Rainfed,261.48,14.99,74.38
rice,95,54,127,5.1,20.88,1893.67,43.13,53.4,Sandy,1.46,6.46,2.59,North,1509,Zaid,Rainfed,333.84,24.58,11.8
sugarcane,71,40,35,5.74,11.85,2600.63,49.43,25.16,Silt,0.69,6.3,8.25,North,878,Zaid,Rainfed,135.64,24.32,75.29
cotton,105,52,46,5.88,29.78,2642.35,60.63,43.1,Sandy,1.32,5.91,12.96,Central,1865,Kharif,Sprinkler,82.22,16.37,5.38
potato,166,49,142,5.62,30.92,1766.2,80.72,47.63,Sandy,0.43,7.33,2.76,East,1090,Kharif,Drip,129.24,10.06,24.91
rice,67,82,89,7.32,18.05,2498.99,53.97,53.69,Silt,1.36,10.44,1.5,East,296,Kharif,Rainfed,275.7,5.53,12.4
maize,90,73,61,8.11,29.55,1268.27,63.47,54.19,Silt,1.5,4.12,10.4,North,597,Rabi,Canal,210.06,21.22,8.45
rice,118,28,144,5.48,11.76,2513.96,78.73,50.88,Sandy,1.12,9.32,6.37,West,2110,Zaid,Drip,263.84,16.66,11.57
cotton,47,61,77,7.46,10.95,1135.42,85.69,25.66,Silt,1.26,6.47,16.4,North,1436,Zaid,Rainfed,344.7,20.14,7.48
rice,99,85,125,4.95,22.24,2057.85,50.98,42.17,Clay,1.58,9.67,11.07,West,199,Rabi,Rainfed,207.0,22.22,8.13
potato,111,86,85,5.2,24.53,2597.28,40.68,29.51,Clay,0.79,7.04,6.11,Central,187,Kharif,Sprinkler,85.8,24.18,25.76
wheat,145,56,103,6.55,10.56,1712.53,64.93,53.75,Sandy,0.34,9.05,6.34,West,1908,Zaid,Rainfed,313.16,2.84,12.11
wheat,109,65,28,8.2,27.7,986.46,83.75,52.4,Loamy,1.19,9.87,3.19,West,1479,Rabi,Rainfed,93.46,10.56,7.15
wheat,44,33,124,8.03,34.98,2044.84,44.91,26.48,Silt,0.32,7.29,8.44,East,1154,Kharif,Canal,176.79,15.14,6.88
rice,42,80,108,5.18,22.32,581.9,59.97,47.07,Loamy,1.04,9.13,2.16,West,1781,Rabi,Drip,345.58,2.83,11.36
maize,148,61,108,5.61,32.41,1164.38,59.16,17.92,Silt,1.08,4.48,8.49,North,1545,Zaid,Sprinkler,163.92,2.66,7.21
rice,72,79,107,8.02,14.53,2539.7,85.63,53.43,Silt,1.06,6.09,3.05,South,711,Rabi,Drip,206.37,0.05,10.74
potato,86,56,25,5.31,25.89,2142.53,57.4,54.01,Sandy,0.52,6.26,12.51,Central,824,Kharif,Rainfed,343.2,16.32,25.42
maize,46,52,142,7.33,33.67,436.61,62.18,32.35,Clay,0.4,7.33,12.07,South,1933,Zaid,Drip,212.71,15.53,10.47
cotton,61,27,93,4.8,30.46,1734.46,38.3,55.31,Loamy,1.48,8.53,15.25,Central,288,Zaid,Sprinkler,333.55,11.0,7.52
potato,179,58,122,6.95,33.39,920.53,57.49,57.91,Clay,1.0,7.29,16.68,North,366,Zaid,Sprinkler,154.16,5.06,25.3
maize,84,38,52,6.48,31.63,333.82,50.51,24.5,Clay,0.72,9.9,12.12,North,1993,Zaid,Rainfed,89.3,7.69,6.72
potato,42,44,106,6.4,13.63,968.39,43.3,32.54,Loamy,1.3,5.81,3.62,South,1055,Rabi,Rainfed,159.68,16.11,23.51
cotton,76,84,88,7.62,13.08,2234.96,60.52,28.05,Silt,1.5,4.94,9.64,East,1008,Rabi,Canal,317.97,11.01,9.69
cotton,116,52,143,5.07,39.27,1305.93,76.25,33.72,Loamy,0.83,6.6,17.0,Central,159,Zaid,Rainfed,158.15,24.31,6.3
maize,91,37,45,6.08,24.47,964.63,40.6,37.35,Clay,0.43,5.7,4.39,East,764,Zaid,Canal,290.06,16.49,9.27
cotton,58,88,25,6.32,31.97,2797.3,38.49,40.5,Loamy,1.2,8.15,7.62,North,1571,Rabi,Drip,151.66,12.61,10.11
potato,51,71,58,5.22,30.45,1742.39,37.46,16.76,Sandy,1.48,7.99,13.72,West,477,Kharif,Drip,348.18,0.98,25.92
cotton,94,93,23,5.09,11.33,854.91,75.79,17.76,Silt,1.57,9.16,13.98,Central,801,Zaid,Sprinkler,125.28,17.07,4.89
cotton,58,37,147,5.41,24.9,807.27,77.28,47.76,Silt,1.36,9.5,17.14,Central,32,Zaid,Drip,66.54,14.23,2.79
wheat,77,50,77,5.62,25.64,558.24,83.32,37.14,Loamy,0.65,4.99,5.2,North,2011,Kharif,Sprinkler,292.15,15.82,9.84
potato,34,71,67,8.08,34.26,1829.29,87.85,19.49,Silt,0.77,6.41,15.59,East,1620,Zaid,Drip,200.03,9.77,23.58
sugarcane,130,15,79,6.42,38.87,2498.26,52.64,34.31,Silt,0.48,4.55,1.89,West,1144,Rabi,Sprinkler,288.73,13.13,78.26
potato,100,86,45,6.53,18.68,2449.83,50.43,38.77,Clay,1.23,8.76,3.48,South,1231,Kharif,Sprinkler,225.33,23.07,27.91
rice,170,17,96,7.2,11.77,2649.73,89.49,46.78,Clay,0.52,9.61,17.03,West,951,Zaid,Canal,186.07,5.41,8.57
cotton,167,28,105,7.13,24.26,357.72,38.53,20.92,Silt,0.86,10.73,15.97,East,2011,Kharif,Drip,213.28,5.26,4.76
maize,95,95,142,6.51,10.9,1703.29,32.5,64.74,Silt,0.99,10.7,2.04,North,950,Rabi,Sprinkler,256.59,0.67,15.6
rice,101,48,75,5.96,21.56,2592.2,53.11,38.74,Clay,0.8,8.42,2.15,West,1344,Kharif,Rainfed,185.86,8.12,9.55
wheat,54,84,58,5.93,18.2,2550.75,35.28,49.04,Silt,0.49,9.18,6.98,South,1636,Kharif,Rainfed,270.76,20.98,11.77
potato,89,83,100,5.0,17.29,977.44,52.99,60.41,Silt,0.68,5.46,7.8,East,1777,Rabi,Canal,100.66,6.41,24.02
sugarcane,69,65,44,7.86,10.05,1554.86,54.7,16.59,Clay,1.12,8.08,8.95,West,649,Zaid,Drip,257.7,21.06,73.95
potato,36,43,146,7.42,17.52,539.84,68.32,45.07,Clay,1.24,6.32,10.32,West,502,Kharif,Rainfed,243.71,14.09,23.38
sugarcane,75,96,44,6.92,19.6,985.49,74.65,42.02,Clay,1.1,4.76,3.22,West,1398,Rabi,Canal,311.04,4.57,75.47
sugarcane,115,62,108,6.15,37.33,2779.96,68.87,17.87,Sandy,1.56,7.43,17.77,North,1654,Kharif,Drip,148.61,3.24,75.22
sugarcane,170,93,41,6.78,12.65,1762.75,72.43,49.65,Clay,1.1,6.95,17.28,West,1871,Rabi,Drip,138.29,17.12,74.55
maize,50,93,42,6.45,33.01,2796.88,52.14,26.04,Silt,0.59,4.48,7.95,North,1383,Rabi,Drip,257.7,5.74,12.1
sugarcane,30,30,49,5.73,31.75,341.37,57.39,50.09,Clay,0.94,10.68,9.29,South,1864,Rabi,Canal,116.44,23.23,71.41
cotton,152,71,122,5.82,19.79,2728.39,72.86,33.13,Sandy,1.39,10.7,7.17,North,860,Kharif,Sprinkler,331.76,20.32,9.7
cotton,176,24,96,7.77,37.21,1184.79,38.84,53.51,Clay,0.72,7.91,12.06,South,335,Kharif,Canal,266.9,20.49,7.38
maize,154,33,92,6.96,29.66,507.29,72.72,62.09,Clay,1.26,10.61,12.89,Central,973,Rabi,Sprinkler,267.69,1.22,10.9
potato,62,81,114,4.8,12.91,523.92,87.09,58.03,Sandy,1.32,5.81,10.1,Central,1317,Rabi,Rainfed,325.86,6.04,25.26
maize,33,50,114,5.91,16.12,1159.78,40.54,39.13,Loamy,1.51,9.54,16.71,South,672,Zaid,Canal,221.65,10.53,8.79
rice,32,18,136,5.96,22.03,1484.2,53.67,26.26,Loamy,0.82,10.64,6.89,North,1596,Rabi,Canal,335.43,6.12,11.52
wheat,120,89,56,7.2,39.02,513.18,64.88,64.62,Clay,0.64,6.77,5.42,North,728,Kharif,Canal,140.24,8.16,8.03
potato,81,47,26,7.18,17.93,2428.86,73.09,47.97,Loamy,0.96,6.12,12.15,East,726,Kharif,Rainfed,164.21,3.61,25.03
cotton,57,42,143,6.38,22.85,1514.98,45.12,34.8,Loamy,1.59,8.86,3.76,Central,1990,Zaid,Rainfed,288.11,3.06,10.25
rice,99,94,51,8.03,26.82,1212.31,65.07,39.08,Silt,1.47,7.32,10.81,North,1582,Zaid,Canal,234.07,9.17,9.19
rice,86,23,30,7.77,20.67,1603.79,86.1,21.4,Silt,0.67,6.65,6.5,East,1798,Kharif,Rainfed,223.15,22.85,8.33
cotton,137,89,128,7.75,31.03,1518.86,51.45,40.26,Silt,0.56,9.44,3.33,Central,1748,Rabi,Canal,203.93,22.01,8.18
cotton,173,20,111,5.98,29.83,557.93,64.14,23.66,Sandy,0.92,5.67,6.38,North,977,Rabi,Sprinkler,239.17,13.43,5.11
sugarcane,53,63,67,6.27,11.81,425.32,67.45,33.29,Loamy,0.52,8.82,4.44,South,340,Kharif,Sprinkler,201.31,17.39,73.36
rice,106,90,64,6.22,22.86,1996.51,83.24,39.59,Clay,1.29,6.71,11.7,West,2034,Kharif,Rainfed,306.21,8.14,9.58
cotton,105,36,114,6.3,33.43,1519.12,48.66,62.39,Sandy,0.35,5.83,1.88,West,395,Rabi,Rainfed,201.47,3.62,7.98
wheat,98,62,52,7.82,29.2,361.26,82.38,46.23,Loamy,0.59,10.52,14.91,Central,1894,Rabi,Canal,101.44,1.51,7.22
wheat,130,35,137,5.65,23.81,1966.92,70.41,33.59,Clay,0.32,5.74,10.93,East,973,Kharif,Canal,133.56,11.24,7.7
cotton,121,47,66,7.53,31.9,2064.17,73.02,20.65,Sandy,0.59,6.71,15.57,Central,1967,Rabi,Drip,322.72,11.89,10.11
cotton,121,95,141,6.55,30.11,2725.05,33.98,52.36,Silt,0.37,8.35,3.72,East,1574,Kharif,Canal,258.9,10.74,9.88
sugarcane,59,70,72,5.65,35.13,1875.07,51.39,38.34,Clay,1.18,4.43,9.03,South,1358,Rabi,Drip,111.49,13.56,74.44
cotton,47,43,145,6.59,11.53,987.55,37.08,18.41,Silt,1.04,4.72,12.36,West,916,Zaid,Sprinkler,200.7,13.02,7.25
cotton,73,67,46,5.46,26.06,896.78,63.69,47.84,Loamy,0.58,8.4,3.48,North,992,Rabi,Canal,242.81,17.49,7.34
maize,128,54,108,5.17,29.81,1443.7,80.26,32.51,Clay,0.57,8.14,1.24,East,1195,Zaid,Sprinkler,213.59,21.35,9.83
maize,150,88,55,7.65,30.26,530.93,54.6,35.19,Silt,0.68,8.22,17.03,North,1967,Zaid,Rainfed,346.78,21.78,8.77
rice,144,32,120,7.18,37.67,1539.98,43.54,56.94,Silt,1.34,8.15,14.27,East,1991,Kharif,Rainfed,209.03,7.54,11.4
maize,89,61,141,5.5,22.35,1119.62,48.28,21.87,Loamy,0.5,9.84,14.3,North,1566,Zaid,Sprinkler,329.29,15.72,12.26
potato,175,27,144,8.0,33.85,2374.68,64.39,32.02,Loamy,0.46,6.31,16.65,West,291,Kharif,Rainfed,304.55,24.12,24.51
sugarcane,85,41,78,4.88,33.58,2037.37,76.05,33.18,Loamy,0.96,5.23,10.83,Central,1627,Rabi,Drip,233.4,13.93,73.75
wheat,60,76,42,5.93,18.07,941.69,71.39,15.17,Loamy,1.42,10.28,11.91,West,1313,Kharif,Rainfed,172.48,15.96,6.98
cotton,130,88,118,4.87,18.05,1496.29,86.53,57.27,Loamy,0.59,7.92,4.55,East,369,Rabi,Rainfed,349.24,20.57,7.95
potato,88,59,87,5.28,38.29,2092.18,83.03,56.77,Sandy,0.44,9.52,9.0,West,727,Kharif,Rainfed,87.15,3.23,24.42
cotton,153,17,111,5.41,19.73,732.59,36.29,48.09,Silt,0.94,5.34,3.68,Central,1379,Rabi,Sprinkler,304.48,4.32,7.81
sugarcane,159,36,124,7.56,22.43,2722.53,72.22,59.95,Loamy,1.25,7.25,2.68,Central,2007,Zaid,Rainfed,241.69,22.55,76.05
potato,126,41,61,8.18,28.12,529.29,53.62,28.64,Silt,1.1,4.83,5.34,North,240,Rabi,Sprinkler,228.48,23.62,22.13
potato,136,69,148,7.75,19.5,2683.17,50.17,26.03,Sandy,0.84,4.69,8.81,South,1595,Rabi,Drip,348.39,6.07,27.57
potato,47,81,72,6.96,29.85,341.73,58.55,18.43,Clay,0.35,7.18,11.85,South,2066,Kharif,Drip,151.44,1.97,23.44
maize,174,47,109,7.26,18.68,1508.63,75.98,44.6,Silt,0.69,8.17,9.57,East,149,Kharif,Sprinkler,68.63,20.08,9.15
cotton,100,16,135,6.58,25.82,1020.4,55.01,39.82,Silt,1.5,10.49,16.21,East,412,Zaid,Rainfed,277.24,5.74,9.3
potato,135,89,106,6.24,26.79,2719.12,79.26,55.52,Silt,0.59,4.34,6.56,South,1170,Zaid,Rainfed,87.01,16.67,26.41
potato,83,60,132,7.15,34.02,2438.83,58.32,39.06,Clay,1.1,6.61,15.4,East,1237,Kharif,Sprinkler,147.35,3.58,24.71
rice,123,88,134,8.11,35.8,2556.42,33.62,25.16,Sandy,1.48,9.18,8.41,Central,1588,Zaid,Sprinkler,349.45,9.51,11.17
rice,105,47,139,4.9,30.45,1529.26,67.82,55.48,Silt,0.93,6.13,3.35,South,1315,Rabi,Canal,165.17,12.19,10.19
potato,64,72,47,5.87,18.1,564.51,76.85,37.77,Sandy,0.88,9.27,15.72,North,767,Kharif,Rainfed,197.77,8.97,23.93
cotton,40,21,72,5.92,23.92,917.89,48.96,62.79,Silt,0.48,10.65,9.32,West,1748,Zaid,Canal,149.03,15.53,6.93
sugarcane,90,29,136,6.21,26.89,1627.29,43.33,41.72,Silt,1.57,8.12,3.38,North,2173,Rabi,Sprinkler,338.76,21.43,77.9
maize,73,40,83,6.93,18.93,1272.43,68.41,20.84,Silt,0.53,5.75,4.2,Central,79,Zaid,Rainfed,138.72,14.1,9.83
maize,150,25,25,6.55,38.2,1119.18,51.16,57.55,Clay,0.93,8.17,2.23,Central,251,Zaid,Sprinkler,245.71,13.77,11.03
wheat,97,52,133,4.86,13.26,1057.01,84.35,58.92,Sandy,0.52,6.12,11.95,West,1433,Kharif,Drip,80.97,12.41,6.17
potato,54,41,147,6.2,35.0,885.42,76.01,37.27,Sandy,0.75,5.19,7.17,North,1021,Zaid,Sprinkler,76.23,24.0,24.31
rice,113,21,36,6.91,22.79,1644.82,57.67,16.3,Loamy,1.45,9.55,17.43,Central,1119,Rabi,Rainfed,67.67,0.49,6.04
maize,143,15,57,6.52,38.37,2020.56,88.53,16.49,Silt,1.14,8.64,10.15,West,339,Zaid,Drip,315.94,2.68,12.55
wheat,161,88,32,7.77,25.98,2027.73,50.67,32.56,Clay,0.31,9.95,5.17,North,1088,Kharif,Sprinkler,80.76,10.49,7.96
cotton,30,35,131,6.16,31.89,411.69,56.68,50.81,Silt,1.56,10.1,11.01,Central,2128,Kharif,Drip,158.7,21.01,7.3
potato,160,93,146,4.84,32.03,367.37,68.94,31.55,Sandy,1.32,6.5,17.6,South,1123,Kharif,Drip,201.19,23.28,22.0
sugarcane,115,44,125,5.77,30.94,518.09,60.72,15.39,Sandy,1.6,4.79,1.39,West,1571,Rabi,Canal,174.67,23.66,73.1
wheat,91,22,96,5.26,11.48,344.36,50.66,57.43,Silt,1.29,7.3,3.89,South,1283,Rabi,Drip,143.6,5.92,6.59
potato,93,97,38,5.65,28.67,1401.03,55.07,63.44,Sandy,1.29,6.48,16.78,West,1740,Zaid,Drip,286.94,10.5,24.43
cotton,174,17,97,6.03,36.84,434.18,81.82,32.32,Silt,1.21,8.43,1.42,Central,2028,Kharif,Rainfed,327.68,16.7,7.98
cotton,155,69,139,7.1,35.31,1389.08,41.89,18.65,Silt,0.85,9.9,17.38,Central,1657,Kharif,Drip,272.68,21.18,7.02
rice,134,29,98,5.9,37.45,1142.25,49.06,29.57,Loamy,0.71,8.28,11.67,South,307,Kharif,Rainfed,76.17,16.79,6.85
wheat,91,50,95,7.81,23.33,446.52,41.91,54.95,Clay,0.98,4.08,4.94,West,954,Zaid,Drip,242.99,22.53,7.73
potato,64,20,120,5.82,23.64,511.85,60.73,42.11,Clay,0.53,8.22,2.52,East,1213,Zaid,Rainfed,200.82,5.33,25.44
potato,42,56,94,5.27,34.25,2230.22,39.65,34.2,Sandy,1.24,4.9,2.77,North,527,Kharif,Drip,344.89,13.77,27.36
rice,72,64,139,5.37,19.1,2111.13,40.27,31.71,Sandy,1.6,6.22,15.24,North,409,Zaid,Canal,242.45,12.42,7.58
wheat,159,32,102,7.98,32.95,1015.33,80.06,20.77,Loamy,1.08,5.68,14.96,North,37,Zaid,Canal,104.75,21.43,7.37
wheat,140,97,45,6.35,25.13,624.69,72.18,31.98,Sandy,1.41,7.52,15.18,North,1437,Kharif,Drip,94.55,3.07,5.84
rice,157,64,147,6.17,17.93,1190.85,41.31,38.51,Sandy,0.52,9.51,17.33,Central,1505,Rabi,Canal,100.99,14.9,8.8
maize,80,44,102,5.03,29.31,1509.98,53.2,48.66,Silt,1.37,4.27,7.64,West,2131,Zaid,Drip,142.36,16.89,9.54
rice,173,91,63,7.29,18.87,1593.57,85.01,28.1,Loamy,1.48,4.4,16.57,South,1147,Zaid,Rainfed,286.21,3.91,12.63
sugarcane,175,53,103,7.16,30.15,361.46,82.21,59.87,Silt,1.39,10.71,3.75,South,1046,Zaid,Canal,248.64,19.05,76.02
rice,164,26,44,6.08,27.08,1802.53,69.27,39.24,Silt,1.12,7.08,16.97,Central,863,Zaid,Rainfed,217.6,15.3,8.86
rice,74,73,56,7.15,31.67,1875.34,47.04,35.26,Sandy,1.5,9.18,5.14,Central,1689,Zaid,Rainfed,250.12,4.49,10.53
wheat,71,90,131,6.05,27.97,1907.36,52.4,44.7,Silt,1.55,10.13,7.94,North,1898,Zaid,Sprinkler,290.95,22.62,12.4
rice,164,58,21,5.05,32.75,1865.95,69.2,23.38,Clay,1.36,6.67,9.76,East,1020,Rabi,Rainfed,99.58,21.21,7.02
potato,44,18,117,7.31,39.89,2692.06,63.63,20.33,Clay,1.01,7.84,14.65,North,695,Zaid,Canal,272.69,1.15,26.29
maize,89,50,51,8.08,24.03,2074.47,63.64,32.33,Clay,1.39,10.06,7.62,Central,2027,Rabi,Drip,284.88,5.19,8.71
rice,69,62,108,7.0,27.95,1092.28,55.4,17.0,Loamy,0.78,8.2,6.81,South,66,Zaid,Canal,339.82,9.53,9.61
sugarcane,141,28,56,5.74,13.06,2330.35,35.41,33.88,Loamy,0.75,5.32,17.71,West,1879,Rabi,Sprinkler,327.76,13.37,77.0
maize,106,95,134,5.72,38.51,1379.26,37.29,48.57,Clay,0.75,8.19,2.27,North,1000,Rabi,Drip,323.01,13.91,12.39
potato,134,63,22,7.96,27.89,451.04,80.12,55.61,Clay,0.56,10.76,1.44,East,277,Kharif,Canal,280.02,3.6,23.93
cotton,136,81,59,5.83,13.08,1922.09,83.05,43.99,Silt,1.11,10.9,1.96,North,1144,Rabi,Drip,102.92,2.78,7.48
rice,151,91,93,7.41,22.0,1255.65,83.62,49.57,Loamy,1.16,10.36,16.54,East,854,Zaid,Canal,269.87,23.31,10.79
wheat,109,23,85,6.99,12.44,2625.83,58.48,56.66,Sandy,1.42,9.05,4.96,North,1878,Rabi,Drip,206.59,18.45,11.33
potato,154,35,79,6.81,24.92,1154.44,86.13,53.66,Sandy,1.2,10.17,1.74,East,1306,Rabi,Canal,154.0,3.08,25.59
maize,163,86,30,5.42,18.31,412.54,80.26,31.0,Loamy,1.31,6.87,13.39,South,1562,Zaid,Drip,141.64,22.21,8.9
cotton,61,95,139,4.92,20.21,2666.97,53.05,43.67,Silt,1.2,6.39,11.89,West,2108,Kharif,Sprinkler,241.06,6.46,8.81
sugarcane,137,30,148,6.46,12.07,2380.96,43.38,28.24,Clay,1.21,10.96,14.46,South,1820,Zaid,Canal,171.52,9.6,76.27
sugarcane,143,30,61,8.16,32.87,2748.37,73.71,43.82,Silt,0.74,10.18,9.9,North,1475,Zaid,Sprinkler,195.21,16.05,74.66
maize,175,42,142,5.47,35.23,752.53,73.52,36.3,Silt,1.56,4.8,4.01,West,947,Zaid,Rainfed,134.0,16.19,10.47
cotton,97,65,111,6.63,14.2,353.04,83.41,33.64,Loamy,1.13,9.67,5.94,East,134,Rabi,Canal,173.6,12.74,7.87
sugarcane,156,70,81,7.08,32.52,2677.75,33.03,24.18,Clay,1.06,4.08,2.04,South,1023,Kharif,Sprinkler,197.52,3.33,76.61
maize,164,94,31,6.44,13.86,2155.81,51.15,43.09,Loamy,1.4,6.99,12.97,West,1391,Zaid,Sprinkler,184.56,7.68,12.21
maize,143,71,47,6.52,12.57,2442.55,32.09,51.47,Loamy,0.85,4.59,12.01,North,1431,Kharif,Sprinkler,121.49,12.03,9.71
wheat,37,66,126,7.05,13.42,309.89,42.62,43.56,Silt,0.43,6.58,12.57,West,321,Zaid,Drip,104.77,22.86,5.62
wheat,93,60,114,7.57,10.95,1942.58,53.98,18.46,Loamy,0.61,9.67,17.62,Central,360,Rabi,Rainfed,340.91,8.8,10.03
rice,164,92,33,5.93,21.28,2078.37,37.38,61.22,Loamy,1.35,5.05,2.02,East,510,Rabi,Drip,102.33,19.95,7.78
maize,70,52,137,7.86,38.59,1158.66,79.34,15.27,Loamy,1.25,6.46,2.11,East,1450,Rabi,Sprinkler,101.99,0.23,5.63
sugarcane,69,98,145,6.45,36.98,1483.58,42.17,59.25,Loamy,0.45,5.79,13.55,West,1031,Rabi,Canal,329.43,7.89,76.15
rice,32,62,122,7.05,19.96,632.14,54.68,53.3,Silt,0.39,4.91,17.54,South,562,Kharif,Canal,172.16,6.29,9.41
rice,174,55,92,5.16,33.84,500.03,78.1,19.83,Clay,1.11,10.78,10.23,West,1875,Rabi,Rainfed,72.88,21.5,5.68
sugarcane,139,73,81,6.47,34.74,2326.29,37.0,26.83,Clay,1.52,7.04,14.82,West,464,Kharif,Drip,183.23,5.07,75.69
sugarcane,143,81,31,4.85,14.56,2355.45,67.18,32.45,Silt,0.53,4.15,11.36,North,715,Rabi,Rainfed,266.12,22.41,74.49
maize,141,88,57,6.13,16.88,875.61,86.43,60.52,Sandy,1.01,8.74,16.85,West,926,Zaid,Sprinkler,236.31,13.15,11.71
rice,179,98,58,4.99,30.71,2342.12,57.26,64.0,Loamy,1.36,7.67,4.39,East,2095,Rabi,Rainfed,232.73,20.57,11.48
cotton,33,80,105,7.85,17.92,1210.25,44.41,19.36,Silt,0.99,9.74,7.16,North,255,Rabi,Sprinkler,349.38,8.71,6.87
cotton,163,41,23,7.09,38.14,1022.42,86.59,34.85,Sandy,0.76,6.55,11.42,West,591,Zaid,Canal,184.08,7.8,7.45
maize,55,46,67,7.49,16.92,2280.44,33.25,22.46,Sandy,1.33,10.37,4.38,West,412,Rabi,Drip,117.5,2.9,9.36
maize,168,70,79,6.39,33.97,2066.69,48.7,28.92,Loamy,1.3,4.2,15.18,East,723,Kharif,Canal,177.01,15.78,10.02
sugarcane,46,24,27,7.7,32.74,1887.82,79.04,64.05,Silt,1.38,7.67,14.56,North,252,Zaid,Canal,277.1,3.92,75.72
sugarcane,121,54,143,7.77,25.11,2288.8,39.24,64.22,Loamy,1.53,7.42,13.22,Central,755,Rabi,Drip,222.06,16.28,76.91
maize,60,31,135,6.01,17.9,2457.91,35.05,38.61,Sandy,0.5,4.08,11.54,West,928,Kharif,Canal,202.24,1.66,12.44
potato,173,72,77,6.08,11.02,2671.57,57.48,24.16,Sandy,0.74,4.44,4.73,Central,2008,Zaid,Drip,178.1,3.65,27.49
cotton,136,20,54,6.53,34.85,1858.8,49.91,42.35,Loamy,1.58,6.01,15.79,East,1027,Kharif,Drip,342.14,23.98,8.76
potato,175,53,92,4.94,21.33,527.36,77.83,31.03,Loamy,1.07,8.02,10.82,South,6,Rabi,Sprinkler,252.4,18.42,23.43
rice,140,32,134,8.19,20.2,1184.58,50.23,61.44,Loamy,1.17,5.45,4.6,South,1098,Rabi,Rainfed,273.66,2.82,11.01
wheat,130,87,32,6.02,11.33,629.13,70.19,55.91,Clay,1.45,5.29,13.53,West,1529,Zaid,Canal,210.48,9.72,8.93
rice,141,86,58,6.4,14.54,603.93,63.61,30.44,Silt,1.2,4.95,1.54,West,938,Zaid,Sprinkler,217.69,3.42,11.28
wheat,91,56,103,7.37,21.04,2772.81,65.82,15.92,Silt,1.19,10.5,4.71,East,1111,Rabi,Rainfed,145.09,12.07,8.96
wheat,141,18,40,5.81,30.72,762.14,60.67,64.9,Silt,0.44,7.95,4.86,North,380,Rabi,Canal,123.94,23.42,7.73
cotton,145,34,66,5.49,16.22,2144.76,38.13,49.17,Sandy,0.96,5.72,5.96,West,1349,Zaid,Drip,273.26,8.24,9.52
cotton,64,42,21,5.23,14.91,2254.52,33.72,36.29,Silt,1.18,10.8,1.58,South,727,Rabi,Rainfed,77.01,19.16,6.94
rice,57,54,63,6.6,17.87,1528.49,62.63,29.42,Silt,1.35,6.86,15.32,East,53,Kharif,Rainfed,341.99,2.97,11.17
maize,132,79,49,4.82,18.5,311.53,68.97,15.22,Sandy,0.84,4.79,2.65,North,1319,Kharif,Sprinkler,314.06,8.58,10.79
cotton,154,58,147,7.21,22.3,2119.28,73.52,22.7,Sandy,0.46,7.58,15.1,East,526,Kharif,Canal,291.47,7.25,10.5
rice,131,37,74,6.37,20.83,2680.17,73.33,15.29,Clay,0.78,7.05,4.06,West,508,Zaid,Sprinkler,252.97,4.67,10.94
potato,166,71,59,6.61,12.22,2224.35,74.42,44.88,Sandy,0.86,8.32,15.3,South,1081,Rabi,Drip,248.94,7.14,28.77
sugarcane,172,61,116,5.69,28.54,1621.45,31.22,48.17,Loamy,1.28,8.89,1.49,East,183,Kharif,Sprinkler,275.84,19.73,75.12
cotton,50,27,111,5.41,13.91,1768.83,43.41,53.34,Clay,0.33,6.42,14.34,South,954,Zaid,Sprinkler,325.4,13.88,9.8
cotton,81,30,43,7.18,36.05,696.08,73.78,24.35,Sandy,0.8,5.2,10.06,West,406,Kharif,Rainfed,210.26,18.78,6.14
potato,126,69,47,5.51,35.79,2508.7,37.41,19.8,Silt,0.88,6.89,4.68,East,1334,Kharif,Rainfed,108.9,11.26,24.35
sugarcane,80,79,136,7.45,12.17,1792.52,41.19,47.52,Clay,1.02,7.53,7.91,North,1523,Zaid,Drip,85.04,8.49,74.13
sugarcane,112,95,124,5.49,22.39,920.42,69.58,39.99,Clay,1.56,7.26,2.65,West,24,Rabi,Rainfed,212.98,20.21,74.31
potato,84,30,112,6.88,24.31,551.09,78.49,58.78,Silt,1.26,4.24,3.33,South,2144,Kharif,Drip,248.86,17.28,25.26
potato,106,51,117,6.99,39.88,969.14,39.75,41.66,Silt,0.59,9.56,7.24,West,297,Kharif,Drip,313.56,12.23,25.13
wheat,156,66,108,6.52,17.54,2215.45,63.05,37.24,Silt,1.12,6.4,8.01,North,1784,Zaid,Rainfed,322.46,20.44,11.08
potato,122,24,97,8.19,29.08,2688.0,40.88,39.4,Loamy,0.75,6.05,14.19,Central,957,Kharif,Rainfed,265.43,2.41,26.1
wheat,117,52,93,6.08,23.71,883.55,42.52,54.12,Clay,1.35,5.49,13.86,Central,1626,Rabi,Canal,323.33,3.95,10.82
potato,109,58,33,7.8,33.06,1074.24,58.92,15.92,Loamy,0.52,8.08,5.08,West,620,Kharif,Sprinkler,324.96,17.68,24.49
wheat,121,88,64,5.38,17.45,2313.72,70.43,60.91,Loamy,0.49,8.12,4.13,East,366,Kharif,Rainfed,145.51,11.42,10.62
rice,76,68,57,5.95,30.43,2121.48,64.45,50.71,Silt,0.43,7.02,3.86,Central,963,Zaid,Sprinkler,169.14,22.75,9.3
wheat,67,65,81,5.29,13.9,608.85,35.55,59.26,Sandy,1.01,8.71,11.04,West,1123,Kharif,Rainfed,301.26,17.9,9.95
wheat,168,66,115,6.85,10.45,2576.31,47.13,62.98,Loamy,0.46,4.27,10.87,West,493,Zaid,Canal,346.41,0.07,13.73
cotton,44,84,86,6.97,10.55,885.12,86.29,26.3,Sandy,0.35,9.62,2.78,North,2121,Kharif,Drip,98.16,20.19,6.33
sugarcane,30,73,80,6.34,24.78,2220.04,67.66,43.92,Sandy,0.73,5.79,6.79,North,1975,Zaid,Rainfed,305.4,13.72,77.16
rice,164,27,32,7.25,33.12,1927.89,69.49,39.3,Silt,1.34,7.28,15.86,West,1717,Rabi,Drip,133.24,16.28,6.38
sugarcane,30,55,138,7.75,27.33,1470.53,42.67,41.88,Sandy,0.5,9.22,17.02,North,1557,Zaid,Sprinkler,233.27,23.95,74.02
potato,78,26,106,7.44,11.09,518.51,87.49,17.36,Loamy,0.77,5.22,17.52,North,109,Rabi,Sprinkler,202.19,23.65,22.62
wheat,125,64,102,5.62,26.56,2531.42,42.39,60.7,Sandy,0.87,10.32,12.79,East,1848,Zaid,Sprinkler,255.15,9.61,10.57
potato,55,71,99,5.89,13.4,1625.93,45.07,62.73,Loamy,1.44,4.95,1.64,East,1807,Kharif,Rainfed,318.89,8.43,26.31
maize,116,64,66,6.09,38.96,583.07,60.61,49.26,Silt,0.92,9.69,9.25,West,635,Rabi,Drip,178.74,6.95,8.57
wheat,122,71,130,5.49,20.58,1492.05,59.76,27.91,Loamy,0.97,6.79,5.13,South,1499,Kharif,Drip,270.03,13.69,8.94
wheat,131,68,133,6.03,25.1,559.53,31.96,54.36,Sandy,0.63,5.15,16.1,East,860,Zaid,Rainfed,217.25,12.96,7.98
wheat,100,80,73,5.61,20.16,1234.18,74.63,51.54,Loamy,1.17,10.09,1.72,North,932,Zaid,Drip,215.56,19.1,9.94
wheat,169,22,90,8.19,24.01,595.72,35.79,43.73,Sandy,0.33,9.13,2.92,East,2083,Kharif,Sprinkler,317.9,14.48,10.21
sugarcane,124,77,91,7.46,38.75,955.41,33.24,23.51,Sandy,1.55,5.61,5.87,East,2127,Zaid,Rainfed,289.79,18.66,73.72
rice,147,23,44,7.72,17.82,2328.45,60.43,25.06,Silt,0.95,8.66,12.91,South,2148,Kharif,Drip,169.79,3.41,8.53
cotton,177,74,42,7.94,31.54,881.51,32.89,44.47,Sandy,0.38,5.09,16.92,South,289,Zaid,Canal,197.26,12.41,6.21
cotton,148,77,30,7.06,32.66,1894.93,42.04,21.44,Clay,1.03,10.83,7.6,East,432,Rabi,Drip,99.97,10.06,6.73
wheat,80,86,46,5.4,15.72,875.83,53.46,51.2,Loamy,0.97,7.84,6.81,North,1136,Zaid,Sprinkler,67.25,6.91,6.12
wheat,110,17,136,7.38,31.87,1840.42,66.19,25.63,Clay,0.61,5.05,14.31,Central,1366,Kharif,Canal,181.29,19.72,7.06
maize,65,87,86,4.85,29.44,2160.48,76.96,60.52,Clay,0.57,4.46,16.27,South,180,Kharif,Sprinkler,212.59,21.43,10.78
maize,96,27,66,5.18,18.73,558.23,47.37,59.99,Loamy,0.65,8.4,2.49,West,1131,Rabi,Canal,216.59,10.15,9.28
potato,158,23,27,4.9,25.68,2419.4,58.27,29.68,Silt,0.47,8.51,17.76,East,1197,Kharif,Drip,347.33,16.79,26.86
cotton,143,66,96,5.26,27.7,2584.16,87.24,19.17,Loamy,0.99,10.85,9.67,North,726,Rabi,Sprinkler,156.17,4.64,7.62
potato,140,76,86,7.36,35.1,1230.9,53.41,45.57,Silt,1.44,7.48,17.9,West,169,Kharif,Rainfed,223.92,14.16,24.66
rice,171,22,54,7.81,13.74,2493.86,72.58,37.42,Sandy,1.5,6.37,1.22,East,2034,Rabi,Sprinkler,211.17,9.69,8.22
wheat,129,59,96,5.75,39.16,590.26,46.28,22.19,Clay,1.54,8.97,16.15,North,2062,Zaid,Canal,226.5,14.98,6.27
sugarcane,138,67,43,5.21,33.07,1363.58,67.39,41.57,Loamy,1.08,9.62,2.68,South,960,Kharif,Drip,301.17,0.47,75.53
potato,149,77,74,5.73,26.05,702.8,78.28,64.64,Sandy,1.11,8.81,14.22,West,448,Kharif,Drip,105.01,9.85,23.82
cotton,108,95,113,7.0,33.29,2703.11,84.85,18.45,Loamy,0.7,9.2,1.0,North,711,Kharif,Sprinkler,169.56,13.1,10.9
maize,163,71,77,5.99,31.99,2235.74,86.25,28.19,Loamy,1.45,8.85,3.32,North,990,Zaid,Drip,219.67,24.34,11.52
rice,48,68,83,8.07,23.8,1850.01,48.12,41.93,Sandy,0.93,5.22,3.74,North,383,Kharif,Sprinkler,78.27,24.52,8.24
sugarcane,156,33,95,5.25,20.08,477.89,42.05,54.67,Loamy,0.66,9.67,11.32,East,621,Rabi,Drip,161.6,12.62,73.52
rice,58,81,134,8.17,39.66,714.48,78.84,15.94,Sandy,1.56,8.38,12.8,West,2063,Kharif,Canal,170.63,4.48,6.84
rice,53,60,68,4.84,36.53,1176.33,67.78,51.64,Clay,1.22,6.74,2.53,East,498,Kharif,Rainfed,102.67,7.59,6.8
cotton,39,24,48,6.34,38.53,869.41,54.87,21.99,Sandy,0.9,8.64,7.9,West,2095,Rabi,Drip,335.45,8.89,7.06
rice,134,32,137,5.66,11.45,1077.78,32.18,56.53,Loamy,0.39,9.93,12.93,Central,335,Rabi,Rainfed,155.27,5.63,7.04
maize,174,26,101,6.73,34.46,2721.04,48.46,49.61,Clay,0.48,10.04,16.46,East,480,Kharif,Canal,244.74,18.66,11.71
rice,84,63,26,5.13,36.74,2304.07,36.68,37.83,Clay,0.56,6.34,4.22,West,380,Zaid,Canal,324.27,1.38,10.63
rice,176,37,96,7.78,24.31,474.98,59.52,56.08,Sandy,1.47,4.83,8.22,South,876,Rabi,Drip,198.03,11.31,10.65
wheat,31,76,141,5.26,36.73,440.19,79.64,51.65,Silt,1.56,5.56,4.88,North,547,Rabi,Rainfed,86.58,23.33,6.98
maize,176,25,88,6.8,13.03,414.59,48.76,52.96,Sandy,0.65,8.25,1.63,East,1884,Rabi,Rainfed,195.26,19.3,10.58
cotton,164,87,109,4.91,11.81,2098.74,51.46,29.5,Silt,0.95,7.62,8.75,Central,1589,Kharif,Rainfed,133.56,5.81,6.0
maize,140,70,21,5.86,18.75,1584.12,76.99,45.97,Sandy,1.33,7.46,8.14,West,487,Kharif,Rainfed,264.67,1.48,10.71
potato,67,69,56,5.31,10.79,669.97,57.36,22.06,Clay,0.8,6.12,14.97,North,2127,Rabi,Rainfed,170.87,19.36,22.89
sugarcane,160,39,108,8.12,30.52,2649.12,70.09,56.04,Sandy,0.94,4.53,16.14,Central,763,Rabi,Drip,306.04,3.07,75.91
potato,131,23,146,4.84,37.81,802.02,41.32,41.34,Silt,1.45,6.11,7.01,South,697,Rabi,Sprinkler,257.42,0.09,24.28
rice,124,26,122,6.0,18.85,2104.69,45.06,56.24,Loamy,0.57,8.84,13.04,East,388,Kharif,Drip,323.97,1.04,13.33
wheat,121,25,49,5.83,29.79,2796.24,68.1,25.56,Silt,1.59,8.35,10.82,North,12,Zaid,Drip,172.42,15.45,8.74
rice,100,52,60,7.04,24.04,2776.35,36.72,21.52,Clay,0.89,5.94,14.09,West,325,Zaid,Canal,288.2,3.22,11.21
wheat,53,42,23,4.99,17.65,1848.34,40.52,49.45,Sandy,0.64,9.4,3.49,Central,1520,Kharif,Canal,296.71,5.13,7.81
wheat,97,22,102,7.56,37.56,682.75,49.06,17.92,Clay,1.46,10.71,14.82,South,954,Rabi,Rainfed,76.88,1.01,4.97
wheat,157,88,130,6.39,38.74,2782.03,40.83,27.2,Loamy,0.4,5.77,11.25,South,1018,Rabi,Sprinkler,114.59,13.54,8.97
sugarcane,122,61,43,6.34,14.04,2116.83,88.53,60.44,Loamy,1.14,9.51,14.05,Central,1864,Kharif,Sprinkler,274.11,2.13,77.89
potato,73,50,69,5.57,33.01,2367.31,45.37,21.64,Loamy,0.38,9.51,8.14,West,513,Zaid,Sprinkler,232.5,5.82,25.93
cotton,162,64,56,6.47,15.66,2753.37,87.28,33.78,Sandy,1.53,7.74,1.14,South,2185,Kharif,Canal,105.08,11.98,9.15
maize,84,23,44,6.04,24.65,808.0,80.78,62.28,Silt,1.13,4.07,16.61,East,1889,Rabi,Rainfed,275.94,0.48,10.55
potato,58,74,112,5.63,20.83,1105.49,49.96,16.0,Sandy,0.82,6.06,13.38,East,802,Zaid,Rainfed,294.1,12.86,25.75
cotton,66,86,144,5.37,17.32,914.83,62.93,37.27,Clay,0.85,4.27,12.74,North,944,Zaid,Rainfed,210.47,4.11,4.54
wheat,144,81,50,7.28,30.27,2777.39,50.28,54.32,Sandy,0.51,6.86,9.05,Central,1649,Kharif,Rainfed,342.02,15.14,14.09
maize,32,67,111,5.28,35.66,1936.16,72.19,60.45,Clay,0.77,7.98,1.75,North,914,Kharif,Drip,154.48,6.44,10.11
cotton,151,96,57,5.37,33.44,1076.44,51.72,51.78,Sandy,1.47,7.06,3.34,East,774,Rabi,Canal,281.04,20.4,11.45
rice,72,31,146,6.76,31.67,1225.85,57.98,59.42,Silt,1.35,8.86,8.46,East,1437,Rabi,Rainfed,341.61,17.09,11.14
sugarcane,36,67,77,5.57,11.99,1435.18,73.13,16.72,Loamy,1.16,5.65,14.49,South,1477,Rabi,Canal,83.3,14.03,72.96
rice,154,42,133,6.36,12.92,1396.54,54.99,19.99,Sandy,1.56,4.55,16.13,North,1732,Rabi,Rainfed,256.08,15.94,11.18
cotton,78,77,69,6.68,23.94,733.91,71.36,51.89,Silt,1.05,5.18,8.78,East,1178,Rabi,Canal,113.44,24.97,6.5
maize,150,29,111,5.73,26.67,2441.22,52.21,52.67,Sandy,0.53,5.87,17.91,North,1610,Rabi,Rainfed,112.04,10.02,8.6
rice,102,33,97,5.97,31.7,2230.98,53.96,45.26,Sandy,1.23,5.7,17.66,Central,2079,Kharif,Sprinkler,146.85,8.66,8.82
sugarcane,70,84,148,5.51,20.68,2584.06,49.28,51.51,Loamy,1.07,7.59,7.18,South,686,Rabi,Sprinkler,291.01,14.02,77.27
rice,135,61,62,6.37,10.69,1613.8,89.37,57.9,Clay,0.87,10.29,2.1,Central,261,Zaid,Sprinkler,260.12,1.84,10.06
maize,106,85,137,8.17,11.08,1979.94,60.29,42.27,Silt,0.49,6.5,9.38,South,1597,Kharif,Rainfed,288.67,1.79,10.52
potato,156,62,78,6.03,35.64,2184.95,43.32,62.37,Sandy,1.18,4.59,17.65,South,1599,Zaid,Sprinkler,62.3,15.26,24.38
maize,120,87,80,7.02,13.86,1785.74,64.03,49.71,Loamy,0.88,9.74,7.22,North,1931,Rabi,Canal,134.09,18.2,9.56
sugarcane,37,34,60,6.96,38.11,2060.35,58.14,38.6,Sandy,1.05,4.11,6.97,South,1445,Kharif,Drip,211.52,18.69,76.0
maize,61,51,37,7.47,19.98,1635.11,76.73,36.08,Sandy,0.71,7.61,6.17,West,1158,Rabi,Drip,219.63,16.86,10.04
wheat,93,89,98,7.22,27.51,1298.61,86.15,52.51,Loamy,0.5,9.66,17.15,West,283,Rabi,Sprinkler,235.83,18.72,9.2
sugarcane,167,16,49,4.84,15.06,2757.21,36.64,46.52,Sandy,0.77,7.97,4.2,East,1306,Zaid,Canal,192.57,9.0,76.25
potato,42,78,121,5.85,23.62,1493.85,88.87,55.87,Sandy,1.41,10.51,8.4,Central,1736,Rabi,Rainfed,188.44,19.28,26.12
potato,122,50,30,7.76,36.27,2394.77,39.89,54.05,Silt,0.51,4.21,4.48,North,2023,Kharif,Sprinkler,328.39,5.55,26.98
sugarcane,90,19,143,6.63,39.52,1795.08,46.4,41.21,Silt,0.91,10.59,2.9,East,735,Kharif,Rainfed,256.32,7.92,75.23
maize,37,78,85,5.15,33.0,980.89,76.52,62.29,Silt,0.69,9.25,8.42,East,1657,Kharif,Drip,229.73,0.9,9.14
cotton,58,21,118,5.74,32.94,582.25,39.33,50.21,Sandy,1.55,6.29,14.7,North,498,Kharif,Canal,79.23,22.14,3.91
wheat,124,84,43,5.76,36.56,2587.63,79.05,25.04,Sandy,0.41,8.39,1.13,North,566,Zaid,Sprinkler,281.48,17.24,10.01
maize,70,36,96,7.77,17.35,1143.23,70.41,45.92,Silt,0.62,7.93,9.25,North,2111,Rabi,Canal,288.37,23.12,9.7
sugarcane,178,88,147,6.68,32.09,1038.34,78.32,25.09,Sandy,0.88,10.37,9.6,South,1864,Zaid,Rainfed,349.24,8.09,77.66
potato,40,60,113,6.87,26.75,2168.04,63.81,42.94,Loamy,0.62,6.89,2.29,Central,1938,Kharif,Sprinkler,122.19,21.95,25.92
cotton,31,54,106,6.05,17.85,1914.95,89.05,54.5,Loamy,1.22,4.7,17.63,North,2,Zaid,Rainfed,240.47,13.96,8.77
wheat,160,75,143,5.01,11.66,1951.72,65.58,55.63,Sandy,0.78,4.48,4.36,Central,487,Rabi,Sprinkler,187.95,20.0,6.33
cotton,109,60,65,5.06,16.02,629.33,53.73,47.54,Sandy,1.32,6.9,16.41,South,997,Zaid,Drip,235.05,13.02,6.05
potato,116,98,112,6.23,29.51,920.26,87.99,54.17,Clay,1.02,10.9,4.9,East,1464,Kharif,Rainfed,258.95,0.51,24.99
potato,135,42,34,5.4,27.1,1539.59,34.42,38.61,Loamy,0.85,8.33,9.92,East,2035,Rabi,Drip,270.08,12.39,25.8
rice,168,49,77,5.15,12.08,2471.97,60.88,42.53,Sandy,0.77,9.19,14.6,Central,832,Zaid,Sprinkler,153.11,19.03,9.88
maize,46,15,91,5.69,26.87,1363.49,67.93,58.98,Clay,0.59,10.74,17.15,West,606,Zaid,Drip,269.63,24.24,6.87
wheat,52,43,117,7.32,21.72,654.52,50.73,39.65,Loamy,0.63,8.64,7.83,South,1312,Kharif,Rainfed,123.12,15.36,7.43
potato,77,23,92,5.05,10.45,1300.79,35.52,32.55,Clay,0.53,8.21,2.19,Central,668,Rabi,Sprinkler,60.77,17.67,22.22
potato,49,23,100,6.32,37.28,1029.0,54.6,54.85,Silt,1.41,5.32,1.39,Central,714,Kharif,Drip,327.51,22.68,28.37
cotton,31,36,84,7.61,17.75,2786.48,78.63,17.52,Clay,1.01,6.03,15.85,Central,959,Rabi,Drip,313.27,19.28,6.71
wheat,117,77,24,5.71,26.6,1239.67,64.27,62.92,Silt,0.93,10.16,9.14,Central,493,Rabi,Canal,252.49,20.88,10.24
sugarcane,60,80,47,5.83,27.67,1838.96,75.47,32.0,Sandy,0.72,7.55,3.55,Central,2196,Zaid,Rainfed,289.65,18.04,76.85
sugarcane,159,94,57,7.81,24.96,1736.84,73.06,46.48,Sandy,0.97,10.05,8.89,West,895,Kharif,Sprinkler,178.56,13.52,73.51
maize,107,72,100,7.01,17.19,725.21,47.19,49.27,Loamy,1.45,4.11,4.78,South,1640,Rabi,Rainfed,92.56,17.68,10.98
sugarcane,33,84,106,7.51,22.22,625.33,45.21,21.85,Clay,1.41,7.54,12.89,West,13,Kharif,Rainfed,254.56,3.46,71.81
potato,170,69,56,5.78,18.71,344.17,77.46,56.14,Clay,1.08,6.21,7.93,South,1584,Zaid,Rainfed,267.16,2.78,24.36
potato,157,27,44,8.19,23.01,643.53,40.21,43.61,Sandy,0.99,5.96,13.38,West,785,Rabi,Drip,310.75,9.76,24.75
wheat,163,33,102,5.28,12.48,2116.69,63.92,31.4,Loamy,0.59,10.03,14.01,West,57,Zaid,Canal,144.68,3.25,7.91
wheat,60,93,46,8.07,14.98,1881.63,87.39,57.53,Sandy,1.2,9.87,7.36,East,1025,Rabi,Canal,297.14,10.24,10.15
potato,167,47,96,7.87,14.13,1010.1,61.53,46.25,Loamy,1.41,10.27,12.27,South,1585,Zaid,Drip,295.41,22.62,24.96
wheat,50,88,109,6.68,27.85,838.05,78.4,54.29,Clay,0.7,7.01,14.15,South,532,Rabi,Drip,96.8,19.61,6.62
rice,52,79,46,6.79,29.68,378.54,45.37,64.62,Silt,0.87,10.73,1.87,West,541,Zaid,Rainfed,115.08,6.92,9.63
maize,160,74,141,7.44,37.42,1007.75,33.48,21.51,Loamy,0.44,6.24,4.28,South,214,Kharif,Canal,129.99,23.23,7.72
rice,177,26,78,5.84,17.86,1140.82,50.9,52.48,Clay,1.42,10.92,17.7,West,440,Kharif,Rainfed,205.7,1.74,9.88
wheat,58,57,91,6.59,21.8,2462.75,64.5,52.88,Loamy,0.43,9.3,1.12,East,1023,Kharif,Rainfed,108.61,12.86,10.35
rice,134,31,110,7.87,28.67,334.12,68.4,58.73,Silt,1.22,8.58,6.32,Central,1672,Kharif,Rainfed,120.77,4.06,7.66
maize,81,82,87,5.03,39.15,959.83,62.17,35.4,Silt,0.54,10.24,14.3,South,1171,Rabi,Rainfed,123.38,8.36,6.01
sugarcane,144,43,125,7.88,21.75,2682.32,55.98,58.48,Sandy,1.25,8.42,6.38,South,534,Kharif,Sprinkler,104.27,9.5,74.92
rice,130,69,23,7.28,18.69,2429.79,89.12,46.99,Silt,1.14,6.94,14.93,North,1201,Kharif,Canal,78.89,10.67,9.13
potato,113,21,82,7.42,21.63,2504.5,71.31,18.44,Silt,1.2,6.53,3.25,South,624,Kharif,Rainfed,130.76,17.18,26.18
maize,90,58,106,5.02,19.28,307.12,87.23,16.58,Sandy,1.13,4.98,15.91,West,1252,Zaid,Rainfed,173.98,16.54,8.68
potato,154,91,130,5.44,12.55,1205.64,40.59,39.07,Silt,0.82,7.36,9.04,West,2006,Kharif,Drip,244.15,13.34,26.66
wheat,100,19,41,7.95,20.38,1502.4,89.97,54.29,Sandy,1.11,9.53,1.63,Central,502,Zaid,Sprinkler,77.72,6.72,7.29
potato,99,74,110,5.22,27.56,569.36,72.18,34.21,Loamy,0.61,4.96,11.6,West,1700,Rabi,Canal,134.85,8.93,23.6
potato,168,20,135,6.95,15.48,500.88,88.32,57.59,Clay,0.66,10.49,5.71,North,772,Zaid,Rainfed,173.8,4.78,25.51
maize,137,21,60,7.46,35.01,1193.18,66.36,39.61,Sandy,0.38,5.54,12.91,South,753,Kharif,Canal,171.54,1.61,8.88
sugarcane,50,60,100,5.59,32.06,2601.96,39.24,16.31,Loamy,1.1,10.72,16.35,South,1110,Rabi,Rainfed,314.54,8.84,76.89
rice,160,71,142,7.18,26.76,1301.11,50.88,63.68,Silt,1.39,7.2,2.42,Central,1773,Rabi,Sprinkler,97.79,14.21,9.68
maize,111,68,76,5.02,32.12,2191.8,33.18,39.48,Loamy,0.79,4.97,5.15,South,119,Rabi,Drip,98.64,13.12,8.6
potato,117,60,146,6.5,19.5,1795.15,39.09,47.51,Sandy,0.57,4.78,7.65,South,250,Zaid,Drip,89.22,16.2,25.32
cotton,140,24,114,5.94,16.0,2518.54,89.9,24.96,Sandy,1.37,8.64,17.32,Central,1227,Rabi,Canal,186.05,6.84,7.2
rice,39,18,74,7.0,35.27,1133.65,84.95,29.87,Sandy,1.14,9.68,7.89,North,464,Kharif,Sprinkler,67.81,11.6,6.19
potato,41,81,25,7.82,34.56,632.8,84.11,39.21,Sandy,1.46,4.4,2.93,West,716,Rabi,Canal,73.42,24.14,21.6
rice,36,39,28,5.23,32.08,642.17,30.12,57.81,Loamy,0.31,10.41,6.06,South,1359,Rabi,Rainfed,347.24,8.78,7.74
rice,174,92,51,6.33,17.69,770.58,57.03,20.1,Clay,0.82,4.27,1.33,South,151,Kharif,Rainfed,150.19,10.95,9.01
potato,143,75,147,6.24,20.31,2321.8,76.92,54.02,Clay,1.47,7.82,4.25,East,1828,Rabi,Canal,220.8,2.1,28.39
rice,55,52,35,5.9,21.42,1728.05,43.6,43.97,Loamy,1.18,7.61,11.37,Central,187,Rabi,Drip,87.51,3.52,8.36
sugarcane,44,46,60,6.43,15.53,1664.16,55.2,39.98,Clay,0.91,9.64,3.87,North,1194,Kharif,Drip,190.35,16.06,76.12
wheat,62,37,144,7.79,32.8,607.52,42.29,58.83,Silt,0.84,8.07,16.59,East,1238,Kharif,Rainfed,189.22,23.78,6.64
rice,91,51,36,8.11,15.54,744.17,71.56,20.91,Loamy,1.46,6.36,13.13,East,395,Zaid,Drip,284.34,23.31,6.06
cotton,76,17,129,4.81,16.65,813.19,72.24,64.54,Loamy,1.38,8.06,12.7,West,1974,Zaid,Drip,313.78,13.96,6.14
potato,124,27,45,7.31,11.45,2181.76,46.96,57.73,Loamy,0.32,10.66,8.6,South,1866,Kharif,Rainfed,161.96,12.12,25.12
cotton,64,48,148,6.89,29.9,2038.91,58.64,31.29,Clay,0.46,4.86,14.27,North,1841,Zaid,Canal,99.62,24.27,7.0
cotton,105,79,20,8.18,37.87,1758.83,57.1,37.58,Loamy,0.97,8.6,4.19,North,1701,Kharif,Rainfed,127.78,13.89,6.05
sugarcane,152,90,54,5.11,24.51,554.34,76.68,16.25,Loamy,0.45,5.18,8.54,Central,839,Zaid,Sprinkler,168.68,23.32,72.87
maize,112,22,28,7.56,36.93,685.33,70.51,41.38,Sandy,0.66,5.43,17.89,North,80,Zaid,Sprinkler,99.0,20.58,7.31
rice,54,97,106,7.98,35.23,943.22,34.09,42.39,Sandy,1.39,10.81,5.87,East,819,Zaid,Canal,100.93,12.94,7.34
cotton,86,23,57,7.9,33.84,2377.17,39.06,61.33,Clay,0.8,9.78,7.89,Central,2068,Rabi,Drip,98.17,5.78,6.22
wheat,61,42,23,6.71,15.03,2105.77,80.4,34.4,Sandy,0.89,10.38,4.75,Central,126,Rabi,Canal,117.06,12.78,7.09
cotton,92,92,71,5.91,21.32,2587.0,87.93,43.53,Silt,0.53,5.06,2.29,South,1947,Rabi,Sprinkler,148.94,18.33,7.38
maize,41,32,24,6.98,29.92,385.18,68.18,52.03,Sandy,1.08,6.89,7.86,East,996,Kharif,Canal,253.26,18.45,10.94
wheat,92,56,125,5.84,20.33,2353.11,51.89,45.43,Sandy,0.46,9.37,3.47,East,862,Zaid,Drip,197.31,21.18,11.49
rice,106,55,67,6.2,31.33,360.06,43.26,22.81,Loamy,1.12,8.54,9.7,North,820,Kharif,Rainfed,222.54,11.73,8.3
potato,121,84,106,6.32,18.62,1963.67,74.61,23.59,Silt,1.27,5.06,13.8,Central,254,Kharif,Drip,218.57,12.53,27.23
cotton,30,47,57,5.83,21.78,1924.8,68.3,21.92,Silt,1.44,7.07,15.42,West,44,Zaid,Canal,340.5,0.8,7.96
wheat,99,91,71,5.96,31.95,969.83,84.53,25.89,Sandy,1.06,5.7,3.86,Central,2144,Zaid,Rainfed,212.32,10.6,10.44
rice,165,68,106,4.82,13.54,2172.15,84.19,31.42,Clay,0.73,6.37,16.33,South,919,Zaid,Canal,228.76,20.29,10.15
potato,162,50,65,5.81,33.6,1355.71,48.43,51.98,Loamy,1.41,10.39,7.11,North,439,Zaid,Drip,282.42,15.32,26.96
sugarcane,115,99,112,6.41,31.38,1883.45,78.18,18.05,Clay,1.08,5.72,8.61,South,1971,Kharif,Sprinkler,246.2,0.87,77.66
cotton,68,70,69,5.39,23.49,1875.59,45.22,56.02,Clay,0.77,6.63,10.9,North,376,Rabi,Canal,93.69,6.55,7.33
cotton,52,31,85,7.54,23.13,2503.8,76.92,28.12,Clay,0.72,7.62,3.53,North,703,Rabi,Sprinkler,80.39,16.76,7.35
sugarcane,97,24,57,6.63,37.2,1985.39,40.09,45.67,Silt,0.72,4.5,15.31,North,1027,Kharif,Drip,75.66,17.29,74.53
cotton,33,58,124,7.5,31.49,1976.59,50.86,42.64,Clay,0.37,10.22,14.42,East,1992,Rabi,Rainfed,166.76,17.47,7.98
cotton,155,16,35,5.24,28.6,1791.11,35.16,22.7,Clay,0.43,7.25,9.04,North,206,Rabi,Drip,129.09,9.54,6.37
rice,50,28,98,7.59,35.93,550.4,47.75,29.36,Silt,0.42,6.52,6.4,East,416,Zaid,Canal,309.94,14.86,9.63
potato,134,55,32,8.06,19.95,1052.52,49.09,29.8,Sandy,0.71,7.34,9.45,South,445,Zaid,Sprinkler,319.16,13.5,24.19
wheat,95,16,133,6.0,18.6,1448.52,70.12,46.19,Silt,0.92,8.72,12.12,North,473,Rabi,Rainfed,189.39,21.37,7.03
cotton,36,33,121,5.77,16.29,925.81,72.92,54.43,Silt,0.49,8.28,12.91,Central,735,Zaid,Drip,209.2,3.34,7.01
potato,78,94,106,7.0,25.61,713.94,65.28,64.81,Sandy,1.38,8.04,8.44,East,788,Rabi,Rainfed,115.3,4.83,23.66
rice,45,15,107,6.96,39.64,1579.24,76.2,19.79,Clay,0.39,6.14,1.45,East,1844,Kharif,Sprinkler,81.56,22.77,8.39
potato,174,16,48,5.18,37.85,2387.92,57.09,61.93,Clay,1.53,7.04,13.12,East,154,Rabi,Drip,137.5,7.57,24.65
cotton,113,41,126,7.95,23.66,1885.21,67.67,43.08,Sandy,0.4,8.88,6.44,North,2019,Zaid,Sprinkler,132.43,19.5,5.69
potato,116,16,84,6.43,13.34,2036.67,51.56,32.84,Clay,1.46,10.12,15.94,North,2080,Zaid,Canal,229.49,22.74,24.65
maize,127,65,119,7.4,36.24,653.61,61.28,29.23,Sandy,0.64,4.96,8.17,East,1757,Zaid,Rainfed,150.21,11.8,8.39
maize,104,24,134,6.02,37.68,2293.83,38.46,25.45,Silt,1.58,9.88,14.53,West,340,Kharif,Rainfed,104.44,9.75,10.57
rice,63,33,106,5.69,15.14,577.49,66.66,42.85,Clay,0.98,9.58,7.24,South,1592,Kharif,Sprinkler,328.51,9.49,10.45
cotton,55,94,93,5.18,36.5,1005.09,42.3,62.3,Clay,0.32,9.2,7.3,South,15,Rabi,Sprinkler,74.75,12.75,6.08
rice,95,27,32,5.73,23.39,2492.37,57.65,24.11,Loamy,0.67,7.25,13.96,Central,804,Zaid,Canal,248.63,8.2,7.7
cotton,154,62,113,8.18,10.35,2604.49,69.93,36.81,Clay,1.52,7.95,10.17,Central,1180,Kharif,Sprinkler,155.08,22.09,8.69
rice,92,70,97,7.04,38.29,519.22,55.67,25.19,Loamy,0.69,7.35,5.36,Central,1939,Zaid,Drip,250.88,12.02,9.79
potato,116,86,143,7.53,11.28,705.3,43.39,23.78,Clay,0.77,7.58,15.27,East,1741,Rabi,Drip,190.03,0.61,23.55
cotton,70,70,144,8.06,11.04,1196.05,69.97,58.34,Loamy,0.36,8.32,11.71,North,430,Kharif,Sprinkler,343.23,8.1,8.68
maize,127,64,57,5.07,38.9,2091.16,81.15,28.1,Sandy,0.63,7.45,11.79,South,809,Zaid,Drip,109.25,8.26,9.47
rice,153,59,32,5.36,16.44,672.68,60.02,27.4,Clay,0.64,7.89,14.32,South,1542,Rabi,Rainfed,105.38,19.06,8.63
rice,108,73,73,7.96,26.67,686.83,63.46,60.49,Sandy,1.23,8.63,11.72,South,1595,Zaid,Canal,144.8,19.8,8.74
maize,39,53,125,6.72,38.28,1663.64,53.45,34.3,Loamy,0.96,5.9,5.39,Central,2088,Rabi,Sprinkler,129.91,21.58,8.55
wheat,44,35,63,6.96,38.2,1775.39,64.99,15.44,Loamy,0.51,9.01,1.18,North,1225,Rabi,Canal,271.59,23.02,10.02
potato,71,69,43,6.25,15.22,519.88,59.72,51.06,Loamy,1.33,10.79,14.41,Central,1853,Zaid,Canal,207.95,20.64,25.66
rice,122,71,143,7.57,25.41,1312.71,74.79,40.85,Loamy,1.09,5.37,17.28,South,242,Rabi,Sprinkler,188.43,7.03,9.05
maize,46,55,48,6.56,10.21,2130.57,44.42,53.71,Silt,0.65,10.43,13.23,South,1399,Rabi,Drip,180.93,9.25,12.23
cotton,38,84,111,7.61,12.71,1153.92,59.17,43.51,Sandy,0.59,6.97,15.04,South,1323,Rabi,Sprinkler,230.47,14.12,6.38
rice,143,96,24,8.17,38.44,905.51,48.97,32.56,Loamy,1.5,10.41,15.68,Central,884,Kharif,Canal,348.03,1.72,9.72
wheat,65,63,144,7.0,22.45,585.86,35.67,18.33,Clay,1.13,6.94,5.3,East,703,Rabi,Rainfed,244.08,19.06,9.34
potato,65,58,90,6.6,14.51,1461.65,53.19,58.3,Loamy,1.35,9.0,7.07,East,2033,Kharif,Drip,300.67,11.95,26.92
wheat,77,49,118,6.04,28.94,2650.25,87.19,25.35,Sandy,0.59,7.9,13.48,East,1489,Rabi,Rainfed,241.52,23.14,8.14
maize,80,19,31,5.46,15.2,1835.14,57.63,63.57,Silt,1.07,9.25,8.47,North,998,Rabi,Rainfed,299.56,17.67,11.45
maize,126,85,71,7.03,39.4,466.38,62.74,27.29,Sandy,0.37,8.91,11.83,North,517,Rabi,Drip,215.13,17.82,7.94
sugarcane,148,88,65,5.01,30.13,946.0,74.53,56.35,Clay,1.07,10.71,5.58,South,334,Zaid,Rainfed,86.35,4.53,74.3
potato,124,88,123,8.05,21.06,2151.77,89.09,54.44,Silt,0.56,6.02,13.15,South,1047,Zaid,Sprinkler,180.18,23.96,25.78
potato,99,65,63,7.0,21.43,2192.01,54.71,38.14,Sandy,1.17,10.51,11.1,West,758,Zaid,Canal,337.97,24.29,27.82
rice,103,71,28,8.06,37.51,1239.38,61.06,35.09,Loamy,1.51,5.77,17.28,East,617,Kharif,Drip,284.69,14.75,7.31
potato,109,72,119,5.73,36.85,467.41,88.11,50.16,Clay,0.9,9.5,16.7,Central,1167,Rabi,Canal,258.02,5.08,23.97
wheat,97,50,122,8.02,38.5,1642.16,55.73,41.43,Clay,0.7,7.43,10.54,Central,950,Zaid,Canal,106.08,2.06,8.0
maize,179,24,129,6.88,23.61,2131.37,77.42,46.6,Silt,0.46,4.5,5.28,West,2120,Rabi,Sprinkler,84.45,19.43,10.68
cotton,106,64,135,7.55,35.52,1129.48,56.63,38.51,Sandy,1.17,4.24,7.61,East,453,Rabi,Drip,137.22,15.79,6.56
wheat,145,51,41,5.41,24.55,2271.67,43.66,42.86,Clay,1.06,7.64,13.55,South,1613,Rabi,Drip,274.51,3.95,11.03
sugarcane,35,34,107,6.5,28.99,1123.43,86.18,24.46,Silt,1.01,4.24,8.17,East,1930,Rabi,Rainfed,250.18,20.14,75.45
sugarcane,104,27,52,6.73,25.22,722.18,72.72,17.77,Loamy,1.52,10.62,14.98,East,1563,Kharif,Drip,78.94,4.39,71.83
wheat,117,89,34,6.14,28.25,2297.25,81.81,32.8,Loamy,1.57,5.16,5.06,Central,2054,Zaid,Sprinkler,78.25,4.74,7.69
sugarcane,32,33,46,5.66,25.28,634.16,36.97,38.29,Silt,1.23,7.4,14.11,Central,668,Kharif,Sprinkler,148.28,14.21,72.07
cotton,81,70,131,7.88,14.65,910.7,72.29,60.3,Sandy,0.55,6.64,14.34,South,572,Rabi,Rainfed,341.39,12.48,9.13
cotton,103,59,101,5.09,13.25,2433.49,68.42,35.7,Loamy,1.53,7.67,4.13,South,2113,Zaid,Sprinkler,103.07,15.64,8.39
rice,154,74,67,5.32,38.23,1607.2,59.04,36.7,Loamy,0.75,5.46,2.5,Central,499,Zaid,Rainfed,179.58,13.11,8.28
wheat,94,82,27,5.89,25.29,685.54,38.53,48.74,Silt,0.4,10.06,11.22,West,1938,Zaid,Rainfed,241.92,20.79,7.56
wheat,81,71,137,7.93,38.26,1839.07,54.89,25.34,Sandy,0.61,4.09,14.17,West,567,Rabi,Canal,227.6,0.11,11.84
cotton,105,68,103,6.72,30.57,1764.87,67.06,58.58,Loamy,1.38,8.0,16.94,North,2155,Kharif,Sprinkler,166.13,9.8,9.38
wheat,171,51,21,6.07,12.67,1678.14,70.65,36.38,Sandy,0.56,6.43,12.6,West,2032,Zaid,Sprinkler,121.2,20.5,7.17
sugarcane,118,97,137,6.17,16.05,1151.37,37.02,61.54,Silt,0.81,5.5,12.61,Central,2046,Rabi,Rainfed,330.01,13.71,78.58
maize,101,51,40,7.65,33.03,1316.66,56.63,28.56,Sandy,0.66,5.5,8.37,East,1457,Rabi,Canal,72.38,24.71,6.72
maize,97,28,142,4.89,15.33,2202.32,55.53,38.28,Sandy,0.36,5.28,6.39,South,1634,Rabi,Drip,93.4,24.49,8.48
maize,167,58,115,4.84,10.23,2615.67,77.17,53.91,Clay,1.03,8.22,8.18,East,1616,Rabi,Canal,91.2,23.98,8.72
wheat,144,97,32,4.96,13.35,1744.9,32.47,42.8,Loamy,1.12,10.24,12.84,East,1505,Rabi,Drip,197.91,24.5,9.12
cotton,86,56,20,6.4,24.3,2631.09,77.13,48.06,Loamy,1.33,6.78,17.72,East,2145,Zaid,Sprinkler,261.45,13.43,7.31
wheat,95,15,136,6.78,14.9,739.53,77.01,29.03,Loamy,0.84,5.15,12.65,North,356,Kharif,Canal,201.22,12.59,7.73
sugarcane,119,37,83,6.92,11.35,1025.17,71.83,31.42,Sandy,0.48,4.37,10.85,East,1272,Zaid,Rainfed,256.44,12.88,75.98
sugarcane,79,78,80,7.29,32.31,2389.77,83.99,40.38,Silt,1.15,9.73,8.0,West,695,Kharif,Drip,301.37,0.16,76.77
wheat,43,42,127,5.45,39.16,2708.06,57.91,25.12,Sandy,1.46,5.56,7.59,South,324,Kharif,Rainfed,68.87,5.38,7.89
sugarcane,45,18,31,5.69,39.35,2526.07,35.77,21.32,Loamy,0.46,9.15,8.35,East,116,Zaid,Rainfed,335.39,4.63,76.72
potato,71,55,109,5.63,37.0,1528.53,49.89,57.19,Loamy,0.54,7.71,9.39,South,1551,Kharif,Sprinkler,290.71,3.31,26.49
maize,139,74,102,5.31,10.58,2327.12,66.67,53.74,Loamy,0.73,8.46,8.36,North,1351,Rabi,Canal,116.44,6.18,11.41
wheat,51,32,147,5.63,17.2,802.84,49.37,61.6,Loamy,1.15,8.03,15.87,West,1726,Kharif,Drip,231.75,24.71,8.97
wheat,97,77,52,6.89,14.13,1093.22,67.98,44.33,Silt,0.98,10.66,1.3,South,107,Rabi,Sprinkler,199.34,0.07,8.73
sugarcane,48,75,147,6.05,29.21,2796.42,32.62,36.01,Clay,1.23,4.72,10.57,West,1544,Zaid,Rainfed,157.56,11.94,75.83
rice,95,63,119,7.41,35.49,746.58,34.22,20.15,Sandy,0.34,8.61,15.35,North,1075,Kharif,Canal,326.69,20.87,9.02
potato,102,61,125,6.62,27.16,906.46,30.63,57.52,Silt,1.35,4.8,8.41,West,1473,Zaid,Rainfed,247.11,9.21,25.43
cotton,176,53,91,5.52,20.4,2107.09,88.56,37.81,Clay,1.58,5.36,15.8,Central,1750,Zaid,Rainfed,186.44,7.67,7.17
cotton,173,96,93,6.39,37.36,1972.71,45.7,43.06,Loamy,0.36,8.72,11.17,South,519,Zaid,Sprinkler,285.2,11.39,11.68
potato,83,20,115,6.82,25.16,2095.14,77.73,30.68,Silt,0.94,8.33,5.71,East,925,Rabi,Drip,181.08,20.16,23.83
rice,141,97,111,7.75,15.24,2675.27,83.21,41.19,Silt,1.26,7.4,4.68,Central,881,Rabi,Sprinkler,343.69,6.82,12.1
potato,47,67,93,7.63,26.0,599.43,39.46,54.09,Silt,0.92,9.41,1.75,North,915,Zaid,Drip,232.26,22.07,23.0
wheat,146,90,91,6.25,10.54,1744.64,41.95,50.61,Sandy,1.07,8.85,12.96,East,735,Zaid,Drip,88.75,6.62,10.13
potato,114,39,78,7.0,11.16,942.76,52.94,64.45,Clay,1.5,4.41,12.06,West,1200,Kharif,Drip,227.9,9.54,24.93
sugarcane,168,79,75,5.81,28.83,1285.67,60.24,39.78,Clay,1.0,8.58,14.31,South,1240,Kharif,Drip,250.84,9.84,75.8
sugarcane,68,19,32,6.95,31.7,1110.63,62.08,41.48,Sandy,0.61,6.71,17.25,North,737,Rabi,Rainfed,104.66,16.49,72.27
maize,134,79,54,7.9,14.15,2626.76,53.14,17.64,Clay,1.26,7.3,6.59,West,948,Kharif,Rainfed,276.68,3.04,11.48
cotton,97,22,138,6.92,26.0,2665.89,65.17,34.47,Loamy,0.79,7.66,5.12,South,717,Kharif,Sprinkler,256.67,6.77,10.2
potato,54,53,134,5.83,33.18,1545.56,74.17,61.11,Silt,0.67,6.35,5.72,Central,1379,Kharif,Rainfed,79.61,3.08,24.31
maize,152,57,75,6.99,36.47,2122.0,72.01,32.52,Clay,0.62,7.14,10.44,North,1247,Rabi,Rainfed,173.65,3.48,11.76
cotton,150,96,72,7.87,24.22,828.64,31.81,53.31,Clay,0.4,7.93,8.91,North,1893,Rabi,Rainfed,334.5,11.04,6.19
rice,90,87,120,5.27,13.66,1144.98,65.6,63.88,Silt,1.51,4.41,2.52,Central,1420,Rabi,Canal,98.76,15.44,9.06
wheat,129,19,139,6.44,12.08,1945.56,72.76,21.34,Loamy,1.03,8.01,4.73,East,96,Kharif,Canal,205.1,14.87,9.04
sugarcane,80,18,79,5.89,35.7,1981.19,42.04,31.7,Loamy,1.54,6.44,10.44,Central,552,Rabi,Canal,285.67,18.6,74.61
rice,127,15,124,5.62,12.33,2572.41,66.22,38.72,Clay,1.42,8.01,17.57,East,767,Zaid,Rainfed,90.69,16.26,8.76
sugarcane,166,70,125,6.15,34.53,2186.14,36.65,26.87,Loamy,0.34,7.12,13.99,Central,868,Kharif,Rainfed,296.53,19.83,77.38
sugarcane,31,59,99,6.14,23.11,2406.69,69.9,15.62,Sandy,0.62,5.28,17.71,Central,1841,Kharif,Drip,220.14,22.33,74.29
cotton,34,79,30,5.52,23.09,2358.42,67.22,38.43,Silt,0.71,4.76,13.26,North,1551,Zaid,Rainfed,172.57,14.76,8.98
rice,115,17,70,6.17,25.56,978.22,44.46,41.83,Silt,0.94,10.12,17.78,East,1022,Rabi,Drip,91.36,24.12,7.33
wheat,162,36,140,6.95,14.07,2334.09,82.52,46.27,Sandy,1.23,6.77,5.24,West,1340,Zaid,Rainfed,180.95,6.32,8.49
rice,97,86,42,4.89,32.28,815.85,78.39,56.36,Loamy,1.18,8.31,16.56,West,1668,Zaid,Rainfed,241.22,18.91,8.89
maize,38,70,66,8.16,19.0,331.5,74.34,27.65,Loamy,1.58,4.6,12.37,South,71,Zaid,Drip,278.28,17.0,8.08
wheat,122,32,94,5.81,27.93,1839.45,57.57,18.05,Silt,1.5,6.88,11.17,North,759,Zaid,Rainfed,195.91,14.9,7.71
cotton,179,39,112,6.92,10.16,1210.94,43.61,19.49,Sandy,0.54,8.95,12.93,North,124,Zaid,Canal,204.18,3.0,6.88
rice,167,62,146,5.76,18.45,1975.02,76.93,39.87,Sandy,1.42,10.78,10.68,North,1457,Kharif,Rainfed,273.94,9.7,9.81
rice,154,98,75,6.14,11.21,855.75,42.87,61.11,Silt,1.4,7.89,7.13,South,1898,Zaid,Drip,173.46,15.75,10.81
maize,90,45,92,6.67,19.41,926.32,59.22,64.11,Clay,1.05,5.23,14.83,South,80,Zaid,Drip,92.01,19.87,10.45
rice,80,44,37,6.88,13.79,2548.89,52.72,25.25,Silt,0.74,4.09,7.32,North,104,Kharif,Sprinkler,316.29,0.47,11.43
cotton,39,94,63,7.42,12.1,1962.01,42.12,22.6,Clay,0.57,6.48,8.32,East,1640,Zaid,Canal,323.89,5.44,8.07
potato,163,80,75,7.49,35.44,523.05,66.88,32.67,Clay,0.58,6.84,14.41,North,1877,Zaid,Sprinkler,171.82,22.63,22.82
sugarcane,91,95,119,6.56,20.95,1175.86,88.92,38.19,Clay,0.74,7.49,17.56,North,1945,Kharif,Drip,346.05,0.83,75.96
wheat,142,24,20,5.06,34.76,1925.64,58.58,55.4,Silt,0.96,4.03,6.34,North,60,Kharif,Canal,174.58,3.16,7.33
cotton,162,85,64,6.7,36.78,2091.29,59.97,53.73,Sandy,1.06,9.07,17.66,Central,1598,Rabi,Rainfed,275.97,19.34,10.27
maize,151,73,82,6.42,25.18,1542.57,52.36,61.13,Sandy,0.72,8.59,16.1,West,905,Zaid,Sprinkler,206.2,14.59,11.21
rice,152,65,77,5.53,27.03,929.88,43.7,57.91,Sandy,0.76,4.13,4.37,Central,207,Rabi,Drip,341.47,24.16,10.31
maize,92,23,82,4.83,29.4,1972.79,46.95,36.94,Silt,0.32,6.34,3.73,East,126,Zaid,Drip,327.19,23.02,10.58
cotton,140,68,57,5.87,29.34,509.8,82.55,15.95,Silt,0.3,6.58,14.92,Central,1136,Rabi,Rainfed,276.91,17.52,6.73
sugarcane,118,76,48,5.68,25.91,2280.23,86.89,26.83,Loamy,1.48,5.99,2.13,West,904,Rabi,Canal,338.17,3.31,76.37
sugarcane,80,95,59,6.44,27.83,2189.57,79.57,45.5,Silt,0.32,6.07,17.74,North,1821,Kharif,Sprinkler,98.51,7.13,75.33
wheat,161,23,107,7.39,23.23,1019.22,31.59,40.07,Sandy,0.34,7.03,4.49,West,805,Kharif,Sprinkler,297.84,9.55,9.48
cotton,133,23,75,6.29,37.48,451.86,66.47,27.01,Loamy,0.57,8.92,1.4,North,1877,Zaid,Sprinkler,156.38,4.77,6.65
maize,152,38,63,8.04,31.64,523.31,62.96,21.58,Silt,1.27,8.73,12.3,Central,2114,Rabi,Rainfed,290.59,22.61,8.64
cotton,77,53,119,5.55,19.45,1366.58,76.49,25.8,Silt,1.18,6.87,10.68,South,1617,Kharif,Rainfed,291.6,8.76,8.56
cotton,61,89,68,5.55,20.05,759.11,76.83,27.99,Silt,1.14,8.35,16.49,East,1749,Kharif,Rainfed,261.99,11.0,6.52
rice,149,22,134,6.86,23.66,1391.23,56.29,58.36,Loamy,1.05,4.49,3.34,South,1464,Zaid,Drip,178.07,12.99,9.15
wheat,128,39,94,7.85,10.95,442.85,47.25,50.51,Loamy,0.56,9.39,4.16,South,2158,Zaid,Sprinkler,88.11,24.48,7.98
wheat,103,80,68,7.08,39.74,1407.55,35.84,42.62,Clay,0.82,7.09,13.42,East,927,Rabi,Sprinkler,279.06,12.75,9.23
cotton,63,24,126,7.09,24.04,2556.77,66.68,16.05,Loamy,0.92,4.63,7.65,South,227,Rabi,Drip,143.56,11.27,5.57
potato,99,38,130,7.54,33.25,1995.71,46.42,56.06,Sandy,1.06,6.62,11.68,East,1092,Zaid,Rainfed,116.18,0.22,27.06
maize,139,94,134,7.07,14.75,462.04,87.88,42.62,Sandy,0.56,8.96,1.59,Central,64,Rabi,Sprinkler,70.78,2.18,8.83
wheat,45,97,40,7.38,28.28,510.86,32.8,46.37,Silt,1.25,4.86,14.73,Central,55,Zaid,Rainfed,304.34,19.06,9.0
maize,88,73,66,7.74,21.45,1569.24,87.86,18.28,Sandy,0.7,9.7,5.48,South,1711,Rabi,Canal,192.28,5.55,7.99
cotton,48,45,22,4.83,36.7,959.15,59.75,55.74,Sandy,1.16,8.96,10.06,West,1157,Zaid,Rainfed,204.36,13.56,5.91
wheat,124,25,146,7.81,37.98,1404.1,66.4,56.6,Sandy,0.97,4.58,12.8,North,2006,Kharif,Canal,229.54,2.68,10.01
maize,142,20,86,5.53,28.74,2220.18,65.01,59.17,Sandy,1.07,10.85,3.82,South,430,Rabi,Sprinkler,264.18,22.09,13.21
wheat,70,84,81,7.9,11.83,1283.2,75.16,41.4,Loamy,0.84,10.6,2.34,North,1072,Rabi,Canal,195.57,9.29,9.45
rice,110,46,50,5.71,24.0,1051.29,35.45,34.7,Sandy,0.88,4.92,1.01,West,8,Kharif,Rainfed,303.38,2.3,9.34
cotton,132,53,65,6.35,10.51,2538.29,83.27,18.65,Silt,1.43,5.42,1.98,West,1997,Zaid,Canal,256.17,4.2,9.65
maize,83,62,64,7.98,25.54,2083.93,77.46,24.69,Loamy,0.92,6.43,16.49,North,571,Rabi,Canal,283.7,7.16,8.7
wheat,124,27,33,5.17,25.04,1886.08,81.01,26.28,Clay,1.33,10.93,9.83,East,879,Zaid,Sprinkler,115.64,4.86,5.68
cotton,176,73,140,7.33,22.52,479.7,59.12,18.13,Sandy,0.81,8.94,2.1,South,985,Kharif,Drip,309.48,18.5,7.69
cotton,91,81,138,6.13,20.11,1552.2,71.87,22.72,Clay,1.21,10.4,17.94,South,2128,Kharif,Canal,300.66,10.46,7.65
cotton,128,70,96,4.88,27.37,2536.88,57.44,59.34,Clay,0.6,5.93,2.54,South,1189,Zaid,Rainfed,280.43,17.51,9.57
potato,122,55,107,7.99,15.3,2355.94,37.82,42.27,Silt,1.49,10.09,16.61,North,2084,Kharif,Rainfed,73.91,3.05,23.48
sugarcane,94,70,136,5.2,10.79,460.95,48.12,53.22,Clay,1.56,4.77,4.73,West,1001,Zaid,Drip,309.37,9.24,74.78
sugarcane,97,49,143,7.43,33.6,2177.49,46.7,28.75,Sandy,1.47,10.97,12.95,West,1094,Rabi,Rainfed,182.94,15.75,75.17
potato,57,52,73,6.11,33.57,2484.54,39.96,21.73,Silt,0.75,4.75,4.97,East,2075,Rabi,Rainfed,329.11,3.95,27.72
cotton,47,95,67,7.56,27.38,909.92,44.48,33.66,Silt,0.66,7.05,17.87,West,355,Zaid,Canal,108.57,13.53,5.52
maize,55,81,120,7.35,34.9,1602.45,59.91,54.65,Loamy,0.54,9.74,4.05,North,1410,Kharif,Canal,83.81,2.86,10.27
cotton,133,48,34,6.95,25.39,2514.0,55.33,29.87,Silt,1.43,9.96,6.96,South,801,Zaid,Rainfed,116.25,6.18,5.95
sugarcane,176,90,132,7.99,10.2,2501.56,49.75,25.23,Clay,0.45,10.04,3.32,Central,836,Rabi,Drip,65.28,17.39,74.5
maize,84,84,35,5.14,14.45,1331.95,84.4,16.12,Sandy,1.14,6.01,9.41,West,2013,Zaid,Sprinkler,241.86,2.24,8.26
maize,148,25,62,7.52,23.79,1567.92,76.72,46.2,Loamy,0.73,8.62,8.31,East,71,Kharif,Canal,72.34,4.38,10.09
potato,153,41,47,7.08,35.87,565.46,30.15,36.79,Clay,0.54,5.47,14.83,East,973,Zaid,Sprinkler,311.94,21.11,24.56
cotton,163,62,85,5.87,16.77,1635.86,64.22,27.94,Silt,0.54,7.46,15.52,East,782,Kharif,Rainfed,242.14,23.58,10.06
maize,158,38,117,6.66,11.02,2452.68,71.99,40.99,Sandy,1.43,9.94,15.59,East,326,Rabi,Sprinkler,92.01,24.95,10.73
wheat,37,32,79,6.99,22.38,731.96,33.2,50.03,Silt,1.42,6.87,1.62,South,1524,Rabi,Sprinkler,83.34,19.37,7.9
rice,80,41,147,7.3,12.0,1445.71,36.84,27.37,Loamy,0.65,4.77,4.06,South,2017,Kharif,Canal,145.45,15.16,8.04
rice,114,68,148,5.44,26.51,1908.09,46.71,45.44,Loamy,0.34,4.17,11.86,West,350,Rabi,Canal,153.83,9.54,10.25
potato,54,69,75,5.15,11.67,421.42,66.83,28.01,Sandy,1.43,10.3,11.23,North,2159,Rabi,Rainfed,99.86,14.86,20.82
cotton,112,35,103,5.15,10.5,391.39,85.39,64.33,Clay,0.37,4.86,14.71,South,548,Kharif,Rainfed,109.5,5.58,6.11
wheat,122,73,51,5.8,38.3,2422.43,59.15,51.62,Sandy,0.41,10.13,14.17,South,1750,Zaid,Drip,254.97,14.24,10.37
cotton,146,48,100,5.32,29.96,2712.64,88.94,45.13,Clay,1.37,4.66,4.67,South,1699,Zaid,Drip,200.39,4.78,6.3
sugarcane,167,72,37,6.62,13.58,2201.91,86.2,23.62,Sandy,1.36,5.69,6.85,North,862,Rabi,Sprinkler,230.2,5.85,75.98
rice,85,62,54,6.29,26.69,2707.97,68.24,44.32,Loamy,0.56,9.1,10.62,Central,787,Kharif,Rainfed,268.73,20.44,11.64
wheat,41,68,123,7.84,17.75,683.58,57.48,55.02,Loamy,0.35,5.22,15.67,Central,1171,Zaid,Sprinkler,294.24,9.57,7.8
cotton,149,32,119,7.24,32.83,2475.46,70.89,51.86,Silt,0.38,10.18,9.93,Central,390,Rabi,Canal,127.65,6.89,8.67
rice,100,17,42,5.5,34.43,2564.69,77.47,53.9,Loamy,0.89,5.57,12.74,North,1290,Kharif,Canal,280.61,21.82,10.1
cotton,46,38,24,4.96,25.23,1025.34,86.58,30.89,Silt,0.84,6.58,7.56,West,613,Zaid,Canal,88.86,21.96,5.35
potato,151,15,47,7.21,22.28,1920.43,75.21,31.41,Loamy,0.54,10.07,2.65,South,746,Rabi,Canal,75.62,7.22,24.37
potato,153,20,69,7.68,19.52,1064.62,53.49,41.94,Loamy,1.48,6.4,8.52,West,1513,Rabi,Canal,207.48,0.95,24.65
maize,39,33,121,7.18,10.99,573.26,59.6,28.93,Silt,1.02,8.12,3.71,East,1427,Kharif,Rainfed,270.14,5.42,8.77
maize,60,57,48,6.99,26.82,2332.66,32.82,20.65,Sandy,1.35,6.27,7.09,Central,1127,Rabi,Drip,340.02,5.65,12.7
potato,89,22,56,5.65,25.27,2564.88,31.72,38.06,Sandy,0.43,7.35,6.15,North,225,Kharif,Drip,183.57,12.26,25.8
maize,99,83,149,6.48,16.39,575.18,46.89,15.1,Sandy,1.57,7.29,5.17,South,613,Rabi,Drip,180.73,11.91,10.67
rice,46,66,135,7.26,25.96,1920.48,78.37,53.04,Clay,1.35,7.33,12.65,South,1813,Rabi,Sprinkler,233.8,10.88,9.74
maize,79,87,77,5.46,24.03,2727.6,49.15,52.48,Clay,0.67,6.57,4.41,South,1037,Rabi,Rainfed,331.28,1.78,12.62
sugarcane,66,61,125,6.42,17.82,982.8,37.01,42.6,Loamy,0.33,9.06,12.51,North,313,Rabi,Canal,258.97,16.83,75.94
wheat,147,99,75,5.2,32.29,2177.49,51.37,52.38,Loamy,0.51,6.4,1.66,East,852,Zaid,Drip,293.61,3.2,10.9
rice,109,42,141,6.6,17.38,1330.73,48.33,46.23,Loamy,0.84,4.95,12.46,North,942,Kharif,Canal,210.38,18.71,9.71
wheat,40,60,122,6.75,23.53,459.27,89.36,49.87,Silt,0.3,8.18,1.72,North,971,Rabi,Canal,257.86,4.11,7.5
cotton,163,18,142,6.62,26.0,2049.28,88.28,18.23,Clay,0.35,5.95,4.03,North,954,Zaid,Rainfed,94.59,14.63,7.95
cotton,152,22,41,6.4,34.34,914.79,74.22,59.06,Clay,0.43,4.27,9.55,South,1760,Zaid,Drip,192.94,21.02,7.37
rice,64,75,79,6.8,22.62,1791.04,79.74,47.2,Sandy,1.35,4.32,17.79,West,1931,Kharif,Canal,313.24,4.98,10.5
rice,62,31,103,8.19,16.21,476.74,45.23,45.53,Clay,1.01,7.42,11.84,South,1162,Zaid,Canal,107.22,18.92,5.44
sugarcane,47,48,147,6.92,10.44,600.56,62.26,34.36,Silt,0.55,10.78,1.06,East,1614,Kharif,Sprinkler,289.3,6.35,75.97
maize,42,34,99,7.36,17.56,314.42,89.91,16.41,Silt,0.64,4.54,14.19,Central,2148,Zaid,Sprinkler,327.42,16.52,8.43
sugarcane,119,94,100,5.45,32.52,844.61,49.39,60.07,Silt,1.13,6.32,6.79,East,1941,Zaid,Sprinkler,326.19,23.35,77.72
wheat,139,88,25,6.6,34.61,626.7,89.17,64.28,Silt,0.71,4.27,17.87,East,1694,Kharif,Canal,340.46,7.68,9.94
sugarcane,30,48,105,4.83,28.02,1034.16,41.3,55.39,Loamy,1.19,8.42,11.31,West,1538,Zaid,Sprinkler,111.24,20.59,73.4
potato,92,57,101,4.91,38.45,810.28,67.21,60.75,Silt,1.31,8.05,16.73,South,1860,Kharif,Drip,329.75,3.26,25.89
maize,63,24,61,5.9,25.67,958.99,76.92,21.05,Sandy,0.7,5.98,1.83,North,1184,Kharif,Drip,264.54,17.48,8.51
rice,132,44,93,6.39,24.38,621.81,65.59,21.43,Silt,0.78,9.32,7.27,East,1994,Zaid,Rainfed,349.75,5.8,10.74
wheat,39,39,60,6.76,34.99,743.99,48.53,58.98,Clay,0.37,4.2,5.89,Central,915,Zaid,Drip,331.25,7.71,8.35
potato,157,71,82,7.82,15.01,1004.97,78.84,17.88,Silt,1.37,4.88,7.37,South,1359,Kharif,Rainfed,255.83,7.84,24.37
maize,36,77,41,7.42,10.45,1390.69,42.1,19.66,Sandy,1.09,4.41,6.18,East,72,Rabi,Canal,324.3,17.86,9.68
maize,85,85,98,5.82,36.45,956.94,55.82,55.84,Clay,1.45,6.37,5.73,East,2116,Zaid,Rainfed,137.25,16.54,9.52
rice,109,61,90,7.33,26.02,768.6,46.78,42.85,Clay,0.55,7.54,9.18,East,81,Kharif,Sprinkler,291.03,4.11,9.13
potato,41,98,133,6.67,32.35,1891.33,59.72,34.59,Clay,1.55,6.03,14.27,South,1912,Kharif,Canal,212.41,21.08,25.48
maize,174,95,53,7.45,28.87,1206.46,53.24,42.67,Loamy,1.22,6.2,11.99,North,219,Zaid,Drip,292.22,7.7,11.05
cotton,77,17,115,6.2,29.92,1808.4,40.75,58.94,Clay,0.56,8.02,7.28,South,82,Zaid,Rainfed,320.75,7.57,7.86
maize,55,60,149,5.11,27.62,1298.75,74.51,52.86,Loamy,0.9,5.69,11.02,Central,908,Rabi,Drip,266.69,4.46,11.53
sugarcane,141,50,128,6.9,31.76,1334.24,40.6,49.58,Silt,1.21,5.94,16.42,South,1617,Zaid,Drip,220.47,4.49,75.53
cotton,151,40,94,6.69,13.4,1240.42,62.74,63.84,Sandy,0.32,10.31,5.57,North,2001,Rabi,Sprinkler,69.66,13.03,6.76
maize,41,24,38,8.04,17.53,2431.35,78.27,41.07,Clay,1.31,9.09,9.51,North,908,Rabi,Rainfed,214.13,9.33,10.01
wheat,178,48,144,5.35,24.37,1259.33,59.0,15.32,Silt,1.53,7.53,16.5,West,1162,Rabi,Sprinkler,114.54,10.33,6.91
rice,71,92,39,7.03,31.49,1803.57,83.21,36.45,Loamy,0.41,8.93,13.43,Central,644,Zaid,Rainfed,311.87,9.76,12.32
cotton,90,22,135,6.41,19.25,1467.05,55.73,19.83,Loamy,1.47,7.09,3.97,North,1170,Zaid,Sprinkler,247.64,17.13,8.37
cotton,87,69,113,6.09,34.22,1781.01,88.24,20.82,Sandy,0.9,10.39,14.49,East,340,Rabi,Drip,131.57,2.07,6.25
cotton,63,24,101,7.5,11.96,789.46,31.49,27.75,Silt,0.97,5.24,14.64,East,701,Kharif,Drip,174.3,7.64,5.01
maize,36,71,115,7.56,33.73,596.97,77.46,34.07,Sandy,1.39,5.2,13.68,Central,74,Kharif,Drip,152.98,23.97,7.2
sugarcane,138,93,123,7.23,30.97,1776.39,72.47,39.08,Sandy,1.07,4.42,11.13,Central,132,Zaid,Drip,327.84,12.03,77.59
maize,64,59,23,5.08,11.96,2757.87,66.66,23.49,Clay,0.76,5.26,3.01,North,1109,Zaid,Canal,332.81,3.26,12.97
cotton,44,64,111,5.97,10.95,944.76,47.77,30.59,Clay,1.25,5.54,8.98,Central,1413,Rabi,Drip,303.38,12.54,8.4
rice,54,78,80,4.96,35.2,303.83,66.64,28.83,Sandy,0.48,10.02,2.47,West,487,Rabi,Canal,156.35,20.94,7.03
cotton,88,16,57,5.97,14.34,2582.13,65.67,33.26,Clay,1.17,7.56,9.82,West,0,Zaid,Rainfed,279.78,9.02,8.78
cotton,108,59,137,7.0,17.6,629.0,38.96,20.4,Silt,1.31,5.44,7.89,North,429,Kharif,Drip,230.09,13.56,7.76
wheat,115,76,75,6.56,36.89,2468.02,82.79,34.87,Loamy,0.74,9.96,1.1,East,1462,Rabi,Rainfed,152.37,22.86,10.61
wheat,163,28,140,7.19,20.29,1585.73,62.08,42.72,Loamy,1.56,4.53,14.22,South,1109,Rabi,Canal,329.53,13.9,10.43
sugarcane,117,88,100,6.67,25.91,747.04,35.34,19.85,Clay,1.13,5.99,12.06,East,93,Zaid,Drip,190.82,16.44,73.1
potato,178,29,125,6.69,10.93,792.21,53.49,41.04,Silt,0.42,10.57,5.09,North,770,Rabi,Canal,132.84,0.54,24.81
wheat,100,28,139,6.54,27.07,1617.94,42.99,52.8,Clay,1.56,10.78,11.91,Central,1927,Rabi,Rainfed,125.17,20.1,9.38
rice,150,45,88,6.04,31.41,2286.64,40.12,15.41,Silt,1.27,6.59,10.25,South,1093,Kharif,Rainfed,247.69,20.76,9.16
sugarcane,122,43,102,6.32,26.95,2326.65,86.78,17.38,Loamy,1.2,9.63,9.64,North,2194,Kharif,Sprinkler,248.4,14.91,73.49
potato,125,41,61,5.18,34.26,895.06,70.49,38.32,Silt,0.63,5.09,7.4,South,1562,Zaid,Canal,333.48,2.28,24.5
maize,61,99,118,7.64,33.3,2077.49,48.1,58.64,Loamy,0.92,10.24,1.74,West,370,Zaid,Drip,93.2,24.37,10.19
cotton,82,23,149,7.82,24.37,1499.0,70.7,64.89,Clay,1.47,9.55,17.76,North,1200,Kharif,Drip,114.94,17.11,7.56
sugarcane,88,34,47,7.41,29.35,1850.94,78.18,19.67,Silt,0.7,8.61,9.67,West,1493,Kharif,Canal,123.0,11.09,72.88
cotton,98,72,136,6.78,18.3,624.16,49.02,15.92,Clay,0.85,9.86,1.93,South,1702,Zaid,Sprinkler,172.68,21.9,7.64
wheat,161,93,89,6.74,20.76,1385.87,89.09,26.44,Sandy,0.63,7.94,1.86,North,307,Rabi,Canal,209.5,10.19,9.14
maize,115,63,126,6.4,28.66,608.13,82.89,38.37,Sandy,0.58,6.33,14.08,West,1081,Zaid,Canal,193.39,16.05,7.78
sugarcane,47,71,142,5.59,29.81,1556.37,77.83,43.59,Clay,0.36,8.65,6.86,North,1150,Kharif,Canal,327.04,5.6,74.76
wheat,110,30,88,6.1,12.56,453.63,72.91,63.67,Loamy,1.26,8.65,8.29,South,924,Rabi,Canal,257.53,22.32,9.57
wheat,143,89,58,8.17,34.58,634.02,32.32,59.42,Silt,0.42,8.06,11.46,South,1576,Zaid,Rainfed,292.96,13.23,9.03
potato,53,22,23,5.3,29.12,1112.81,31.34,43.1,Clay,0.99,9.51,1.04,East,1878,Kharif,Canal,306.42,5.91,25.07
maize,95,81,101,6.65,19.82,1577.9,39.89,33.09,Loamy,0.36,4.37,9.77,West,25,Kharif,Canal,210.4,2.15,10.31
sugarcane,170,33,116,7.75,16.79,586.56,85.02,31.06,Silt,1.58,8.47,12.78,South,1179,Rabi,Sprinkler,239.91,22.47,73.62
cotton,91,81,89,6.34,28.09,2497.62,43.04,43.63,Clay,1.22,8.04,7.68,South,2122,Zaid,Canal,151.98,4.93,10.44
rice,83,50,65,6.86,30.88,1000.81,72.07,51.07,Clay,1.12,5.54,3.76,North,714,Rabi,Canal,281.1,24.75,10.29
rice,172,74,118,7.61,37.85,1759.56,88.79,39.08,Loamy,0.54,4.61,15.48,Central,497,Kharif,Rainfed,250.96,3.57,9.17
maize,160,50,99,6.66,15.55,655.03,86.24,30.22,Silt,0.99,7.29,7.75,Central,716,Rabi,Canal,214.42,11.52,11.14
cotton,66,25,67,7.29,25.09,2146.59,54.02,45.66,Silt,0.95,5.78,17.94,West,655,Zaid,Canal,129.46,13.25,7.13
wheat,66,65,26,5.98,38.66,1649.17,70.87,42.9,Loamy,0.77,9.41,10.1,East,815,Kharif,Canal,315.78,6.16,10.36
potato,160,94,59,7.29,37.29,2635.5,75.56,36.37,Clay,0.5,7.43,3.15,Central,1440,Zaid,Sprinkler,140.51,24.83,26.38
rice,64,69,78,4.94,24.34,2018.04,62.97,52.42,Loamy,0.78,10.73,2.35,Central,754,Rabi,Sprinkler,204.76,14.44,10.58
sugarcane,153,68,55,5.32,26.56,2753.92,61.38,29.11,Loamy,1.09,10.69,4.54,West,1268,Kharif,Rainfed,265.26,14.28,75.14
cotton,47,31,127,6.97,37.5,2331.08,43.41,39.25,Clay,0.93,10.17,16.21,West,1425,Zaid,Canal,112.12,21.85,5.97
wheat,151,76,50,6.33,10.96,1625.09,70.55,62.02,Silt,1.04,8.41,9.37,South,1694,Rabi,Drip,327.18,14.54,10.18
wheat,77,56,63,7.62,39.29,862.58,47.63,51.14,Sandy,1.04,8.19,15.07,South,394,Zaid,Sprinkler,93.94,11.93,4.93
rice,46,38,62,5.96,39.31,1151.03,48.52,34.4,Sandy,0.62,5.53,12.4,North,710,Kharif,Rainfed,277.81,11.91,9.2
rice,164,31,112,7.41,38.33,1238.63,45.94,42.31,Loamy,0.44,9.02,15.59,North,1042,Rabi,Drip,306.49,17.86,8.16
potato,86,62,105,5.27,38.97,2582.88,33.95,35.27,Silt,0.98,10.4,9.8,Central,848,Zaid,Drip,245.93,8.73,25.14
maize,37,98,28,7.96,19.12,943.4,80.62,20.63,Clay,1.46,6.19,14.92,Central,2073,Rabi,Canal,84.97,12.77,6.15
wheat,157,84,30,6.22,11.11,2105.42,81.78,31.75,Silt,1.59,9.9,17.03,West,746,Zaid,Rainfed,77.04,8.08,7.44
sugarcane,146,21,99,5.59,18.53,1770.32,73.43,58.02,Loamy,1.32,6.87,3.46,West,789,Kharif,Drip,274.69,22.34,75.65
cotton,85,28,128,7.48,20.37,729.6,85.66,38.06,Silt,0.59,10.68,17.95,North,865,Kharif,Drip,260.65,5.13,7.05
rice,155,25,137,8.02,20.57,970.74,67.88,44.23,Silt,1.12,6.79,13.57,North,997,Rabi,Sprinkler,340.04,14.4,11.41
wheat,88,26,37,7.92,30.41,1009.89,68.38,24.07,Clay,0.61,9.41,10.77,North,1589,Rabi,Sprinkler,306.61,8.02,6.89
potato,87,19,116,5.61,35.91,747.99,83.26,32.81,Sandy,1.05,9.67,17.87,East,1530,Zaid,Drip,81.02,13.82,20.83
potato,169,19,49,7.08,16.66,2261.22,42.51,61.46,Silt,0.92,8.98,3.83,North,55,Zaid,Rainfed,170.63,13.03,25.84
rice,137,34,134,6.66,23.42,1083.11,56.13,30.71,Silt,0.8,6.68,12.01,South,386,Kharif,Canal,235.24,11.58,11.52
maize,103,68,20,7.27,21.36,1634.43,72.25,27.53,Sandy,1.13,5.09,4.2,Central,217,Zaid,Drip,90.28,11.29,9.29
rice,177,69,116,6.46,32.94,2142.0,46.12,17.79,Silt,1.42,4.7,9.65,East,431,Zaid,Canal,129.28,11.03,9.86
cotton,130,72,132,6.4,19.54,2721.8,43.72,19.86,Silt,0.74,4.66,1.67,North,1972,Zaid,Rainfed,101.71,10.28,8.38
cotton,77,93,98,7.8,11.69,2575.43,83.9,44.24,Silt,0.93,9.39,6.84,South,1493,Kharif,Sprinkler,234.72,3.56,9.76
maize,100,44,48,7.76,20.01,830.27,89.76,48.0,Sandy,0.89,6.67,15.85,North,1541,Rabi,Drip,265.39,23.19,8.86
sugarcane,145,38,85,7.48,20.62,2535.24,53.18,47.08,Loamy,0.62,6.66,13.9,East,1512,Rabi,Sprinkler,112.96,24.43,74.96
potato,151,87,124,7.2,34.67,2415.34,44.2,41.99,Sandy,0.85,5.41,7.75,West,927,Kharif,Drip,309.36,11.57,28.39
maize,107,17,38,7.11,26.44,374.79,54.27,39.55,Sandy,0.33,5.5,3.91,South,1189,Rabi,Sprinkler,143.57,11.11,9.16
rice,58,62,85,4.99,25.71,2511.52,48.23,18.61,Loamy,0.97,6.67,2.05,West,132,Rabi,Rainfed,310.56,10.06,11.29
maize,122,85,131,7.35,27.96,1636.12,79.31,57.03,Clay,1.24,5.48,17.2,North,849,Kharif,Drip,251.23,5.46,11.76
cotton,102,36,79,6.97,26.84,778.94,84.06,40.65,Sandy,0.78,8.44,8.35,Central,802,Rabi,Rainfed,261.48,1.91,6.95
potato,129,28,136,5.83,30.45,2788.31,53.46,21.6,Silt,1.27,9.96,13.25,West,102,Kharif,Rainfed,163.87,0.58,24.88
sugarcane,103,62,87,7.59,37.12,1079.72,65.97,21.79,Clay,1.28,8.75,16.44,Central,1587,Zaid,Rainfed,309.73,14.1,73.13
potato,124,43,112,7.63,36.29,769.14,34.73,40.65,Clay,1.58,6.08,13.52,West,83,Zaid,Rainfed,241.47,17.71,23.92
maize,46,64,69,7.97,24.86,732.52,57.73,27.23,Loamy,1.01,6.26,8.96,East,1679,Zaid,Drip,195.81,2.3,9.02
potato,166,94,108,6.22,35.4,1615.82,30.41,61.1,Clay,0.83,8.31,7.28,South,13,Rabi,Drip,116.49,12.21,27.16
potato,126,24,118,6.67,35.89,736.96,70.27,39.95,Silt,1.13,8.33,15.84,West,1799,Rabi,Rainfed,78.28,4.25,22.93
wheat,38,85,132,7.88,33.69,1599.56,40.56,63.92,Clay,1.11,9.26,6.42,East,635,Rabi,Drip,338.95,3.89,9.55
potato,164,41,126,5.88,11.26,2143.04,82.68,51.71,Silt,1.58,10.55,6.56,Central,2162,Kharif,Drip,341.36,18.37,27.45
potato,173,93,43,7.51,29.86,2671.61,67.8,55.53,Loamy,1.22,5.58,13.87,South,1345,Kharif,Canal,218.35,23.05,25.63
rice,48,42,44,8.17,19.4,1219.0,85.69,34.44,Clay,0.7,6.03,10.96,East,1600,Zaid,Sprinkler,180.77,22.65,6.04
sugarcane,163,23,30,7.02,36.2,2739.76,86.29,21.7,Sandy,0.54,9.04,8.28,North,1870,Rabi,Sprinkler,296.9,7.09,74.88
rice,143,85,113,8.14,18.52,2772.27,40.15,49.48,Loamy,1.33,4.84,8.66,East,1137,Rabi,Sprinkler,178.1,6.47,9.79
sugarcane,168,94,79,6.55,37.56,1770.07,60.79,35.35,Loamy,0.53,5.69,10.92,West,1948,Rabi,Rainfed,185.85,12.69,74.36
rice,154,40,44,5.32,28.45,1056.2,41.73,62.44,Silt,1.12,5.61,8.44,North,903,Zaid,Canal,319.96,24.22,9.16
wheat,90,95,142,5.4,29.35,2432.64,57.19,24.68,Loamy,0.47,5.49,6.38,West,2155,Kharif,Drip,154.06,1.1,9.02
potato,71,22,30,7.29,36.63,433.12,57.01,46.33,Sandy,1.23,8.93,16.4,Central,417,Rabi,Rainfed,136.23,23.32,22.24
sugarcane,42,16,29,4.8,39.56,1401.66,74.14,58.3,Clay,1.32,5.35,9.61,West,1335,Kharif,Drip,333.55,3.75,76.46
rice,169,71,100,7.05,19.27,1884.45,88.57,35.14,Clay,1.59,10.02,4.38,South,2073,Rabi,Sprinkler,84.04,8.65,10.7
cotton,114,66,73,5.31,12.67,2753.29,67.74,62.68,Clay,1.54,7.93,3.8,Central,317,Zaid,Canal,96.74,6.94,9.03
maize,49,72,128,8.15,31.7,2038.48,78.96,18.83,Silt,1.23,7.63,5.89,North,145,Rabi,Drip,199.38,17.23,10.33
cotton,79,17,82,5.35,12.11,877.83,54.22,44.35,Sandy,0.66,6.72,17.77,East,263,Zaid,Rainfed,341.39,18.47,7.19
cotton,121,22,39,6.68,26.02,2433.7,34.37,53.87,Silt,0.36,5.65,16.72,East,998,Rabi,Drip,323.2,19.03,10.26
wheat,117,73,24,7.08,20.36,1944.29,60.88,25.09,Clay,1.02,5.12,2.57,South,106,Zaid,Rainfed,291.18,1.96,10.11
potato,98,16,60,7.59,21.7,2461.15,84.24,17.89,Clay,1.3,5.38,2.43,East,1895,Zaid,Sprinkler,256.69,2.03,26.02
rice,66,76,137,6.36,17.06,2039.68,44.42,18.99,Sandy,0.31,10.56,7.49,South,1919,Kharif,Canal,225.5,22.61,9.5
cotton,169,63,82,7.97,30.98,1169.1,45.77,30.96,Silt,0.98,8.35,9.72,West,937,Kharif,Rainfed,229.41,19.88,6.92
cotton,128,34,51,6.43,27.16,591.45,36.29,26.16,Sandy,1.45,7.4,6.16,West,1631,Kharif,Canal,239.72,22.95,7.6
maize,154,43,46,5.66,38.57,2029.38,89.81,26.19,Clay,1.13,4.18,12.15,East,1097,Zaid,Drip,121.32,17.31,8.2
sugarcane,83,31,87,6.82,20.67,807.92,54.88,37.93,Sandy,1.19,10.62,8.29,East,1083,Kharif,Canal,66.63,1.45,73.13
wheat,159,88,124,7.04,21.83,463.56,47.93,19.25,Sandy,0.92,9.25,10.13,South,114,Zaid,Rainfed,130.27,17.17,8.51
rice,70,36,26,6.53,14.95,1031.86,85.61,64.78,Silt,1.53,5.3,5.77,Central,370,Rabi,Rainfed,292.13,22.59,11.42
potato,74,20,122,7.29,28.35,1092.52,78.67,49.79,Silt,0.79,6.88,2.18,East,557,Zaid,Canal,69.78,8.3,23.42
wheat,132,76,131,6.23,12.85,2781.29,82.62,16.51,Sandy,0.79,8.42,12.77,Central,775,Kharif,Rainfed,281.63,2.69,11.59
wheat,135,45,122,4.81,39.05,1708.64,87.02,49.6,Loamy,0.97,5.23,13.34,North,1368,Kharif,Canal,224.45,2.05,9.37
rice,166,76,36,5.7,37.3,2775.02,81.41,54.59,Loamy,1.06,7.41,9.06,East,1625,Zaid,Sprinkler,236.59,2.78,11.42
sugarcane,157,26,109,8.02,30.99,2231.11,89.14,24.54,Silt,1.0,8.98,15.66,North,1611,Kharif,Drip,99.26,2.34,71.77
cotton,115,26,134,7.39,19.52,1536.16,68.36,57.01,Clay,1.36,5.04,6.21,East,1532,Kharif,Drip,226.38,14.75,8.73
wheat,76,77,105,5.44,20.68,1010.48,44.45,45.59,Clay,1.38,5.75,13.31,North,546,Zaid,Rainfed,76.61,5.87,6.99
rice,34,30,122,5.03,12.61,860.48,40.03,56.04,Silt,0.47,7.45,10.86,North,683,Kharif,Canal,290.69,1.04,8.95
sugarcane,30,39,101,5.99,17.41,885.76,66.14,50.83,Silt,1.08,8.88,8.3,East,535,Kharif,Canal,284.97,22.75,73.27
maize,73,36,145,7.64,20.59,2453.65,51.53,50.23,Sandy,1.58,7.93,4.6,South,952,Zaid,Rainfed,267.49,17.05,12.71
cotton,179,90,57,5.16,23.44,1290.95,37.87,22.91,Clay,1.08,5.48,12.23,North,1167,Kharif,Drip,67.03,21.96,4.25
wheat,67,32,111,6.65,23.93,1427.84,77.84,30.79,Loamy,1.19,9.76,3.72,East,1579,Zaid,Drip,104.97,12.27,8.43
wheat,48,59,82,5.74,36.55,1842.98,50.99,41.16,Silt,1.42,7.65,13.33,West,754,Kharif,Canal,120.8,21.98,8.7
rice,144,94,49,7.27,23.49,440.11,56.71,20.63,Silt,1.43,4.78,4.65,West,167,Kharif,Canal,208.45,17.8,7.75
sugarcane,116,82,83,4.8,38.72,1486.88,66.71,38.92,Clay,0.32,5.59,1.29,North,614,Rabi,Sprinkler,296.25,18.7,75.08
potato,152,26,28,5.74,12.51,339.96,54.12,37.27,Clay,0.61,10.78,6.15,West,1873,Kharif,Canal,110.09,8.63,23.95
sugarcane,111,63,76,7.11,16.33,2162.13,81.98,26.6,Loamy,1.42,8.87,15.69,South,1379,Kharif,Sprinkler,208.69,9.17,72.24
wheat,170,47,126,6.66,21.64,357.12,88.95,24.99,Silt,1.17,6.33,1.49,South,1036,Zaid,Sprinkler,304.42,23.44,8.77
wheat,87,77,114,7.45,36.64,2062.71,53.12,27.37,Loamy,1.12,5.7,2.06,West,757,Kharif,Canal,168.33,12.83,7.19
potato,175,32,94,5.34,13.67,802.05,40.7,45.26,Sandy,1.42,7.25,10.07,West,2169,Kharif,Drip,192.59,24.42,22.22
wheat,96,68,24,6.61,20.65,2331.35,46.69,35.75,Sandy,1.35,5.12,1.07,East,2170,Rabi,Canal,205.88,10.91,11.13
wheat,151,41,114,5.47,13.37,1091.09,70.44,35.7,Silt,1.28,5.63,11.86,South,1813,Rabi,Sprinkler,260.35,22.69,9.93
sugarcane,116,97,23,6.97,33.22,2561.28,34.94,24.09,Sandy,0.36,8.87,11.61,East,252,Kharif,Rainfed,154.2,3.65,74.36
maize,160,92,27,5.25,18.47,2146.64,70.48,54.37,Clay,1.32,9.98,4.76,South,474,Kharif,Sprinkler,184.88,5.19,11.75
potato,84,39,59,5.31,23.03,825.03,61.66,50.02,Clay,0.56,4.43,8.4,South,817,Rabi,Rainfed,276.8,17.49,23.79
potato,118,48,38,5.92,34.52,2511.7,32.72,36.45,Clay,0.33,8.15,14.03,Central,2079,Kharif,Sprinkler,182.48,21.76,24.38
potato,87,74,101,6.17,15.04,351.14,54.64,22.11,Loamy,0.94,8.16,4.43,South,644,Zaid,Sprinkler,252.56,12.39,25.07
sugarcane,92,68,144,6.5,38.41,1851.94,43.83,50.74,Clay,1.53,6.68,11.25,North,781,Kharif,Drip,139.77,16.41,75.02
wheat,120,19,23,6.77,21.82,2403.18,37.81,59.94,Loamy,1.45,9.49,8.46,North,1968,Kharif,Drip,324.59,14.42,11.8
maize,81,50,147,6.39,19.91,623.76,86.45,23.91,Silt,1.58,7.5,7.7,North,513,Rabi,Drip,292.97,6.42,9.22
wheat,155,68,126,4.96,15.72,413.08,47.46,45.13,Silt,0.62,5.0,6.6,West,1047,Kharif,Rainfed,325.55,21.59,8.6
maize,53,50,112,5.97,24.03,2521.95,59.64,36.22,Clay,1.2,8.4,10.26,East,2060,Zaid,Sprinkler,95.86,20.89,9.78
potato,101,83,50,5.01,39.42,1041.03,66.72,19.38,Clay,0.37,8.2,5.27,Central,394,Zaid,Sprinkler,211.28,9.88,22.16
sugarcane,38,53,77,5.2,24.73,1963.06,67.74,51.29,Silt,1.34,10.95,11.82,North,232,Rabi,Sprinkler,87.94,0.4,73.66
rice,139,84,47,5.12,23.56,2393.99,52.88,18.56,Loamy,0.98,5.54,2.94,West,274,Rabi,Drip,67.33,5.95,8.93
sugarcane,123,18,109,5.34,10.23,575.71,46.17,50.11,Loamy,1.6,8.24,15.59,East,1707,Kharif,Sprinkler,305.85,0.22,75.24
maize,146,88,68,7.56,18.63,1243.62,63.89,29.06,Loamy,0.61,8.01,14.0,West,1373,Kharif,Rainfed,141.58,24.34,8.35
sugarcane,112,79,130,6.93,16.84,2117.29,77.68,43.28,Sandy,1.32,6.27,8.07,West,259,Zaid,Canal,249.92,20.14,76.29
sugarcane,109,99,21,6.52,11.17,491.81,83.7,23.02,Sandy,0.52,9.35,4.03,East,626,Zaid,Canal,244.55,19.64,74.42
wheat,178,54,25,7.29,23.38,2170.99,65.49,33.54,Clay,0.67,6.6,7.72,East,1716,Kharif,Canal,314.57,20.34,9.66
maize,129,51,48,8.07,14.07,2501.57,61.73,20.2,Clay,0.68,8.62,12.46,South,2075,Zaid,Drip,185.66,9.17,9.96
rice,69,81,26,6.22,25.09,2287.05,87.95,38.37,Silt,1.05,6.77,7.22,South,970,Rabi,Canal,345.02,2.28,12.41
rice,132,45,53,6.05,23.64,897.69,42.18,25.66,Clay,0.77,9.55,2.4,North,1833,Zaid,Sprinkler,173.05,15.77,9.31
wheat,91,95,131,8.12,16.68,2396.53,31.01,24.4,Silt,0.87,10.99,2.85,North,560,Rabi,Canal,331.82,16.48,12.73
sugarcane,98,91,76,7.42,33.95,2025.26,59.55,20.36,Sandy,0.98,8.82,12.84,South,1807,Kharif,Rainfed,348.26,12.19,77.48
wheat,171,61,46,7.44,37.8,2167.97,33.48,53.27,Clay,0.37,9.47,15.57,East,1561,Zaid,Canal,70.29,24.83,7.72
cotton,138,41,58,6.84,14.02,2168.9,33.55,46.98,Loamy,1.16,4.4,15.1,West,1627,Rabi,Rainfed,199.92,12.43,8.06
potato,33,65,138,6.52,12.92,1424.81,31.98,22.85,Silt,1.14,10.25,13.65,South,1144,Kharif,Sprinkler,124.14,9.93,23.65
rice,101,34,119,6.67,20.34,2552.71,67.1,38.62,Loamy,1.55,9.83,13.92,North,926,Rabi,Sprinkler,199.95,5.43,10.31
rice,46,27,28,7.02,28.31,609.78,67.55,48.04,Sandy,0.47,4.97,17.67,North,655,Kharif,Drip,262.63,8.94,8.75
wheat,143,77,21,6.08,28.96,2696.79,45.34,58.9,Loamy,0.34,8.32,3.65,South,175,Zaid,Sprinkler,70.79,15.04,9.53
cotton,114,58,111,7.46,28.75,316.78,56.99,17.98,Loamy,0.47,10.05,10.27,South,313,Zaid,Drip,292.42,5.95,7.92
sugarcane,86,38,78,7.89,27.27,2220.68,55.13,33.12,Clay,0.85,8.41,5.47,Central,755,Rabi,Drip,104.29,10.1,74.69
sugarcane,136,17,90,6.74,21.57,765.33,59.58,45.8,Loamy,0.58,10.18,4.91,Central,1498,Zaid,Drip,195.43,6.42,74.31
sugarcane,77,24,89,6.1,33.46,461.46,41.97,15.78,Loamy,0.58,8.97,7.96,South,2159,Kharif,Rainfed,198.73,23.35,72.75
cotton,146,79,44,7.17,38.6,1548.21,78.76,27.18,Sandy,1.43,7.08,6.72,West,268,Zaid,Canal,214.42,21.64,7.54
potato,60,63,89,5.42,27.69,1584.42,47.29,52.25,Loamy,0.72,10.7,12.12,Central,1877,Kharif,Rainfed,72.1,3.02,23.31
wheat,141,72,82,8.09,16.58,1971.75,49.6,32.79,Silt,0.84,10.46,8.05,East,548,Zaid,Sprinkler,180.4,22.85,9.7
wheat,76,91,68,7.04,26.85,1786.32,69.04,19.22,Loamy,1.19,4.46,5.85,East,918,Zaid,Canal,104.42,16.99,7.47
maize,163,92,142,5.03,32.67,378.13,88.89,46.33,Silt,0.74,5.12,2.42,West,2130,Zaid,Rainfed,153.28,12.92,10.28
rice,137,16,143,6.6,34.89,810.97,42.26,27.5,Clay,1.02,8.05,5.94,Central,51,Zaid,Canal,80.61,1.46,9.1
cotton,101,80,59,7.35,31.55,2090.02,51.47,50.08,Silt,0.98,8.33,9.23,South,1268,Rabi,Rainfed,207.22,11.84,9.92
maize,100,45,104,5.74,36.71,2656.05,52.46,60.01,Silt,0.64,10.3,11.32,East,651,Rabi,Canal,186.01,14.98,11.73
sugarcane,137,82,106,4.97,38.56,2215.22,61.75,41.39,Clay,1.23,5.08,11.87,West,1290,Rabi,Drip,197.07,20.01,73.85
wheat,82,97,99,6.46,24.76,2764.03,80.1,44.96,Clay,1.38,6.65,4.56,East,284,Kharif,Canal,230.25,0.78,12.34
cotton,171,51,23,7.63,26.23,610.72,73.53,40.72,Sandy,1.32,10.84,7.95,South,846,Kharif,Rainfed,103.48,12.21,5.39
sugarcane,45,87,53,5.66,20.13,2696.14,42.32,55.87,Silt,0.81,10.02,7.85,West,124,Rabi,Canal,349.59,16.66,78.1
cotton,145,38,24,7.24,29.77,1235.04,72.76,27.09,Clay,1.51,10.36,1.25,Central,1600,Rabi,Canal,290.21,15.43,8.58
potato,102,91,122,6.19,27.87,1701.01,37.56,35.08,Loamy,1.47,4.22,16.03,Central,934,Rabi,Rainfed,166.77,9.67,24.64
maize,103,58,53,5.0,15.36,2741.09,41.51,59.75,Sandy,0.65,5.54,12.46,Central,556,Zaid,Rainfed,267.03,16.85,12.6
sugarcane,110,97,25,5.83,30.83,1418.87,53.63,51.18,Loamy,0.46,7.24,12.26,South,1453,Rabi,Rainfed,165.92,21.29,74.5
rice,41,55,48,5.87,34.15,1086.72,50.69,31.0,Loamy,1.46,10.12,10.83,East,824,Rabi,Drip,329.59,1.05,8.13
sugarcane,157,88,72,7.88,15.43,2276.88,82.19,56.63,Clay,1.27,7.12,8.83,East,166,Rabi,Sprinkler,334.88,3.61,78.21
maize,99,65,20,8.14,14.93,2061.84,89.82,26.94,Sandy,0.7,5.12,4.82,West,17,Rabi,Canal,349.29,20.95,11.12
maize,176,56,78,5.51,29.17,354.6,42.19,46.71,Sandy,0.7,8.29,7.67,South,803,Kharif,Sprinkler,132.17,8.23,8.91
rice,70,92,26,6.26,13.49,1512.86,69.45,62.82,Clay,0.72,10.26,4.0,West,109,Kharif,Canal,97.75,9.6,8.39
sugarcane,88,54,97,8.12,34.29,2607.96,64.95,43.74,Silt,1.42,4.48,14.86,South,412,Kharif,Rainfed,142.87,17.24,73.57
cotton,118,62,70,6.18,29.29,1667.76,76.16,54.97,Sandy,0.61,7.47,4.59,North,1891,Zaid,Rainfed,132.9,24.77,8.07
rice,53,98,46,5.99,10.97,1833.64,71.98,51.77,Loamy,1.15,10.86,5.71,North,1594,Kharif,Rainfed,202.88,18.3,11.36
wheat,173,18,82,5.17,33.11,1519.55,46.53,58.29,Silt,1.38,4.53,1.22,North,661,Kharif,Drip,70.61,9.01,6.71
maize,109,74,80,7.36,25.3,1764.93,80.45,63.44,Sandy,0.8,6.82,7.37,South,893,Rabi,Sprinkler,216.21,10.77,10.05
rice,163,53,80,6.32,24.88,1039.39,58.73,16.12,Loamy,0.38,5.53,13.07,Central,1169,Zaid,Drip,102.58,16.4,8.57
rice,161,19,145,6.97,19.36,808.13,85.98,16.39,Sandy,1.29,4.82,4.03,South,785,Rabi,Sprinkler,118.06,12.59,8.63
cotton,121,20,64,6.53,18.5,1280.44,63.62,44.72,Sandy,0.33,9.07,9.69,North,2110,Zaid,Drip,69.78,11.7,4.74
maize,121,28,148,5.39,25.01,880.75,47.45,62.71,Clay,1.38,4.45,16.96,West,822,Rabi,Rainfed,271.21,12.99,11.47
maize,110,84,114,5.4,10.09,2576.6,83.77,39.28,Clay,0.77,10.4,8.45,West,1921,Kharif,Drip,99.46,17.06,8.17
cotton,171,92,110,8.0,33.85,671.5,79.58,56.99,Silt,1.34,10.65,14.51,East,1292,Zaid,Drip,230.39,10.07,6.24
potato,100,26,63,7.82,33.52,900.07,86.82,53.4,Sandy,1.01,8.07,14.57,South,1294,Kharif,Canal,316.03,4.23,25.42
maize,94,76,81,6.88,32.07,2273.37,83.61,39.91,Silt,0.77,8.34,12.09,North,307,Rabi,Sprinkler,141.83,14.65,10.59
maize,81,41,80,4.8,28.08,555.06,44.71,40.66,Loamy,1.47,10.36,7.22,East,1140,Rabi,Canal,72.42,8.92,7.66
maize,59,68,98,6.27,18.87,2292.13,78.92,36.8,Clay,1.3,8.0,13.91,South,919,Kharif,Drip,197.59,12.32,11.03
rice,128,26,108,6.6,29.74,1745.71,65.65,27.61,Clay,0.4,5.46,16.98,Central,1474,Zaid,Rainfed,172.88,24.54,9.23
sugarcane,127,22,131,6.33,13.87,1451.38,54.2,57.94,Silt,1.51,6.51,5.63,Central,618,Rabi,Drip,193.85,5.6,76.25
sugarcane,71,88,130,7.95,17.9,2476.48,30.46,25.48,Silt,0.91,7.42,9.53,West,679,Kharif,Sprinkler,73.09,14.75,74.32
maize,168,30,69,4.94,11.36,1296.72,71.86,60.35,Clay,0.49,8.94,11.21,South,1146,Kharif,Rainfed,168.3,20.44,9.5
sugarcane,56,66,60,7.03,35.78,983.69,81.23,32.99,Silt,1.3,7.26,11.1,West,1764,Rabi,Canal,75.93,9.61,73.85
sugarcane,101,40,52,5.87,34.85,1657.54,66.25,16.32,Sandy,0.97,10.63,8.08,South,1544,Kharif,Rainfed,327.84,16.2,75.85
rice,47,22,31,6.7,23.53,1694.41,48.64,23.42,Loamy,1.17,8.18,10.24,South,1038,Rabi,Drip,201.16,7.68,8.22
sugarcane,106,59,21,7.03,23.13,607.1,33.46,59.39,Silt,1.2,7.79,1.95,Central,702,Kharif,Drip,335.27,5.15,75.38
potato,74,98,126,6.3,37.78,2263.3,69.54,21.42,Loamy,0.56,9.43,2.1,North,166,Kharif,Rainfed,92.36,11.06,24.81
cotton,144,95,53,5.3,30.25,1235.51,54.22,51.94,Sandy,1.56,5.44,16.84,Central,542,Kharif,Sprinkler,167.44,19.28,7.1
cotton,116,33,104,6.56,31.28,615.19,59.81,24.14,Loamy,0.44,7.55,10.37,Central,1936,Kharif,Rainfed,197.46,14.01,7.88
cotton,169,31,104,7.97,20.78,548.58,63.86,39.95,Clay,1.09,4.12,4.32,North,1113,Rabi,Drip,347.09,20.91,6.86
sugarcane,121,79,69,6.62,18.75,1712.96,76.11,25.26,Loamy,0.49,7.09,5.5,South,1911,Zaid,Canal,97.58,7.34,75.24
cotton,51,43,125,5.22,13.43,1234.52,62.21,31.66,Silt,1.44,5.07,12.97,East,933,Rabi,Drip,274.26,20.6,6.68
maize,121,28,65,7.6,12.18,1093.35,61.56,21.24,Silt,0.53,9.59,12.76,East,431,Rabi,Canal,335.29,23.41,10.24
cotton,106,31,137,5.55,37.17,1449.83,58.88,42.8,Clay,0.87,6.64,12.19,Central,1246,Kharif,Drip,213.5,9.45,6.01
rice,54,27,24,6.06,37.19,2280.79,55.66,33.29,Clay,0.41,7.28,5.25,Central,2062,Zaid,Drip,333.79,23.15,10.92
maize,137,77,85,6.26,16.81,726.27,67.38,33.27,Sandy,0.88,4.22,15.17,West,1964,Kharif,Canal,127.42,22.05,6.13
potato,164,47,89,5.95,11.12,596.72,31.46,16.93,Clay,0.31,4.23,2.1,North,63,Rabi,Rainfed,143.46,1.97,23.45
sugarcane,138,43,127,6.18,20.39,2477.3,73.39,21.81,Loamy,0.88,5.83,8.17,East,329,Rabi,Rainfed,71.16,17.41,76.57
rice,163,51,21,7.5,38.56,2328.47,48.88,50.38,Loamy,1.19,8.9,13.98,West,1284,Rabi,Sprinkler,236.58,20.26,9.96
sugarcane,53,97,48,5.56,19.15,708.86,52.36,29.62,Loamy,0.54,9.28,5.05,Central,975,Zaid,Drip,226.17,9.48,74.16
wheat,48,60,80,6.4,35.96,1696.42,66.85,37.1,Loamy,1.02,10.95,5.09,South,2156,Kharif,Rainfed,249.9,8.67,10.39
potato,112,38,119,4.87,34.49,1659.29,44.84,53.15,Loamy,0.92,9.48,1.02,West,687,Zaid,Drip,313.85,21.83,26.0
maize,144,28,147,6.53,38.33,2235.37,69.53,37.24,Clay,0.74,8.52,9.4,South,1774,Kharif,Rainfed,227.87,10.99,9.93
maize,38,19,116,5.18,24.9,1123.02,37.66,26.28,Sandy,1.17,8.91,16.62,West,1002,Rabi,Sprinkler,109.24,16.95,6.6
cotton,141,67,116,5.76,37.66,460.32,68.97,42.49,Sandy,1.59,6.81,9.72,West,1858,Kharif,Sprinkler,68.58,11.92,4.02
sugarcane,131,44,33,5.9,32.25,767.22,73.03,55.06,Silt,1.52,10.75,16.87,East,1706,Rabi,Drip,76.75,8.05,71.6
cotton,77,74,62,5.08,36.04,829.91,71.97,44.98,Loamy,1.56,8.32,4.66,Central,753,Kharif,Sprinkler,242.18,20.68,7.59
maize,98,87,89,6.03,32.0,1462.73,76.45,36.01,Clay,0.33,4.13,7.71,North,1946,Kharif,Canal,263.97,12.23,10.28
potato,148,42,74,6.49,23.84,1558.79,61.01,21.28,Silt,0.63,6.44,17.86,East,766,Zaid,Sprinkler,146.82,6.55,24.09
wheat,74,40,50,6.27,37.57,812.97,81.89,27.44,Sandy,1.5,4.99,14.59,North,540,Zaid,Canal,286.35,24.24,7.56
rice,154,32,95,5.75,34.02,1096.95,44.01,62.31,Loamy,0.36,5.65,10.79,East,1197,Zaid,Drip,155.15,3.7,8.64
wheat,43,50,71,5.8,29.23,2260.38,53.0,53.59,Clay,0.77,7.96,2.48,South,603,Zaid,Canal,249.93,3.25,10.33
cotton,163,22,147,6.95,24.49,408.34,87.39,19.38,Sandy,1.15,7.08,3.22,North,413,Rabi,Sprinkler,323.04,22.54,7.87
sugarcane,164,32,26,7.24,12.84,2158.27,77.34,15.28,Clay,1.58,7.16,8.48,South,1621,Rabi,Drip,116.84,22.57,73.65
sugarcane,66,98,119,6.76,34.46,2744.43,74.56,23.77,Loamy,0.66,7.02,14.85,South,409,Zaid,Sprinkler,302.69,19.04,76.45
maize,82,72,80,8.12,22.49,2203.81,72.67,62.19,Clay,1.29,5.4,13.6,South,1990,Zaid,Sprinkler,62.63,3.77,9.58
rice,47,46,123,8.01,20.78,2629.7,36.63,44.0,Sandy,1.16,4.75,15.53,West,172,Zaid,Rainfed,287.01,18.79,10.33
potato,67,63,26,5.13,16.92,958.12,87.04,56.93,Sandy,1.1,7.04,7.89,East,2134,Zaid,Rainfed,132.4,4.28,23.02
wheat,158,62,102,5.69,26.25,1594.45,47.55,38.26,Silt,1.27,5.88,10.82,East,629,Rabi,Rainfed,62.54,1.49,5.96
potato,73,96,114,7.75,34.9,1336.57,38.66,56.33,Clay,0.63,6.16,6.24,West,693,Kharif,Drip,63.41,7.95,22.4
rice,76,85,46,4.9,18.69,982.8,31.12,16.7,Silt,0.74,4.74,10.15,South,1933,Rabi,Drip,190.4,17.75,5.54
maize,64,79,143,6.81,37.62,401.46,53.21,36.34,Sandy,1.03,9.44,11.48,West,360,Rabi,Drip,92.15,8.18,7.64
wheat,89,47,106,8.05,21.91,2198.38,70.36,33.88,Silt,0.87,4.43,9.77,East,538,Zaid,Sprinkler,205.42,17.91,6.49
potato,119,64,89,7.11,39.08,2111.31,53.51,64.08,Silt,1.24,8.92,4.37,Central,122,Kharif,Canal,296.1,23.4,27.16
potato,81,18,133,5.11,30.3,1714.92,78.52,30.02,Clay,1.34,8.42,6.77,North,1986,Rabi,Sprinkler,241.57,14.58,24.43
rice,37,98,95,7.34,21.02,2734.83,40.89,35.85,Clay,0.99,4.32,11.7,Central,1663,Zaid,Canal,285.96,0.91,10.23
sugarcane,136,50,133,6.08,39.51,2467.86,40.18,52.94,Silt,0.81,9.8,10.76,South,231,Rabi,Rainfed,213.04,1.05,76.82
maize,160,42,22,7.93,27.83,1706.62,45.98,59.04,Loamy,1.49,8.02,8.62,Central,1165,Kharif,Canal,250.98,4.0,12.06
sugarcane,171,17,118,5.77,33.06,2601.39,33.26,58.92,Loamy,1.27,9.04,2.06,West,1171,Rabi,Sprinkler,240.48,16.77,77.28
rice,125,20,143,6.41,23.55,1699.11,80.34,34.73,Clay,1.18,8.1,8.71,West,2001,Zaid,Canal,109.15,7.72,10.44
sugarcane,55,59,64,7.34,13.58,2393.88,38.1,62.43,Sandy,0.37,5.7,10.63,North,661,Zaid,Canal,174.17,9.28,76.19
maize,140,37,145,5.68,38.92,1553.46,52.8,47.68,Loamy,0.99,6.13,4.72,South,2175,Kharif,Canal,261.62,8.82,10.87
rice,152,21,87,5.42,19.65,2315.99,57.78,57.56,Sandy,0.46,10.98,1.24,East,1718,Zaid,Rainfed,263.88,9.14,12.15
sugarcane,80,75,50,4.81,37.54,1417.39,44.09,61.31,Clay,1.16,9.65,9.71,North,313,Kharif,Rainfed,117.3,15.45,74.59
potato,152,79,125,6.46,37.23,1728.87,83.07,26.68,Sandy,0.69,9.87,7.45,South,779,Kharif,Rainfed,222.58,14.59,27.63
wheat,34,20,57,7.96,12.85,789.76,74.15,39.96,Silt,1.26,5.81,12.73,East,1977,Zaid,Canal,87.45,21.7,4.82
cotton,106,38,27,5.76,13.44,1845.69,31.69,44.39,Sandy,1.31,9.47,3.14,North,2043,Zaid,Rainfed,279.94,24.68,9.83
maize,30,51,47,4.95,28.36,2294.87,56.32,55.12,Clay,0.69,6.4,10.21,West,1263,Rabi,Canal,270.03,21.01,11.18
potato,40,59,34,6.91,11.08,2394.09,38.27,35.06,Loamy,1.57,6.31,16.29,Central,1980,Rabi,Canal,283.52,19.32,26.8
sugarcane,37,65,27,4.99,22.63,2222.5,68.34,25.52,Silt,0.97,6.2,16.73,Central,536,Rabi,Canal,96.46,9.27,72.73
potato,61,59,73,6.52,25.83,327.77,59.6,52.16,Loamy,0.58,4.76,15.95,North,964,Rabi,Drip,151.88,22.87,24.79
cotton,57,77,48,6.1,15.9,2631.35,78.51,44.62,Sandy,1.31,4.73,14.63,South,474,Kharif,Canal,150.66,9.12,6.94
rice,160,43,134,6.42,33.11,445.88,71.05,59.91,Clay,1.29,8.85,16.95,South,932,Zaid,Drip,108.84,1.59,9.49
rice,157,39,53,5.35,22.95,2073.1,79.11,47.75,Clay,0.84,7.55,17.47,East,75,Kharif,Canal,72.0,12.7,5.93
maize,91,24,26,5.11,22.69,2355.24,82.58,15.84,Loamy,1.16,9.67,5.84,North,277,Kharif,Drip,257.92,6.59,10.84
potato,56,49,59,7.35,17.03,2217.7,40.84,63.33,Silt,0.33,9.49,9.29,North,202,Zaid,Sprinkler,232.39,12.12,25.98
wheat,74,69,93,5.64,36.63,2229.79,65.01,44.66,Clay,0.68,6.4,13.06,South,1379,Rabi,Sprinkler,171.56,17.02,8.8
wheat,134,39,81,7.52,10.34,859.11,39.55,44.79,Clay,1.45,4.94,9.64,Central,1343,Rabi,Sprinkler,165.23,21.56,8.48
rice,121,59,105,7.38,10.21,517.12,44.6,60.46,Sandy,0.6,5.95,16.43,North,1272,Kharif,Canal,145.51,6.27,10.04
sugarcane,54,26,135,5.47,39.86,1483.56,43.65,48.19,Silt,1.48,7.82,17.57,North,1779,Kharif,Drip,93.34,23.02,71.08
maize,73,18,84,7.89,10.63,1879.24,51.19,38.97,Silt,1.05,9.61,9.43,West,619,Rabi,Drip,147.34,24.81,8.56
cotton,171,81,60,5.35,14.65,2360.97,77.27,20.36,Sandy,1.47,7.12,6.62,East,1018,Rabi,Canal,226.65,5.03,9.72
maize,165,31,142,7.51,36.49,1181.23,49.04,63.11,Loamy,0.47,8.16,7.92,East,138,Kharif,Canal,64.84,8.68,9.27
sugarcane,171,87,135,6.23,28.47,2359.85,74.71,18.92,Loamy,0.9,7.87,12.54,West,1039,Kharif,Rainfed,104.74,17.89,74.46
cotton,109,79,85,5.42,28.75,1553.92,30.05,23.51,Sandy,0.69,5.51,13.35,South,922,Zaid,Drip,195.53,9.25,6.18
sugarcane,111,96,135,7.99,24.27,2265.39,64.72,55.98,Clay,1.45,7.07,7.43,South,1691,Kharif,Drip,115.59,5.52,76.07
wheat,164,67,120,8.08,14.52,867.34,46.87,39.52,Clay,0.74,8.65,15.39,East,1986,Rabi,Rainfed,113.01,10.09,8.62
sugarcane,117,98,69,6.54,21.01,2212.57,74.51,23.91,Sandy,1.07,4.35,3.14,North,1195,Rabi,Canal,161.82,17.61,76.24
sugarcane,156,71,90,6.4,31.54,831.84,89.47,29.31,Sandy,1.38,8.21,1.4,North,1477,Zaid,Drip,168.89,0.42,74.74
rice,84,42,99,7.86,24.56,502.5,61.94,64.7,Sandy,0.6,10.3,17.66,South,334,Zaid,Rainfed,133.9,16.73,7.51
sugarcane,170,30,98,6.83,31.89,2264.78,61.98,44.2,Sandy,0.36,10.4,16.65,South,1780,Rabi,Sprinkler,98.51,22.52,73.49
rice,85,35,39,5.7,10.22,2253.15,88.46,35.08,Clay,0.94,9.96,6.2,West,1808,Zaid,Drip,210.79,24.69,11.23
rice,44,91,142,6.25,29.67,575.48,51.55,58.81,Silt,1.19,5.54,17.25,Central,2087,Kharif,Rainfed,224.19,6.35,9.15
cotton,87,56,56,7.64,27.79,1364.08,53.78,38.98,Clay,1.24,10.01,6.32,East,586,Zaid,Drip,158.16,18.63,5.83
potato,117,68,22,7.72,39.23,377.61,71.8,30.4,Loamy,0.84,4.78,9.02,West,1700,Kharif,Sprinkler,310.84,4.18,23.09
potato,126,46,112,7.99,37.21,2104.97,59.59,23.21,Sandy,0.4,6.26,9.98,East,749,Rabi,Drip,308.5,5.82,26.94
potato,173,52,120,5.78,28.01,2247.33,76.13,52.22,Loamy,0.82,6.78,11.86,Central,1351,Rabi,Drip,343.62,16.5,28.68
potato,37,84,51,7.11,27.29,1977.88,54.68,44.81,Clay,0.46,5.44,9.94,Central,1744,Zaid,Canal,214.75,20.46,24.08
cotton,69,52,67,5.03,12.78,1616.83,71.33,19.62,Loamy,0.39,10.12,16.49,West,1088,Zaid,Sprinkler,253.57,2.35,5.98
maize,43,68,65,7.27,38.23,640.09,76.21,44.58,Clay,0.69,9.15,10.52,North,896,Zaid,Canal,343.38,9.61,10.63
rice,82,74,133,6.71,31.21,2768.62,68.57,22.97,Clay,1.31,9.0,1.51,South,934,Rabi,Sprinkler,313.29,21.66,14.2
wheat,156,91,114,5.65,25.07,940.39,42.13,64.09,Loamy,1.3,10.49,4.0,South,1309,Rabi,Drip,289.3,18.84,10.47
sugarcane,109,91,66,7.03,35.72,2396.48,60.97,27.99,Loamy,1.09,9.33,17.29,Central,211,Rabi,Canal,305.06,1.29,74.56
rice,144,61,59,5.26,31.92,490.97,87.99,49.8,Silt,1.37,6.99,1.76,North,426,Kharif,Canal,237.99,10.18,8.07
sugarcane,163,26,135,5.93,26.91,777.21,36.25,47.8,Sandy,0.95,4.93,13.85,North,761,Kharif,Rainfed,316.05,10.09,75.66
cotton,84,67,110,6.16,26.17,2018.34,72.31,49.57,Silt,0.62,9.8,17.6,Central,2027,Zaid,Sprinkler,313.71,16.4,10.24
cotton,73,47,77,7.44,37.79,404.9,77.29,36.5,Silt,1.04,9.0,1.51,South,244,Rabi,Sprinkler,232.29,2.29,7.25
cotton,47,42,29,5.85,33.97,317.9,70.5,18.72,Clay,1.5,8.24,15.62,East,491,Rabi,Sprinkler,160.72,9.08,4.98
sugarcane,45,17,80,4.97,22.09,1838.96,36.76,64.0,Sandy,0.35,9.22,12.97,Central,30,Zaid,Canal,203.69,22.64,74.64
potato,41,96,130,5.41,28.86,1984.78,34.49,24.58,Sandy,1.55,9.28,1.56,North,982,Kharif,Canal,60.95,2.0,24.15
sugarcane,177,40,140,6.87,15.89,2072.96,60.4,53.49,Clay,1.27,9.2,11.18,West,1732,Rabi,Sprinkler,340.83,3.11,78.4
sugarcane,74,68,80,4.85,38.0,2459.86,49.26,21.88,Loamy,1.19,7.18,16.57,Central,1203,Kharif,Sprinkler,156.39,14.94,72.5
sugarcane,122,54,25,7.49,30.86,1092.49,53.43,29.06,Sandy,1.1,7.74,8.57,South,1846,Rabi,Drip,211.62,9.12,73.83
cotton,51,80,94,7.86,38.8,516.76,46.37,42.99,Sandy,0.64,9.62,13.64,Central,302,Rabi,Sprinkler,302.48,0.38,6.09
maize,126,82,134,6.48,18.76,1294.26,79.18,35.67,Silt,1.45,10.5,6.54,West,2064,Zaid,Canal,109.63,6.14,10.39
rice,76,61,50,7.21,19.46,935.77,81.0,62.91,Clay,1.56,7.61,7.69,South,2094,Kharif,Sprinkler,322.59,14.03,10.99
potato,58,16,142,6.37,34.96,2695.8,30.98,57.38,Silt,1.5,8.85,12.71,East,2166,Zaid,Canal,109.2,20.75,25.89
rice,74,56,86,5.85,17.85,802.06,78.8,61.09,Loamy,0.44,7.55,1.52,North,1079,Rabi,Canal,91.94,16.19,7.79
sugarcane,106,48,32,5.36,20.73,2049.73,70.4,47.03,Silt,1.26,6.92,13.46,North,46,Kharif,Sprinkler,266.66,0.14,75.36
sugarcane,38,35,78,6.56,36.53,2605.85,57.26,25.95,Loamy,1.02,9.47,5.47,North,1097,Rabi,Drip,176.97,5.34,75.8
sugarcane,53,58,73,7.96,25.53,1973.54,34.97,40.92,Sandy,1.32,5.03,15.42,Central,55,Zaid,Drip,163.83,3.6,73.31
maize,44,16,123,7.83,19.01,465.99,70.12,53.28,Clay,0.76,7.11,10.51,North,762,Zaid,Rainfed,191.45,11.44,10.18
cotton,42,73,40,7.93,22.28,2615.31,45.8,18.24,Silt,1.54,8.12,5.9,East,135,Zaid,Drip,183.61,7.71,6.01
cotton,120,30,62,8.09,31.36,670.23,62.98,58.16,Silt,0.71,8.96,12.6,Central,1827,Kharif,Rainfed,79.26,13.91,3.23
potato,130,34,30,5.36,14.76,799.45,43.31,46.57,Sandy,1.26,10.19,16.55,East,928,Kharif,Rainfed,71.81,4.91,21.42
cotton,100,40,128,5.3,38.86,2122.04,82.67,51.18,Loamy,0.95,5.13,9.8,South,1566,Rabi,Canal,181.23,17.48,6.89
maize,151,30,86,6.25,24.79,1531.65,50.95,49.71,Sandy,1.1,6.9,15.66,East,459,Rabi,Sprinkler,87.1,10.43,8.69
sugarcane,105,84,114,7.14,32.95,2245.03,71.2,57.39,Clay,0.45,5.59,16.91,North,1716,Zaid,Canal,127.34,8.92,73.99
sugarcane,145,37,125,6.29,31.06,711.11,59.61,19.38,Silt,1.09,7.84,7.38,West,855,Zaid,Sprinkler,307.57,17.16,75.02
wheat,90,56,70,7.83,30.42,2441.65,84.86,33.85,Sandy,1.03,5.43,15.1,East,2035,Kharif,Sprinkler,135.07,17.42,9.17
potato,155,51,65,7.24,22.6,1060.45,43.67,40.13,Loamy,1.23,5.68,14.22,Central,1517,Zaid,Sprinkler,327.48,2.49,26.53
potato,30,86,62,6.96,11.27,1603.37,87.32,42.33,Silt,0.67,4.85,10.46,East,1202,Zaid,Canal,188.07,22.04,24.1
rice,97,20,46,5.04,32.24,583.87,75.14,62.13,Clay,1.38,7.95,1.94,East,1162,Zaid,Drip,229.64,16.73,8.56
potato,117,51,104,5.4,38.61,1177.68,72.06,17.12,Silt,1.53,9.61,14.66,East,1954,Kharif,Rainfed,125.74,8.41,23.31
potato,50,36,113,6.26,25.15,1201.07,80.44,58.32,Clay,1.45,4.88,1.9,East,1987,Kharif,Sprinkler,65.48,12.37,23.58
cotton,164,20,146,8.12,38.61,2717.13,69.1,42.6,Clay,0.81,9.55,17.44,West,934,Kharif,Drip,189.96,4.64,7.58
rice,32,46,29,5.94,26.05,2377.55,36.61,42.73,Clay,1.29,10.76,8.76,West,1859,Kharif,Drip,243.93,3.91,9.15
sugarcane,80,31,79,6.94,15.02,444.49,71.91,31.02,Silt,0.77,7.35,1.46,Central,1652,Rabi,Sprinkler,115.95,22.46,72.82
rice,108,52,46,8.16,17.18,1014.13,56.26,47.18,Clay,1.42,7.74,4.92,North,3,Kharif,Drip,325.93,14.3,10.23
maize,124,31,142,5.7,35.94,816.81,63.21,47.32,Silt,0.79,9.33,4.9,West,519,Kharif,Sprinkler,114.63,16.64,8.02
maize,152,51,81,5.37,28.65,1097.26,54.5,24.46,Sandy,0.54,9.26,15.68,South,1710,Zaid,Sprinkler,277.54,20.7,11.38
cotton,35,37,65,6.66,22.43,332.79,40.27,48.85,Clay,0.94,4.76,2.26,East,59,Kharif,Rainfed,228.42,20.03,7.01
wheat,46,63,145,6.68,33.98,2255.27,59.09,28.34,Loamy,0.48,9.8,3.93,East,392,Kharif,Sprinkler,77.05,2.83,6.89
sugarcane,146,75,82,7.93,29.25,645.97,33.77,49.44,Silt,1.06,4.77,7.24,Central,623,Zaid,Canal,191.65,19.36,74.9
cotton,89,63,23,4.89,36.17,806.81,33.22,45.6,Clay,1.05,7.96,4.01,West,875,Zaid,Rainfed,98.43,8.47,4.35
rice,179,75,35,6.19,39.13,1940.2,61.99,50.8,Loamy,0.94,7.52,4.26,South,1731,Zaid,Canal,163.47,11.29,9.59
wheat,154,91,93,5.86,29.54,1876.08,40.82,15.98,Silt,1.08,9.79,4.62,East,1189,Rabi,Drip,208.91,0.54,9.16
potato,110,46,131,6.74,39.12,2365.37,67.42,21.27,Loamy,1.57,4.95,3.42,North,1299,Zaid,Sprinkler,159.19,11.93,24.04
rice,114,77,120,4.83,24.11,642.71,41.46,57.01,Loamy,0.8,8.51,11.52,South,349,Zaid,Sprinkler,134.88,7.45,7.54
wheat,80,21,64,7.22,35.2,850.2,78.31,34.04,Loamy,0.85,10.26,2.2,East,1630,Rabi,Rainfed,191.11,12.02,8.87
sugarcane,168,36,36,6.45,37.19,2490.54,38.78,56.84,Loamy,0.66,7.87,7.06,East,1665,Zaid,Canal,238.87,21.86,77.29
sugarcane,100,99,24,7.18,11.36,1965.34,56.64,18.13,Sandy,0.54,10.06,12.42,Central,591,Zaid,Drip,312.73,18.79,73.57
sugarcane,68,20,63,6.32,35.95,497.37,57.94,53.47,Loamy,0.68,10.18,6.28,North,1900,Kharif,Rainfed,227.5,10.58,74.22
rice,98,75,40,6.41,22.26,534.96,67.21,19.19,Loamy,0.58,5.77,6.84,Central,741,Zaid,Canal,132.92,7.37,7.47
